sTime,eTime,Change,Value,Mean_last_16,real_label
2023-03-24T14:00:00Z,2023-03-24T14:00:00Z,None,2.999803907339876,None,0
2023-03-24T14:00:55Z,2023-03-24T14:01:00Z,None,2.9962971808693415,None,0
2023-03-24T14:00:55Z,2023-03-24T14:01:00Z,None,2.9866427870178307,None,0
2023-03-24T14:00:55Z,2023-03-24T14:01:00Z,None,2.9755331128035536,None,0
2023-03-24T14:00:55Z,2023-03-24T14:01:00Z,None,2.9764408004325906,None,0
2023-03-24T14:00:55Z,2023-03-24T14:01:00Z,None,3.0025471715149035,None,0
2023-03-24T14:00:55Z,2023-03-24T14:01:00Z,None,2.992184973842142,None,0
2023-03-24T14:00:55Z,2023-03-24T14:01:00Z,None,2.989700887549902,None,0
2023-03-24T14:00:55Z,2023-03-24T14:01:00Z,None,2.9773792952356306,None,0
2023-03-24T14:00:55Z,2023-03-24T14:01:00Z,None,2.989492694985181,None,0
2023-03-24T14:00:55Z,2023-03-24T14:01:00Z,None,3.0043602691918214,None,0
2023-03-24T14:00:55Z,2023-03-24T14:01:00Z,None,2.964932790467675,None,0
2023-03-24T14:00:55Z,2023-03-24T14:01:00Z,None,2.990885372230592,None,0
2023-03-24T14:01:55Z,2023-03-24T14:02:00Z,None,2.9889638445968094,None,0
2023-03-24T14:01:55Z,2023-03-24T14:02:00Z,None,3.0007755990084926,None,0
2023-03-24T14:01:55Z,2023-03-24T14:02:00Z,None,3.0116601858756393,None,0
2023-03-24T14:01:55Z,2023-03-24T14:02:00Z,0.0645297466061292,3.053592459078552,2.989062712472423,0
2023-03-24T14:01:55Z,2023-03-24T14:02:00Z,0.1741181702648289,3.1639713013063027,2.9898531310414738,0
2023-03-24T14:01:55Z,2023-03-24T14:02:00Z,0.31424410605987685,3.3079169223152975,2.9936728162554207,0
2023-03-24T14:01:55Z,2023-03-24T14:02:00Z,0.49183824263760867,3.4973329598455947,3.005494717207986,0
2023-03-24T14:01:55Z,2023-03-24T14:02:00Z,0.6906794291713014,3.718333067013404,3.0276536378421026,0
2023-03-24T14:01:55Z,2023-03-24T14:02:00Z,0.8671847709242964,3.9295645527272653,3.062379781802969,0
2023-03-24T14:01:55Z,2023-03-24T14:02:00Z,1.061470634009146,4.171569475512015,3.1100988415028694,0
2023-03-24T14:01:55Z,2023-03-24T14:02:00Z,1.2914687200523693,4.4640595334809134,3.172590813428544,0
2023-03-24T14:01:55Z,2023-03-24T14:02:00Z,1.4379898472863997,4.689371899912418,3.251382052626018,0
2023-03-24T14:02:55Z,2023-03-24T14:03:00Z,1.6025600701140341,4.953054138623071,3.350494068509037,0
2023-03-24T14:02:55Z,2023-03-24T14:03:00Z,1.5241077788240833,4.987927127661602,3.463819348837519,0
2023-03-24T14:02:55Z,2023-03-24T14:03:00Z,1.3438494666682153,4.937581740134485,3.5937322734662698,0
2023-03-24T14:02:55Z,2023-03-24T14:03:00Z,1.1795311779560733,4.908129740568604,3.728598562612531,0
2023-03-24T14:02:55Z,2023-03-24T14:03:00Z,1.0300021650967155,4.888380485569506,3.8583783204727906,0
2023-03-24T14:02:55Z,2023-03-24T14:03:00Z,0.8539137130892129,4.84023642662679,3.986322713537577,0
2023-03-24T14:02:55Z,2023-03-24T14:03:00Z,0.686674711680781,4.798837750989092,4.112163039308311,0
2023-03-24T14:02:55Z,2023-03-24T14:03:00Z,0.502144234754538,4.736212356779593,4.234068122025055,0
2023-03-24T14:02:55Z,2023-03-24T14:03:00Z,0.4466835493722048,4.797101357524629,4.350417808152424,0
2023-03-24T14:02:55Z,2023-03-24T14:03:00Z,0.39076836377681623,4.846002242294126,4.455233878517309,0
2023-03-24T14:02:55Z,2023-03-24T14:03:00Z,0.3125787266095532,4.867091567474152,4.554512840864599,0
2023-03-24T14:02:55Z,2023-03-24T14:03:00Z,0.1835561590301662,4.827980285391333,4.644424126361167,0
2023-03-24T14:03:55Z,2023-03-24T14:04:00Z,0.07577809144633019,4.796786117838215,4.7210080263918845,0
2023-03-24T14:03:55Z,2023-03-24T14:04:00Z,0.023122378608415595,4.804024787177904,4.780902408569489,0
2023-03-24T14:03:55Z,2023-03-24T14:04:00Z,0.004062783789323454,4.818520734268578,4.822583518057901,0
2023-03-24T14:03:55Z,2023-03-24T14:04:00Z,0.0032958257578528105,4.841952042546516,4.8452478683043685,0
2023-03-24T14:03:55Z,2023-03-24T14:04:00Z,0.05978570084764456,4.913643491442423,4.853857790594779,0
2023-03-24T14:03:55Z,2023-03-24T14:04:00Z,0.07946929071136566,4.92592027490104,4.846450984189675,0
2023-03-24T14:03:55Z,2023-03-24T14:04:00Z,0.10977023192887092,4.951268973703935,4.841498741775064,0
2023-03-24T14:03:55Z,2023-03-24T14:04:00Z,0.12232338242421115,4.963044693183711,4.8407213107595,0
2023-03-24T14:03:55Z,2023-03-24T14:04:00Z,0.05513855759039821,4.898735817225587,4.843597259635189,0
2023-03-24T14:03:55Z,2023-03-24T14:04:00Z,0.0025881826181812784,4.851163056094316,4.848574873476135,0
2023-03-24T14:03:55Z,2023-03-24T14:04:00Z,0.036978692883057995,4.81549613996633,4.852474832849388,0
2023-03-24T14:03:55Z,2023-03-24T14:04:00Z,0.048736809239414924,4.807226377283656,4.855963186523071,0
2023-03-24T14:04:55Z,2023-03-24T14:05:00Z,0.0070872971707718335,4.868336069239624,4.861248772068852,0
2023-03-24T14:04:55Z,2023-03-24T14:05:00Z,0.001789451525834096,4.8637132249119555,4.861923773386121,0
2023-03-24T14:04:55Z,2023-03-24T14:05:00Z,0.018054568256437697,4.845358126926049,4.863412695182487,0
2023-03-24T14:04:55Z,2023-03-24T14:05:00Z,0.07391464504787937,4.789272827297128,4.8631874723450075,0
2023-03-24T14:04:55Z,2023-03-24T14:05:00Z,0.16824708325063753,4.696098911863352,4.86434599511399,0
2023-03-24T14:04:55Z,2023-03-24T14:05:00Z,0.10619606160086104,4.757649047477055,4.863845109077916,0
2023-03-24T14:04:55Z,2023-03-24T14:05:00Z,0.043079336935409884,4.813570713788203,4.856650050723613,0
2023-03-24T14:04:55Z,2023-03-24T14:05:00Z,0.019205433264668947,4.871797371535514,4.852591938270845,0
2023-03-24T14:04:55Z,2023-03-24T14:05:00Z,0.05324295038136029,4.903942800068319,4.850699849686959,0
2023-03-24T14:04:55Z,2023-03-24T14:05:00Z,0.0716872964284363,4.9195974047882665,4.84791010835983,0
2023-03-24T14:04:55Z,2023-03-24T14:05:00Z,0.009738786712985892,4.856183730083968,4.846444943370982,0
2023-03-24T14:05:55Z,2023-03-24T14:06:00Z,0.05274831397243762,4.791585191470833,4.844333505443271,0
2023-03-24T14:05:55Z,2023-03-24T14:06:00Z,0.1838781984271689,4.653331242809453,4.837209441236622,0
2023-03-24T14:05:55Z,2023-03-24T14:06:00Z,0.25594490546768967,4.574121160718615,4.830066066186305,0
2023-03-24T14:05:55Z,2023-03-24T14:06:00Z,0.3226289307253696,4.494248347908611,4.816877278633981,0
2023-03-24T14:05:55Z,2023-03-24T14:06:00Z,0.38826304161055525,4.4125225717402445,4.8007856133508,0
2023-03-24T14:05:55Z,2023-03-24T14:06:00Z,0.45053267951452813,4.329387731877935,4.779920411392463,0
2023-03-24T14:05:55Z,2023-03-24T14:06:00Z,0.31780044308773014,4.431732401804773,4.749532844892503,0
2023-03-24T14:05:55Z,2023-03-24T14:06:00Z,0.24803634171762035,4.465874803639282,4.713911145356902,0
2023-03-24T14:05:55Z,2023-03-24T14:06:00Z,0.19711896916847405,4.489217127847011,4.686336097015485,0
2023-03-24T14:05:55Z,2023-03-24T14:06:00Z,0.11775619832173767,4.5470200304498904,4.664776228771628,0
2023-03-24T14:05:55Z,2023-03-24T14:06:00Z,0.09718716417511875,4.5537969456620875,4.650984109837206,0
2023-03-24T14:05:55Z,2023-03-24T14:06:00Z,0.0629402118747846,4.574001963493943,4.636942175368728,0
2023-03-24T14:05:55Z,2023-03-24T14:06:00Z,0.07298763564735467,4.546636288512966,4.6196239241603205,0
2023-03-24T14:06:55Z,2023-03-24T14:07:00Z,0.06247035483337715,4.537300542124172,4.5997708969575495,0
2023-03-24T14:06:55Z,2023-03-24T14:07:00Z,0.05188162146109221,4.524068841392767,4.575950462853859,0
2023-03-24T14:06:55Z,2023-03-24T14:07:00Z,0.026313591416490922,4.524150413926428,4.550464005342919,0
2023-03-24T14:06:55Z,2023-03-24T14:07:00Z,0.014975928699472618,4.513347084064033,4.528323012763505,0
2023-03-24T14:06:55Z,2023-03-24T14:07:00Z,0.03733777726509224,4.4731562503287865,4.510494027593879,0
2023-03-24T14:06:55Z,2023-03-24T14:07:00Z,0.07971285709189324,4.42144889325229,4.501161750344183,0
2023-03-24T14:06:55Z,2023-03-24T14:07:00Z,0.11743044059728103,4.377000315720914,4.494430756318195,0
2023-03-24T14:06:55Z,2023-03-24T14:07:00Z,0.16904042545335063,4.3205370338877565,4.489577459341107,0
2023-03-24T14:06:55Z,2023-03-24T14:07:00Z,0.20532642458929207,4.2818828843505266,4.487209308939819,0
2023-03-24T14:06:55Z,2023-03-24T14:07:00Z,0.2527912129651426,4.233828049441998,4.486619262407141,0
2023-03-24T14:06:55Z,2023-03-24T14:07:00Z,0.2910928888010176,4.185536405775839,4.476629294576856,0
2023-03-24T14:06:55Z,2023-03-24T14:07:00Z,0.31771717753800477,4.1434423334257,4.4611595109637046,0
2023-03-24T14:07:55Z,2023-03-24T14:08:00Z,0.33596870459456785,4.104945424897725,4.440914129492293,0
2023-03-24T14:07:55Z,2023-03-24T14:08:00Z,0.3800555614218206,4.033953388268859,4.41400894969068,0
2023-03-24T14:07:55Z,2023-03-24T14:08:00Z,0.45031101004594554,3.9337745049271096,4.384085514973055,0
2023-03-24T14:07:55Z,2023-03-24T14:08:00Z,0.38581092181294085,3.962271354811776,4.348082276624717,0
2023-03-24T14:07:55Z,2023-03-24T14:08:00Z,0.3494785802262821,3.957746244159377,4.307224824385659,0
2023-03-24T14:07:55Z,2023-03-24T14:08:00Z,0.32779255553618203,3.9410969896953167,4.268889545231499,0
2023-03-24T14:07:55Z,2023-03-24T14:08:00Z,0.29841484956607234,3.9327198558498675,4.23113470541594,0
2023-03-24T14:07:55Z,2023-03-24T14:08:00Z,0.2975980685449273,3.894666408588939,4.192264477133866,0
2023-03-24T14:07:55Z,2023-03-24T14:08:00Z,0.2671061395754788,3.886449855677444,4.153555995252923,0
2023-03-24T14:07:55Z,2023-03-24T14:08:00Z,0.24673829106487277,3.868251714738727,4.1149900058036,0
2023-03-24T14:07:55Z,2023-03-24T14:08:00Z,0.21332280077403398,3.8660006025245752,4.079323403298609,0
2023-03-24T14:07:55Z,2023-03-24T14:08:00Z,0.21419261499570252,3.831214214904095,4.045406829899798,0
2023-03-24T14:08:55Z,2023-03-24T14:09:00Z,0.20139685327472723,3.8137075478675238,4.015104401142251,0
2023-03-24T14:08:55Z,2023-03-24T14:09:00Z,0.1856063658959357,3.7994534572832204,3.985059823179156,0
2023-03-24T14:08:55Z,2023-03-24T14:09:00Z,0.13384003444907444,3.8232117552917835,3.957051789740858,0
2023-03-24T14:08:55Z,2023-03-24T14:09:00Z,0.09173316276620413,3.839579763741812,3.9313129265080162,0
2023-03-24T14:08:55Z,2023-03-24T14:09:00Z,0.011482434010184672,3.9214466553092735,3.909964221299089,0
2023-03-24T14:08:55Z,2023-03-24T14:09:00Z,0.05109489072564921,3.9433680679476772,3.892273177222028,0
2023-03-24T14:08:55Z,2023-03-24T14:09:00Z,0.05959734441448683,3.944370072772543,3.884772728358056,0
2023-03-24T14:08:55Z,2023-03-24T14:09:00Z,0.10873091613185526,3.994143215357949,3.8854122992260938,0
2023-03-24T14:08:55Z,2023-03-24T14:09:00Z,0.10870044013688496,3.992919320560363,3.884218880423478,0
2023-03-24T14:08:55Z,2023-03-24T14:09:00Z,0.1261856328704587,4.012830978040509,3.8866453451700504,0
2023-03-24T14:08:55Z,2023-03-24T14:09:00Z,0.17586045668030215,4.065960623908022,3.8901001672277196,0
2023-03-24T14:09:55Z,2023-03-24T14:10:00Z,0.22357959972710395,4.1190205084341995,3.8954409087070956,0
2023-03-24T14:09:55Z,2023-03-24T14:10:00Z,0.2552964623658749,4.162156985427576,3.9068605230617015,0
2023-03-24T14:09:55Z,2023-03-24T14:10:00Z,0.32268624598073226,4.245051479226217,3.922365233245485,0
2023-03-24T14:09:55Z,2023-03-24T14:10:00Z,0.3440994949879044,4.286058412945979,3.941958917958075,0
2023-03-24T14:09:55Z,2023-03-24T14:10:00Z,0.2546141073125576,4.221843083717409,3.967228976404851,0
2023-03-24T14:09:55Z,2023-03-24T14:10:00Z,0.2367946871268538,4.23434661006783,3.9975519229409766,0
2023-03-24T14:09:55Z,2023-03-24T14:10:00Z,0.21225401826173496,4.237014976926037,4.024760958664302,0
2023-03-24T14:09:55Z,2023-03-24T14:10:00Z,0.1633482344848396,4.21710207000145,4.05375383551661,0
2023-03-24T14:09:55Z,2023-03-24T14:10:00Z,0.12615479939305807,4.207495516351951,4.081340716958893,0
2023-03-24T14:09:55Z,2023-03-24T14:10:00Z,0.17342005626365609,4.279928926973192,4.106508870709536,0
2023-03-24T14:09:55Z,2023-03-24T14:10:00Z,0.14118380685673682,4.266762601635785,4.125578794779048,0
2023-03-24T14:09:55Z,2023-03-24T14:10:00Z,0.18905308234943075,4.337069267730179,4.148016185380748,0
2023-03-24T14:09:55Z,2023-03-24T14:10:00Z,0.27185682711913284,4.441365847757431,4.169509020638298,0
2023-03-24T14:10:55Z,2023-03-24T14:11:00Z,0.3432775922748377,4.535648349737951,4.192370757463113,0
2023-03-24T14:10:55Z,2023-03-24T14:11:00Z,0.3289055446729785,4.551172737282562,4.222267192609584,0
2023-03-24T14:10:55Z,2023-03-24T14:11:00Z,0.2977610346104562,4.554882718666538,4.257121684056082,0
2023-03-24T14:10:55Z,2023-03-24T14:11:00Z,0.24958446440543192,4.539053622686482,4.28946915828105,0
2023-03-24T14:10:55Z,2023-03-24T14:11:00Z,0.1692174231066499,4.487744062069856,4.318526638963206,0
2023-03-24T14:10:55Z,2023-03-24T14:11:00Z,0.14513332073324303,4.488786402180375,4.343653081447132,0
2023-03-24T14:10:55Z,2023-03-24T14:11:00Z,0.10427731084311453,4.464109897813157,4.359832586970042,0
2023-03-24T14:10:55Z,2023-03-24T14:11:00Z,0.06844212533863914,4.441789911590975,4.373347786252336,0
2023-03-24T14:10:55Z,2023-03-24T14:11:00Z,0.011019913920159219,4.378478993271893,4.389498907192052,0
2023-03-24T14:10:55Z,2023-03-24T14:11:00Z,0.029344364477927876,4.432672825104856,4.403328460626928,0
2023-03-24T14:10:55Z,2023-03-24T14:11:00Z,0.035074185795161306,4.377685209254825,4.412759395049986,0
2023-03-24T14:10:55Z,2023-03-24T14:11:00Z,0.1253572935509366,4.3017734851726095,4.427130778723546,0
2023-03-24T14:11:55Z,2023-03-24T14:12:00Z,0.2475391003905303,4.190937657859873,4.438476758250403,0
2023-03-24T14:11:55Z,2023-03-24T14:12:00Z,0.34457324871829975,4.095359813412065,4.439933062130365,0
2023-03-24T14:11:55Z,2023-03-24T14:12:00Z,0.45586474394517307,3.979013321933464,4.434878065878637,0
2023-03-24T14:11:55Z,2023-03-24T14:12:00Z,0.5489236914479125,3.869840410809516,4.418764102257429,0
2023-03-24T14:11:55Z,2023-03-24T14:12:00Z,0.5162391954335162,3.871701405102315,4.387940600535831,0
2023-03-24T14:11:55Z,2023-03-24T14:12:00Z,0.4002112076432449,3.9433421969640237,4.343553404607269,0
2023-03-24T14:11:55Z,2023-03-24T14:12:00Z,0.34652029231344494,3.951735023481809,4.298255315795254,0
2023-03-24T14:11:55Z,2023-03-24T14:12:00Z,0.23511581387316483,4.022370133808588,4.257485947681753,0
2023-03-24T14:11:55Z,2023-03-24T14:12:00Z,0.16763604268360677,4.050695331717835,4.2183313744014415,0
2023-03-24T14:11:55Z,2023-03-24T14:12:00Z,0.1492658565830789,4.038040589267611,4.18730644585069,0
2023-03-24T14:11:55Z,2023-03-24T14:12:00Z,0.06030517308841432,4.097795201398106,4.15810037448652,0
2023-03-24T14:11:55Z,2023-03-24T14:12:00Z,0.07500378111789097,4.204699535034708,4.129695753916817,0
2023-03-24T14:12:55Z,2023-03-24T14:13:00Z,0.2024472227187939,4.309209995956086,4.106762773237292,0
2023-03-24T14:12:55Z,2023-03-24T14:13:00Z,0.24124464212227625,4.336422118143756,4.09517747602148,0
2023-03-24T14:12:55Z,2023-03-24T14:13:00Z,0.22803498302547087,4.3149816037703665,4.086946620744896,0
2023-03-24T14:12:55Z,2023-03-24T14:13:00Z,0.18547244105999283,4.26966818906415,4.0841957480041575,0
2023-03-24T14:12:55Z,2023-03-24T14:13:00Z,0.1488990115818325,4.233975300825841,4.085076289244008,0
2023-03-24T14:12:55Z,2023-03-24T14:13:00Z,0.10394630251685744,4.194271293841151,4.090324991324294,0
2023-03-24T14:12:55Z,2023-03-24T14:13:00Z,0.06039951789553211,4.159965541714078,4.099566023818546,0
2023-03-24T14:12:55Z,2023-03-24T14:13:00Z,0.05554080280679674,4.169457358085855,4.113916555279058,0
2023-03-24T14:12:55Z,2023-03-24T14:13:00Z,0.007460327419631874,4.140718558092328,4.133258230672696,0
2023-03-24T14:12:55Z,2023-03-24T14:13:00Z,0.04871242847526691,4.104396199062997,4.153108627538264,0
2023-03-24T14:12:55Z,2023-03-24T14:13:00Z,0.09574188212099699,4.0705251694924875,4.1662670516134845,0
2023-03-24T14:12:55Z,2023-03-24T14:13:00Z,0.108955170930499,4.067489292388398,4.176444463318897,0
2023-03-24T14:13:55Z,2023-03-24T14:14:00Z,0.18483219942962625,3.9948225996015307,4.179654799031157,0
2023-03-24T14:13:55Z,2023-03-24T14:14:00Z,0.09283990020478061,4.087934496204415,4.180774396409196,0
2023-03-24T14:13:55Z,2023-03-24T14:14:00Z,0.0070764639037967925,4.170816733194327,4.177893197098124,0
2023-03-24T14:13:55Z,2023-03-24T14:14:00Z,0.10709476521793881,4.284330581969816,4.177235816751877,0
2023-03-24T14:13:55Z,2023-03-24T14:14:00Z,0.2211908249368797,4.396167788232731,4.174976963295851,0
2023-03-24T14:13:55Z,2023-03-24T14:14:00Z,0.34413550590153985,4.517453841598307,4.173318335696767,0
2023-03-24T14:13:55Z,2023-03-24T14:14:00Z,0.4674145480019156,4.644715928371281,4.177301380369365,0
2023-03-24T14:13:55Z,2023-03-24T14:14:00Z,0.48990889423697404,4.680708423794869,4.190799529557895,0
2023-03-24T14:13:55Z,2023-03-24T14:14:00Z,0.4584542222626391,4.674256934441009,4.21580271217837,0
2023-03-24T14:13:55Z,2023-03-24T14:14:00Z,0.3763719020559053,4.621956822432209,4.245584920376304,0
2023-03-24T14:13:55Z,2023-03-24T14:14:00Z,0.2885287765357809,4.566112739618743,4.277583963082962,0
2023-03-24T14:13:55Z,2023-03-24T14:14:00Z,0.275122671749255,4.583506053546758,4.308383381797503,0
2023-03-24T14:14:55Z,2023-03-24T14:15:00Z,0.16459084700130422,4.499417920901001,4.334827073899697,0
2023-03-24T14:14:55Z,2023-03-24T14:15:00Z,0.12578064538623135,4.490126885649558,4.364346240263327,0
2023-03-24T14:14:55Z,2023-03-24T14:15:00Z,0.07896510085036734,4.46964612256956,4.3906810217191925,0
2023-03-24T14:14:55Z,2023-03-24T14:15:00Z,0.10574251852388183,4.524396987986878,4.418654469462997,0
2023-03-24T14:14:55Z,2023-03-24T14:15:00Z,0.19481751278155546,4.640282437589963,4.445464924808408,0
2023-03-24T14:14:55Z,2023-03-24T14:15:00Z,0.05780516200400676,4.538575046038105,4.480769884034098,0
2023-03-24T14:14:55Z,2023-03-24T14:15:00Z,0.022663014640761148,4.494930065485707,4.517593080126468,0
2023-03-24T14:14:55Z,2023-03-24T14:15:00Z,0.07666240013516301,4.465447900847556,4.542110300982719,0
2023-03-24T14:14:55Z,2023-03-24T14:15:00Z,0.06527367345213708,4.490876593098308,4.556150266550445,0
2023-03-24T14:14:55Z,2023-03-24T14:15:00Z,0.009831999144043202,4.550936941580723,4.560768940724766,0
2023-03-24T14:14:55Z,2023-03-24T14:15:00Z,0.02115963155531464,4.537837492602785,4.5589971241580995,0
2023-03-24T14:14:55Z,2023-03-24T14:15:00Z,0.01627898890275148,4.536466202802645,4.552745191705396,0
2023-03-24T14:15:55Z,2023-03-24T14:16:00Z,0.029844398564095265,4.513376064395162,4.543220462959257,0
2023-03-24T14:15:55Z,2023-03-24T14:16:00Z,0.023769938699068405,4.510264475484298,4.534034414183367,0
2023-03-24T14:15:55Z,2023-03-24T14:16:00Z,0.025683561619254114,4.552479258600151,4.526795696980897,0
2023-03-24T14:15:55Z,2023-03-24T14:16:00Z,0.02020874466071465,4.543281224032648,4.523072479371933,0
2023-03-24T14:15:55Z,2023-03-24T14:16:00Z,0.06251150531963034,4.458492521055862,4.5210040263754925,0
2023-03-24T14:15:55Z,2023-03-24T14:16:00Z,0.05642894412304145,4.5803571907073115,4.52392824658427,0
2023-03-24T14:15:55Z,2023-03-24T14:16:00Z,0.10811746582349091,4.62993675476818,4.521819288944689,0
2023-03-24T14:15:55Z,2023-03-24T14:16:00Z,0.15786439330348312,4.687064420124022,4.529200026820539,0
2023-03-24T14:15:55Z,2023-03-24T14:16:00Z,0.20552478281647346,4.7417607940891,4.536236011272626,0
2023-03-24T14:15:55Z,2023-03-24T14:16:00Z,0.2223202440309695,4.7616750541392,4.539354810108231,0
2023-03-24T14:15:55Z,2023-03-24T14:16:00Z,0.2898576650570215,4.842758191701985,4.552900526644963,0
2023-03-24T14:16:55Z,2023-03-24T14:17:00Z,0.28753577774787065,4.8582193036364005,4.57068352588853,0
2023-03-24T14:16:55Z,2023-03-24T14:17:00Z,0.2919515629316889,4.887789108210515,4.595837545278826,0
2023-03-24T14:16:55Z,2023-03-24T14:17:00Z,0.29226926690249044,4.91259632621719,4.6203270593146994,0
2023-03-24T14:16:55Z,2023-03-24T14:17:00Z,0.25872021281408486,4.901504083237435,4.64278387042335,0
2023-03-24T14:16:55Z,2023-03-24T14:17:00Z,0.25219372253745576,4.919961515201767,4.6677677926643115,0
2023-03-24T14:16:55Z,2023-03-24T14:17:00Z,0.20344879928807025,4.895552450648034,4.692103651359964,0
2023-03-24T14:16:55Z,2023-03-24T14:17:00Z,0.16503840148939108,4.884247749569795,4.719209348080404,0
2023-03-24T14:16:55Z,2023-03-24T14:17:00Z,0.11459809897343298,4.859493312064753,4.74489521309132,0
2023-03-24T14:16:55Z,2023-03-24T14:17:00Z,0.048525994836564834,4.815539107325861,4.7670131124892965,0
2023-03-24T14:16:55Z,2023-03-24T14:17:00Z,0.018690240536128222,4.769403677821975,4.788093918358103,0
2023-03-24T14:16:55Z,2023-03-24T14:17:00Z,0.04487873616123572,4.7670182879482015,4.811897024109437,0
2023-03-24T14:16:55Z,2023-03-24T14:17:00Z,0.09847792240296638,4.7260222008474475,4.824500123250414,0
2023-03-24T14:16:55Z,2023-03-24T14:17:00Z,0.14835529874584896,4.685283593383233,4.833638892129082,0
2023-03-24T14:17:55Z,2023-03-24T14:18:00Z,0.16681305407993374,4.669423023430711,4.8362360775106445,0
2023-03-24T14:17:55Z,2023-03-24T14:18:00Z,0.15556216753420848,4.676908763262711,4.832470930796919,0
2023-03-24T14:17:55Z,2023-03-24T14:18:00Z,0.1411057945593983,4.685215000856955,4.826320795416353,0
2023-03-24T14:17:55Z,2023-03-24T14:18:00Z,0.12812280902601625,4.68714135782772,4.815264166853736,0
2023-03-24T14:17:55Z,2023-03-24T14:18:00Z,0.03315003319106502,4.770580513477374,4.803730546668439,0
2023-03-24T14:17:55Z,2023-03-24T14:18:00Z,0.007560328336865929,4.797914358313118,4.790354029976252,0
2023-03-24T14:17:55Z,2023-03-24T14:18:00Z,0.05052315001405194,4.831409459140983,4.780886309126931,0
2023-03-24T14:17:55Z,2023-03-24T14:18:00Z,0.06398674269526872,4.8379670701605795,4.773980327465311,0
2023-03-24T14:17:55Z,2023-03-24T14:18:00Z,0.036622445438207585,4.804699302499466,4.768076857061258,0
2023-03-24T14:17:55Z,2023-03-24T14:18:00Z,0.007160891695922267,4.757076939999505,4.764237831695428,0
2023-03-24T14:17:55Z,2023-03-24T14:18:00Z,0.012161388830245201,4.771095990720985,4.75893460189074,0
2023-03-24T14:17:55Z,2023-03-24T14:18:00Z,0.05131936601878184,4.803426209771838,4.752106843753056,0
2023-03-24T14:18:55Z,2023-03-24T14:19:00Z,0.06319306674856406,4.812337036061295,4.749143969312731,0
2023-03-24T14:18:55Z,2023-03-24T14:19:00Z,0.05468146149597608,4.806093599605365,4.751412138109389,0
2023-03-24T14:18:55Z,2023-03-24T14:19:00Z,0.05655703063385609,4.810990418617451,4.754433387983595,0
2023-03-24T14:18:55Z,2023-03-24T14:19:00Z,0.07027298590897502,4.8300444671430975,4.7597714812341225,0
2023-03-24T14:18:55Z,2023-03-24T14:19:00Z,0.20697452170949582,4.975126457959233,4.768151936249737,0
2023-03-24T14:18:55Z,2023-03-24T14:19:00Z,0.1628811140147164,4.941741146511946,4.77886003249723,0
2023-03-24T14:18:55Z,2023-03-24T14:19:00Z,0.10414616416363476,4.902887376307299,4.798741212143664,0
2023-03-24T14:18:55Z,2023-03-24T14:19:00Z,0.02650294982813506,4.842345905015465,4.81584295518733,0
2023-03-24T14:18:55Z,2023-03-24T14:19:00Z,0.06853456245257661,4.761691460633393,4.830226023085969,0
2023-03-24T14:18:55Z,2023-03-24T14:19:00Z,0.24136644055071432,4.593643941971128,4.835010382521842,0
2023-03-24T14:18:55Z,2023-03-24T14:19:00Z,0.3876666407423883,4.444928881934138,4.8325955226765265,0
2023-03-24T14:18:55Z,2023-03-24T14:19:00Z,0.4616756649432121,4.355068823255324,4.816744488198536,0
2023-03-24T14:19:55Z,2023-03-24T14:20:00Z,0.49593957892588314,4.29460236339089,4.790541942316773,0
2023-03-24T14:19:55Z,2023-03-24T14:20:00Z,0.45394143218872074,4.30662514484511,4.76056657703383,0
2023-03-24T14:19:55Z,2023-03-24T14:20:00Z,0.4200699304078146,4.3096650081854415,4.729734938593256,0
2023-03-24T14:19:55Z,2023-03-24T14:20:00Z,0.39819396921979777,4.300576246315067,4.698770215534865,0
2023-03-24T14:19:55Z,2023-03-24T14:20:00Z,0.35540888454311226,4.31044391755266,4.665852802095772,0
2023-03-24T14:19:55Z,2023-03-24T14:20:00Z,0.33196322716884197,4.299772188943848,4.63173541611269,0
2023-03-24T14:19:55Z,2023-03-24T14:20:00Z,0.3318635097355509,4.266828594240293,4.598692103975844,0
2023-03-24T14:19:55Z,2023-03-24T14:20:00Z,0.294725841518785,4.2698850471454834,4.5646108886642685,0
2023-03-24T14:19:55Z,2023-03-24T14:20:00Z,0.3079524221758918,4.2191107416281906,4.527063163804082,0
2023-03-24T14:19:55Z,2023-03-24T14:20:00Z,0.2509771219482273,4.229069947801605,4.4800470697498325,0
2023-03-24T14:19:55Z,2023-03-24T14:20:00Z,0.22947544138549514,4.202396268038753,4.431871709424248,0
2023-03-24T14:19:55Z,2023-03-24T14:20:00Z,0.20562956415196787,4.181320983371901,4.386950547523869,0
2023-03-24T14:20:55Z,2023-03-24T14:21:00Z,0.134613082014317,4.209674156377772,4.344287238392089,0
2023-03-24T14:20:55Z,2023-03-24T14:21:00Z,0.11840712215386251,4.18718875108746,4.305595873241322,0
2023-03-24T14:20:55Z,2023-03-24T14:21:00Z,0.11396580514583565,4.166032082389264,4.2799978875350995,0
2023-03-24T14:20:55Z,2023-03-24T14:21:00Z,0.10023004369632638,4.162585168448994,4.262815212145321,0
2023-03-24T14:20:55Z,2023-03-24T14:21:00Z,0.07789385797974901,4.1723189047745,4.250212762754249,0
2023-03-24T14:20:55Z,2023-03-24T14:21:00Z,0.04092894213401266,4.200482674290777,4.24141161642479,0
2023-03-24T14:20:55Z,2023-03-24T14:21:00Z,0.023527569847296093,4.208930297239452,4.232457867086748,0
2023-03-24T14:20:55Z,2023-03-24T14:21:00Z,0.012353386498167751,4.212825658328937,4.2251790448271045,0
2023-03-24T14:20:55Z,2023-03-24T14:21:00Z,0.00510112436145338,4.224170439250184,4.21906931488873,0
2023-03-24T14:20:55Z,2023-03-24T14:21:00Z,0.005526407378469322,4.218087838318951,4.2125614309404815,0
2023-03-24T14:20:55Z,2023-03-24T14:21:00Z,0.021523273687279243,4.229044587981517,4.207521314294238,0
2023-03-24T14:20:55Z,2023-03-24T14:21:00Z,0.007243248199212182,4.21151517876536,4.204271930566148,0
2023-03-24T14:21:55Z,2023-03-24T14:22:00Z,0.020460151939534654,4.222009385228085,4.20154923328855,0
2023-03-24T14:21:55Z,2023-03-24T14:22:00Z,0.007388868277145022,4.208431730708174,4.201042862431029,0
2023-03-24T14:21:55Z,2023-03-24T14:22:00Z,0.030417768312240412,4.230989926571701,4.200572158259461,0
2023-03-24T14:21:55Z,2023-03-24T14:22:00Z,0.04667908366437423,4.247653606101796,4.200974522437422,0
2023-03-24T14:21:55Z,2023-03-24T14:22:00Z,0.03619849910143458,4.240484284418843,4.204285785317408,0
2023-03-24T14:21:55Z,2023-03-24T14:22:00Z,0.016798304325340574,4.190019444307003,4.206817748632344,0
2023-03-24T14:21:55Z,2023-03-24T14:22:00Z,0.02665918934672451,4.1837115948410455,4.21037078418777,0
2023-03-24T14:21:55Z,2023-03-24T14:22:00Z,0.05901388536978214,4.152956056279169,4.2119699416489516,0
2023-03-24T14:21:55Z,2023-03-24T14:22:00Z,0.056707431644557715,4.156670938430531,4.213378370075088,0
2023-03-24T14:21:55Z,2023-03-24T14:22:00Z,0.01905994168122227,4.231147455189955,4.212087513508733,0
2023-03-24T14:21:55Z,2023-03-24T14:22:00Z,0.03543238100567336,4.173734350112377,4.20916673111805,0
2023-03-24T14:21:55Z,2023-03-24T14:22:00Z,0.03462318661899211,4.176024688362424,4.210647874981416,0
2023-03-24T14:22:55Z,2023-03-24T14:23:00Z,0.03327449875959054,4.174767289007388,4.2080417877669785,0
2023-03-24T14:22:55Z,2023-03-24T14:23:00Z,0.013820951233410206,4.191011119807719,4.204832071041129,0
2023-03-24T14:22:55Z,2023-03-24T14:23:00Z,0.005562927681647345,4.196381106738709,4.2019440344203565,0
2023-03-24T14:22:55Z,2023-03-24T14:23:00Z,0.024751788261834662,4.1746566816136035,4.199408469875438,0
2023-03-24T14:22:55Z,2023-03-24T14:23:00Z,0.021236584142385162,4.177162947597942,4.1983995317403275,0
2023-03-24T14:22:55Z,2023-03-24T14:23:00Z,0.013833565320360286,4.209076250153056,4.195242684832696,0
2023-03-24T14:22:55Z,2023-03-24T14:23:00Z,0.0053583227721594184,4.1985164220641735,4.193158099292014,0
2023-03-24T14:22:55Z,2023-03-24T14:23:00Z,0.01941019917904807,4.211107386709818,4.19169718753077,0
2023-03-24T14:22:55Z,2023-03-24T14:23:00Z,0.025359487743311426,4.2137808630049065,4.188421375261595,0
2023-03-24T14:22:55Z,2023-03-24T14:23:00Z,0.03711841893923573,4.149344496475091,4.186462915414327,0
2023-03-24T14:22:55Z,2023-03-24T14:23:00Z,0.0067816371658357966,4.181265372828352,4.188047009994188,0
2023-03-24T14:23:55Z,2023-03-24T14:24:00Z,0.005969778263232861,4.179786091839891,4.185755870103124,0
2023-03-24T14:23:55Z,2023-03-24T14:24:00Z,0.005104978897815471,4.182538178975254,4.18764315787307,0
2023-03-24T14:23:55Z,2023-03-24T14:24:00Z,0.00021214231540689354,4.189396310415767,4.18918416810036,0
2023-03-24T14:23:55Z,2023-03-24T14:24:00Z,0.03435102431471293,4.151592525371335,4.185943549686048,0
2023-03-24T14:23:55Z,2023-03-24T14:24:00Z,0.03378967410058831,4.153198006272352,4.1869876803729404,0
2023-03-24T14:23:55Z,2023-03-24T14:24:00Z,0.07060733789672913,4.114751531610138,4.185358869506867,0
2023-03-24T14:23:55Z,2023-03-24T14:24:00Z,0.05869606878639555,4.125224848538136,4.1839209173245315,0
2023-03-24T14:23:55Z,2023-03-24T14:24:00Z,0.029080642719905292,4.149756302058121,4.178836944778026,0
2023-03-24T14:23:55Z,2023-03-24T14:24:00Z,0.06919076297676874,4.104902431254553,4.174093194231322,0
2023-03-24T14:23:55Z,2023-03-24T14:24:00Z,0.10286066463156374,4.069572504296059,4.172433168927623,0
2023-03-24T14:23:55Z,2023-03-24T14:24:00Z,0.11734121506732453,4.050274586104072,4.167615801171396,0
2023-03-24T14:23:55Z,2023-03-24T14:24:00Z,0.09022052198296215,4.068095029464635,4.158315551447597,0
2023-03-24T14:24:55Z,2023-03-24T14:25:00Z,0.07244761043046921,4.075985151953121,4.148432762383591,0
2023-03-24T14:24:55Z,2023-03-24T14:25:00Z,0.04167245742376213,4.097226147810149,4.138898605233911,0
2023-03-24T14:24:55Z,2023-03-24T14:25:00Z,0.05293239857148979,4.076779825925636,4.129712224497125,0
2023-03-24T14:24:55Z,2023-03-24T14:25:00Z,0.04474804538547694,4.081489622533986,4.126237667919463,0
2023-03-24T14:24:55Z,2023-03-24T14:25:00Z,0.07735355030830515,4.041918414484309,4.119271964792614,0
2023-03-24T14:24:55Z,2023-03-24T14:25:00Z,0.0624740658171552,4.050244801021733,4.112718866838888,0
2023-03-24T14:24:55Z,2023-03-24T14:25:00Z,0.054038579883986415,4.049305635988838,4.103344215872824,0
2023-03-24T14:24:55Z,2023-03-24T14:25:00Z,0.07424417442959363,4.019823274150295,4.094067448579889,0
2023-03-24T14:24:55Z,2023-03-24T14:25:00Z,0.03570847542535649,4.0515398471956985,4.087248322621055,0
2023-03-24T14:24:55Z,2023-03-24T14:25:00Z,0.04205938019110089,4.036297293621818,4.078356673812919,0
2023-03-24T14:24:55Z,2023-03-24T14:25:00Z,0.028530232107193854,4.045612329411429,4.074142561518623,0
2023-03-24T14:24:55Z,2023-03-24T14:25:00Z,0.003480160219688777,4.071694218077224,4.068214057857535,0
2023-03-24T14:24:55Z,2023-03-24T14:25:00Z,0.03319977909784644,4.094470905445602,4.061271126347756,0
2023-03-24T14:25:55Z,2023-03-24T14:26:00Z,0.01133290046136981,4.070390145930636,4.059057245469266,0
2023-03-24T14:25:55Z,2023-03-24T14:26:00Z,0.006834423421694602,4.067551562300931,4.0607171388792365,0
2023-03-24T14:25:55Z,2023-03-24T14:26:00Z,0.0030391877421998004,4.059018988458808,4.062058176201008,0
2023-03-24T14:25:55Z,2023-03-24T14:26:00Z,0.012936108901810961,4.074958053958571,4.06202194505676,0
2023-03-24T14:25:55Z,2023-03-24T14:26:00Z,0.01117428947628163,4.0720651569667545,4.060890867490473,0
2023-03-24T14:25:55Z,2023-03-24T14:26:00Z,0.03261919357358156,4.026787134326786,4.059406327900367,0
2023-03-24T14:25:55Z,2023-03-24T14:26:00Z,0.022917657486268617,4.0361743591501735,4.059092016636442,0
2023-03-24T14:25:55Z,2023-03-24T14:26:00Z,0.020526230564593462,4.034918953524702,4.0554451840892956,0
2023-03-24T14:25:55Z,2023-03-24T14:26:00Z,0.01019662944351829,4.044865617623501,4.05506224706702,0
2023-03-24T14:25:55Z,2023-03-24T14:26:00Z,0.021808513078291902,4.032232010822259,4.054040523900551,0
2023-03-24T14:25:55Z,2023-03-24T14:26:00Z,0.03575996301807116,4.017984559658124,4.053744522676195,0
2023-03-24T14:25:55Z,2023-03-24T14:26:00Z,0.05302314700809774,4.001548624779563,4.054571771787661,0
2023-03-24T14:26:55Z,2023-03-24T14:27:00Z,0.0456574097051341,4.006677342913354,4.0523347526184885,0
2023-03-24T14:26:55Z,2023-03-24T14:27:00Z,0.02021440659758067,4.02980376809809,4.050018174695671,0
2023-03-24T14:26:55Z,2023-03-24T14:27:00Z,0.0034326593128897187,4.050855168242023,4.047422508929134,0
2023-03-24T14:26:55Z,2023-03-24T14:27:00Z,0.017558020749476988,4.0621878330133345,4.0446298122638575,0
2023-03-24T14:26:55Z,2023-03-24T14:27:00Z,0.02064423677628202,4.062366333226567,4.041722096450285,0
2023-03-24T14:26:55Z,2023-03-24T14:27:00Z,0.03335434111357838,4.074529616702709,4.041175275589131,0
2023-03-24T14:26:55Z,2023-03-24T14:27:00Z,0.02058706871495719,4.061416662365798,4.040829593650841,0
2023-03-24T14:26:55Z,2023-03-24T14:27:00Z,0.013085309337030004,4.028778326196737,4.041863635533767,0
2023-03-24T14:26:55Z,2023-03-24T14:27:00Z,0.06100750489586071,3.979953371198389,4.04096087609425,0
2023-03-24T14:26:55Z,2023-03-24T14:27:00Z,0.14169183750373415,3.8963832498725144,4.0380750873762485,0
2023-03-24T14:26:55Z,2023-03-24T14:27:00Z,0.19594971420054685,3.839003122300475,4.034952836501022,0
2023-03-24T14:26:55Z,2023-03-24T14:27:00Z,0.19501096953777441,3.8306224596780707,4.025633429215845,0
2023-03-24T14:27:55Z,2023-03-24T14:28:00Z,0.1746766140784204,3.837895759722476,4.0125723738008965,0
2023-03-24T14:27:55Z,2023-03-24T14:28:00Z,0.11423017226938192,3.8840593243351527,3.9982894966045346,0
2023-03-24T14:27:55Z,2023-03-24T14:28:00Z,0.08941733316698208,3.895916413364233,3.9853337465312153,0
2023-03-24T14:27:55Z,2023-03-24T14:28:00Z,0.06052180012428687,3.915883597385397,3.976405397509684,0
2023-03-24T14:27:55Z,2023-03-24T14:28:00Z,0.051760735184022355,3.917602514897973,3.9693632500819955,0
2023-03-24T14:27:55Z,2023-03-24T14:28:00Z,0.04400284995882808,3.9193074837546367,3.9633103337134648,0
2023-03-24T14:27:55Z,2023-03-24T14:28:00Z,0.04118071920160116,3.9146495309651885,3.9558302501667897,0
2023-03-24T14:27:55Z,2023-03-24T14:28:00Z,0.0018109312364735786,3.948871335770771,3.9470604045342976,0
2023-03-24T14:27:55Z,2023-03-24T14:28:00Z,0.030081131691799268,3.967305649422887,3.937224517731088,0
2023-03-24T14:27:55Z,2023-03-24T14:28:00Z,0.056612272001590025,3.9862704565689575,3.9296581845673675,0
2023-03-24T14:27:55Z,2023-03-24T14:28:00Z,0.06283565540973512,3.9853455754917815,3.9225099200820464,0
2023-03-24T14:27:55Z,2023-03-24T14:28:00Z,0.086461927616174,4.003962100645098,3.917500173028924,0
2023-03-24T14:28:55Z,2023-03-24T14:29:00Z,0.09605463576627216,4.010659292081533,3.9146046563152606,0
2023-03-24T14:28:55Z,2023-03-24T14:29:00Z,0.06257569888894521,3.9787809371673193,3.916205238278374,0
2023-03-24T14:28:55Z,2023-03-24T14:29:00Z,0.009257552088625332,3.9330811931809344,3.923823641092309,0
2023-03-24T14:28:55Z,2023-03-24T14:29:00Z,0.001022725879447961,3.9341648879628806,3.9331421620834326,0
2023-03-24T14:28:55Z,2023-03-24T14:29:00Z,0.004407536180908167,3.9443802804978643,3.939972744316956,0
2023-03-24T14:28:55Z,2023-03-24T14:29:00Z,0.053866255628123305,4.000256941827773,3.94639068619965,0
2023-03-24T14:28:55Z,2023-03-24T14:29:00Z,0.08085037373219528,4.031262457009359,3.950412083277164,0
2023-03-24T14:28:55Z,2023-03-24T14:29:00Z,0.08284307482952613,4.040211193337592,3.9573681185080662,0
2023-03-24T14:28:55Z,2023-03-24T14:29:00Z,0.10979095633968194,4.074850998822679,3.9650600424829974,0
2023-03-24T14:28:55Z,2023-03-24T14:29:00Z,0.10883268331616414,4.082066637695136,3.973233954378972,0
2023-03-24T14:28:55Z,2023-03-24T14:29:00Z,0.09609161191791138,4.079695133968086,3.983603522050174,0
2023-03-24T14:28:55Z,2023-03-24T14:29:00Z,0.0731347739078343,4.067899436406672,3.994764662498838,0
2023-03-24T14:29:55Z,2023-03-24T14:30:00Z,0.056469827575129194,4.0599560766204545,4.003486249045325,0
2023-03-24T14:29:55Z,2023-03-24T14:30:00Z,0.01749894025859078,4.027691441769502,4.010192501510911,0
2023-03-24T14:29:55Z,2023-03-24T14:30:00Z,0.012897061869963977,4.002207814311046,4.01510487618101,0
2023-03-24T14:29:55Z,2023-03-24T14:30:00Z,0.0376267849997598,3.9803011489330986,4.017927933932858,0
2023-03-24T14:29:55Z,2023-03-24T14:30:00Z,0.07667232797343004,3.941138653537159,4.017810981510589,0
2023-03-24T14:29:55Z,2023-03-24T14:30:00Z,0.06889047794241998,3.946896627358274,4.015787105300694,0
2023-03-24T14:29:55Z,2023-03-24T14:30:00Z,0.06849695260765598,3.944780667117693,4.013277619725349,0
2023-03-24T14:29:55Z,2023-03-24T14:30:00Z,0.07791487608370229,3.936283772586803,4.014198648670505,0
2023-03-24T14:29:55Z,2023-03-24T14:30:00Z,0.10593296762181348,3.9089733996590126,4.014906367280826,0
2023-03-24T14:29:55Z,2023-03-24T14:30:00Z,0.08458485156144002,3.9297817485253153,4.014366600086755,0
2023-03-24T14:29:55Z,2023-03-24T14:30:00Z,0.08666529945002921,3.921615731158809,4.008281030608838,0
2023-03-24T14:29:55Z,2023-03-24T14:30:00Z,0.11535218980003537,3.8861634602431994,4.001515650043235,0
2023-03-24T14:30:55Z,2023-03-24T14:31:00Z,0.053445051100865726,3.940164234797116,3.993609285897982,0
2023-03-24T14:30:55Z,2023-03-24T14:31:00Z,0.04008311742201309,3.9409469992373367,3.98103011665935,0
2023-03-24T14:30:55Z,2023-03-24T14:31:00Z,0.011241697066542322,3.9603282593996068,3.971569956466149,0
2023-03-24T14:30:55Z,2023-03-24T14:31:00Z,0.0039738834285740765,3.966293964246007,3.962320080817433,0
2023-03-24T14:30:55Z,2023-03-24T14:31:00Z,0.058430357631856555,4.013579026648818,3.9551486690169617,0
2023-03-24T14:30:55Z,2023-03-24T14:31:00Z,0.06072848915341922,4.0096330173454175,3.9489045281919983,0
2023-03-24T14:30:55Z,2023-03-24T14:31:00Z,0.07405934175055284,4.022023042267839,3.947963700517286,0
2023-03-24T14:30:55Z,2023-03-24T14:31:00Z,0.07986362734554664,4.028322341398458,3.9484587140529115,0
2023-03-24T14:30:55Z,2023-03-24T14:31:00Z,0.08091247699143667,4.032152650599997,3.9512401736085603,0
2023-03-24T14:30:55Z,2023-03-24T14:31:00Z,0.02530164954950731,3.982354069015488,3.9570524194659806,0
2023-03-24T14:30:55Z,2023-03-24T14:31:00Z,0.035787336648368306,3.99852349099713,3.962736154348762,0
2023-03-24T14:30:55Z,2023-03-24T14:31:00Z,0.062496425274182865,4.027737473082798,3.965241047808615,0
2023-03-24T14:31:55Z,2023-03-24T14:32:00Z,0.027925743735313535,3.9973161061046167,3.969390362369303,0
2023-03-24T14:31:55Z,2023-03-24T14:32:00Z,0.043804977456059824,4.021112944720282,3.977307967264222,0
2023-03-24T14:31:55Z,2023-03-24T14:32:00Z,0.04275251646241962,4.024562774231929,3.981810257769509,0
2023-03-24T14:31:55Z,2023-03-24T14:32:00Z,0.03680263020750596,4.02524603554778,3.988443405340274,0
2023-03-24T14:31:55Z,2023-03-24T14:32:00Z,0.03330617694377125,4.030976203216627,3.997670026272856,0
2023-03-24T14:31:55Z,2023-03-24T14:32:00Z,0.04345328535448356,4.046795431677383,4.0033421463228995,0
2023-03-24T14:31:55Z,2023-03-24T14:32:00Z,0.06695422605405543,4.076298319308909,4.009344093254853,0
2023-03-24T14:31:55Z,2023-03-24T14:32:00Z,0.058661951382860344,4.073770522789564,4.015108571406704,0
2023-03-24T14:31:55Z,2023-03-24T14:32:00Z,0.07235686148493325,4.094799056562498,4.022442195077565,0
2023-03-24T14:31:55Z,2023-03-24T14:32:00Z,0.09919897093613539,4.125653932423083,4.026454961486948,0
2023-03-24T14:31:55Z,2023-03-24T14:32:00Z,0.10262743104383709,4.13476012847859,4.032132697434753,0
2023-03-24T14:31:55Z,2023-03-24T14:32:00Z,0.08383283823641019,4.122874261681513,4.039041423445103,0
2023-03-24T14:32:55Z,2023-03-24T14:33:00Z,0.06244587685836134,4.1085831527754735,4.046137275917112,0
2023-03-24T14:32:55Z,2023-03-24T14:33:00Z,0.045037008767392805,4.0972223920899395,4.052185383322547,0
2023-03-24T14:32:55Z,2023-03-24T14:33:00Z,0.05482194047768818,4.115422596050901,4.060600655573213,0
2023-03-24T14:32:55Z,2023-03-24T14:33:00Z,0.04545406719962397,4.112634649512357,4.067180582312733,0
2023-03-24T14:32:55Z,2023-03-24T14:33:00Z,0.02476814245492065,4.0977943996321935,4.073026257177273,0
2023-03-24T14:32:55Z,2023-03-24T14:33:00Z,0.037063929726193656,4.117778089797315,4.080714160071121,0
2023-03-24T14:32:55Z,2023-03-24T14:33:00Z,0.021266383011758982,4.107092640077008,4.085826257065249,0
2023-03-24T14:32:55Z,2023-03-24T14:33:00Z,0.008588792633508646,4.100629404069784,4.092040611436276,0
2023-03-24T14:32:55Z,2023-03-24T14:33:00Z,0.0015427643861416485,4.095954287352082,4.097497051738223,0
2023-03-24T14:32:55Z,2023-03-24T14:33:00Z,0.03860363904030795,4.06353695942146,4.102140598461768,0
2023-03-24T14:32:55Z,2023-03-24T14:33:00Z,0.026835336098052665,4.078582519408694,4.105417855506746,0
2023-03-24T14:32:55Z,2023-03-24T14:33:00Z,0.013020179897830886,4.117587278078749,4.104567098180918,0
2023-03-24T14:33:55Z,2023-03-24T14:34:00Z,0.06971167624315822,4.174599574198684,4.104887897955526,0
2023-03-24T14:33:55Z,2023-03-24T14:34:00Z,0.06551010873668428,4.17191722145996,4.106407112723276,0
2023-03-24T14:33:55Z,2023-03-24T14:34:00Z,0.016453726433378613,4.1261238819416945,4.109670155508316,0
2023-03-24T14:33:55Z,2023-03-24T14:34:00Z,0.029580933793535102,4.1417282288339425,4.112147295040407,0
2023-03-24T14:33:55Z,2023-03-24T14:34:00Z,0.03092155449929823,4.143285490890385,4.112363936391087,0
2023-03-24T14:33:55Z,2023-03-24T14:34:00Z,0.0575769069955534,4.172150515123872,4.114573608128318,0
2023-03-24T14:33:55Z,2023-03-24T14:34:00Z,0.07583899440796671,4.193483475789647,4.117644481381681,0
2023-03-24T14:33:55Z,2023-03-24T14:34:00Z,0.12003325042980784,4.241459593083021,4.121426342653213,0
2023-03-24T14:33:55Z,2023-03-24T14:34:00Z,0.12494025244645446,4.2517565168514855,4.126816264405031,0
2023-03-24T14:33:55Z,2023-03-24T14:34:00Z,0.1340983128774722,4.270492256845892,4.13639394396842,0
2023-03-24T14:33:55Z,2023-03-24T14:34:00Z,0.10214717040875065,4.247473009514115,4.1453258391053645,0
2023-03-24T14:33:55Z,2023-03-24T14:34:00Z,0.075812602782662,4.232031749672618,4.156219146889956,0
2023-03-24T14:34:55Z,2023-03-24T14:35:00Z,0.03008724899336901,4.1960959695796145,4.1660087205862455,0
2023-03-24T14:34:55Z,2023-03-24T14:35:00Z,0.01775026688259107,4.192830818290206,4.175080551407615,0
2023-03-24T14:34:55Z,2023-03-24T14:35:00Z,0.01648438553506537,4.200402204286558,4.1839178187514925,0
2023-03-24T14:34:55Z,2023-03-24T14:35:00Z,0.009003105649623144,4.200537477659882,4.191534372010259,0
2023-03-24T14:34:55Z,2023-03-24T14:35:00Z,0.0063068139322073336,4.203362181022987,4.19705536709078,0
2023-03-24T14:34:55Z,2023-03-24T14:35:00Z,0.003009367913657357,4.195775192741202,4.198784560654859,0
2023-03-24T14:34:55Z,2023-03-24T14:35:00Z,0.04137626907608105,4.159504622216314,4.200880891292395,0
2023-03-24T14:34:55Z,2023-03-24T14:35:00Z,0.08729404105909921,4.118230270953263,4.205524312012362,0
2023-03-24T14:34:55Z,2023-03-24T14:35:00Z,0.091599711588505,4.115109693316015,4.20670940490452,0
2023-03-24T14:34:55Z,2023-03-24T14:35:00Z,0.11154945334001098,4.093489603568701,4.205039056908712,0
2023-03-24T14:34:55Z,2023-03-24T14:35:00Z,0.11680647065283534,4.084429864802019,4.201236335454855,0
2023-03-24T14:34:55Z,2023-03-24T14:35:00Z,0.12095597198841368,4.073614105318378,4.194570077306792,0
2023-03-24T14:35:55Z,2023-03-24T14:36:00Z,0.12230687203486301,4.061794556719862,4.184101428754725,0
2023-03-24T14:35:55Z,2023-03-24T14:36:00Z,0.10915558205907416,4.063069685926776,4.1722252679858505,0
2023-03-24T14:35:55Z,2023-03-24T14:36:00Z,0.11344471918722743,4.044867368790221,4.158312087977448,0
2023-03-24T14:35:55Z,2023-03-24T14:36:00Z,0.11930429838648404,4.026714234685143,4.146018533071627,0
2023-03-24T14:35:55Z,2023-03-24T14:36:00Z,0.12425729711425859,4.009283610565207,4.133540907679466,0
2023-03-24T14:35:55Z,2023-03-24T14:36:00Z,0.15088861945117138,3.971360172568664,4.122248792019835,0
2023-03-24T14:35:55Z,2023-03-24T14:36:00Z,0.13374555328647375,3.9762667582183617,4.1100123115048355,0
2023-03-24T14:35:55Z,2023-03-24T14:36:00Z,0.13637098767766753,3.9583718550459746,4.094742842723642,0
2023-03-24T14:35:55Z,2023-03-24T14:36:00Z,0.14887552637553592,3.930915935052005,4.079791461427541,0
2023-03-24T14:35:55Z,2023-03-24T14:36:00Z,0.1247426984987614,3.938716074530312,4.063458773029073,0
2023-03-24T14:35:55Z,2023-03-24T14:36:00Z,0.16305111303853925,3.8827503761445885,4.045801489183128,0
2023-03-24T14:36:55Z,2023-03-24T14:37:00Z,0.1451578397292832,3.8859244129414434,4.031082252670727,0
2023-03-24T14:36:55Z,2023-03-24T14:37:00Z,0.11202452814197983,3.9033590648748353,4.015383593016815,0
2023-03-24T14:36:55Z,2023-03-24T14:37:00Z,0.10327407875645722,3.89683049556872,4.000104574325177,0
2023-03-24T14:36:55Z,2023-03-24T14:37:00Z,0.08298252299979048,3.904446682079128,3.9874292050789184,0
2023-03-24T14:36:55Z,2023-03-24T14:37:00Z,0.08333540214127533,3.8915871783220903,3.9749225804633657,0
2023-03-24T14:36:55Z,2023-03-24T14:37:00Z,0.06308108032772974,3.900563671919686,3.963644752247416,0
2023-03-24T14:36:55Z,2023-03-24T14:37:00Z,0.028553401809930268,3.923744191877634,3.952297593687564,0
2023-03-24T14:36:55Z,2023-03-24T14:37:00Z,0.021649182363976394,3.9198146770564484,3.9414638594204248,0
2023-03-24T14:36:55Z,2023-03-24T14:37:00Z,0.009766445578072158,3.943155426537658,3.933388980959586,0
2023-03-24T14:36:55Z,2023-03-24T14:37:00Z,0.023146156842472454,3.949408500626812,3.9262623437843396,0
2023-03-24T14:36:55Z,2023-03-24T14:37:00Z,0.02458267988062257,3.946436478063126,3.9218537981825032,0
2023-03-24T14:36:55Z,2023-03-24T14:37:00Z,0.06151983998324928,3.981910193369629,3.9203903533863795,0
2023-03-24T14:36:55Z,2023-03-24T14:37:00Z,0.06102777477199828,3.9794294428146952,3.918401668042697,0
2023-03-24T14:37:55Z,2023-03-24T14:38:00Z,0.04518168016774915,3.965152570765357,3.919970890597608,0
2023-03-24T14:37:55Z,2023-03-24T14:38:00Z,0.03727510546916024,3.960480229917614,3.9232051244484536,0
2023-03-24T14:37:55Z,2023-03-24T14:38:00Z,0.057833966577624185,3.9828015241084143,3.92496755753079,0
2023-03-24T14:37:55Z,2023-03-24T14:38:00Z,0.07717275218098152,4.007322299963307,3.9301495477823254,0
2023-03-24T14:37:55Z,2023-03-24T14:38:00Z,0.06905542218976324,4.005663444049887,3.9366080218601236,0
2023-03-24T14:37:55Z,2023-03-24T14:38:00Z,0.047828274926624115,3.9913671791259793,3.943538904199355,0
2023-03-24T14:37:55Z,2023-03-24T14:38:00Z,0.0528906561642466,4.003685090262346,3.9507944340980994,0
2023-03-24T14:37:55Z,2023-03-24T14:38:00Z,0.025653905311772363,3.982243039212995,3.9565891339012227,0
2023-03-24T14:37:55Z,2023-03-24T14:38:00Z,0.010816382494997612,3.9748787105255703,3.9640623280305727,0
2023-03-24T14:37:55Z,2023-03-24T14:38:00Z,0.014003883866097855,3.983511503049558,3.96950761918346,0
2023-03-24T14:37:55Z,2023-03-24T14:38:00Z,0.008002836983555195,3.9649137501097678,3.972916587093323,0
2023-03-24T14:37:55Z,2023-03-24T14:38:00Z,0.0140866748551427,3.9630763673043874,3.97716304215953,0
2023-03-24T14:38:55Z,2023-03-24T14:39:00Z,0.00010388890980239651,3.978509708154535,3.9786135970643373,0
2023-03-24T14:38:55Z,2023-03-24T14:39:00Z,0.015254150313152248,3.9947789384893277,3.9795247881761755,0
2023-03-24T14:38:55Z,2023-03-24T14:39:00Z,0.010776448112092218,3.9924394516276944,3.981663003515602,0
2023-03-24T14:38:55Z,2023-03-24T14:39:00Z,0.0006446307806902141,3.983165550637606,3.9825209198569156,0
2023-03-24T14:38:55Z,2023-03-24T14:39:00Z,0.0038048969998452087,3.9795833567779373,3.9833882537777825,0
2023-03-24T14:38:55Z,2023-03-24T14:39:00Z,0.006699965152567877,3.991289084255167,3.984589119102599,0
2023-03-24T14:38:55Z,2023-03-24T14:39:00Z,0.015076344767312122,4.0009390056606,3.9858626608932877,0
2023-03-24T14:38:55Z,2023-03-24T14:39:00Z,0.04629492693851667,4.032723425174921,3.986428498236404,0
2023-03-24T14:38:55Z,2023-03-24T14:39:00Z,0.07064459100770204,4.056647536290592,3.9860029452828902,0
2023-03-24T14:38:55Z,2023-03-24T14:39:00Z,0.06015260563577263,4.047959549660332,3.9878069440245594,0
2023-03-24T14:38:55Z,2023-03-24T14:39:00Z,0.05918536668022156,4.051344334515755,3.9921589678355334,0
2023-03-24T14:39:55Z,2023-03-24T14:40:00Z,0.07265041284157947,4.067761011303645,3.9951105984620656,0
2023-03-24T14:39:55Z,2023-03-24T14:40:00Z,0.06296741361965319,4.062684765101903,3.9997173514822495,0
2023-03-24T14:39:55Z,2023-03-24T14:40:00Z,0.06693684219722407,4.0728463470646785,4.0059095048674545,0
2023-03-24T14:39:55Z,2023-03-24T14:40:00Z,0.0345648118499744,4.045752534187586,4.011187722337612,0
2023-03-24T14:39:55Z,2023-03-24T14:40:00Z,0.016835479820064947,4.035218708621337,4.018383228801272,0
2023-03-24T14:39:55Z,2023-03-24T14:40:00Z,0.021508464034575958,4.045403437294728,4.023894973260152,0
2023-03-24T14:39:55Z,2023-03-24T14:40:00Z,0.012244131381902612,4.015431441909369,4.027675573291272,0
2023-03-24T14:39:55Z,2023-03-24T14:40:00Z,0.05020883828172229,3.9808417015965767,4.031050539878299,0
2023-03-24T14:39:55Z,2023-03-24T14:40:00Z,0.0623762084029722,3.9702071308274376,4.03258333923041,0
2023-03-24T14:39:55Z,2023-03-24T14:40:00Z,0.06726416232906285,3.9651642536319462,4.032428415961009,0
2023-03-24T14:39:55Z,2023-03-24T14:40:00Z,0.08750568527563596,3.9442976489553394,4.031803334230975,0
2023-03-24T14:39:55Z,2023-03-24T14:40:00Z,0.11614505064748037,3.9139166282086135,4.030061678856094,0
2023-03-24T14:39:55Z,2023-03-24T14:40:00Z,0.12293012415835447,3.903355464250722,4.026285588409077,0
2023-03-24T14:40:55Z,2023-03-24T14:41:00Z,0.1137208494608446,3.9046442858171453,4.01836513527799,0
2023-03-24T14:40:55Z,2023-03-24T14:41:00Z,0.1336672288757681,3.8744784349328967,4.008145663808665,0
2023-03-24T14:40:55Z,2023-03-24T14:41:00Z,0.12870343330564893,3.8698878795801366,3.9985913128857855,0
2023-03-24T14:40:55Z,2023-03-24T14:41:00Z,0.12677049838680254,3.860029754526793,3.9868002529135955,0
2023-03-24T14:40:55Z,2023-03-24T14:41:00Z,0.10834981543973621,3.8652588953589584,3.9736087107986946,0
2023-03-24T14:40:55Z,2023-03-24T14:41:00Z,0.08531735319310796,3.8747810235672446,3.9600983767603526,0
2023-03-24T14:40:55Z,2023-03-24T14:41:00Z,0.07666439111346524,3.86959482219984,3.946259213313305,0
2023-03-24T14:40:55Z,2023-03-24T14:41:00Z,0.07536031026810841,3.859500802337174,3.9348611126052826,0
2023-03-24T14:40:55Z,2023-03-24T14:41:00Z,0.07636615994199358,3.847453360235189,3.9238195201771826,0
2023-03-24T14:40:55Z,2023-03-24T14:41:00Z,0.08971441675760339,3.821711594422409,3.9114260111800125,0
2023-03-24T14:40:55Z,2023-03-24T14:41:00Z,0.030479636148867506,3.869747836252866,3.9002274724017334,0
2023-03-24T14:40:55Z,2023-03-24T14:41:00Z,0.018209132881317647,3.871409665708805,3.8896187985901225,0
2023-03-24T14:41:55Z,2023-03-24T14:42:00Z,0.00981868734162683,3.8731028249435244,3.8829215122851513,0
2023-03-24T14:41:55Z,2023-03-24T14:42:00Z,0.017649634170358475,3.8943208405939673,3.876671206423609,0
2023-03-24T14:41:55Z,2023-03-24T14:42:00Z,0.028537983713577297,3.900462868536398,3.8719248848228207,0
2023-03-24T14:41:55Z,2023-03-24T14:42:00Z,0.034883388534550974,3.905501887516396,3.870618498981845,0
2023-03-24T14:41:55Z,2023-03-24T14:42:00Z,0.05770891537063072,3.9281345746381873,3.8704256592675566,0
2023-03-24T14:41:55Z,2023-03-24T14:42:00Z,0.06955581527759103,3.940038647991764,3.870482832714173,0
2023-03-24T14:41:55Z,2023-03-24T14:42:00Z,0.07871651664240131,3.952776425336927,3.8740599086945258,0
2023-03-24T14:41:55Z,2023-03-24T14:42:00Z,0.0773322104424734,3.9560688370311077,3.8787366265886343,0
2023-03-24T14:41:55Z,2023-03-24T14:42:00Z,0.07272041610267088,3.9576401540786477,3.884919737975977,0
2023-03-24T14:41:55Z,2023-03-24T14:42:00Z,0.0874972908345355,3.9784710249219892,3.8909737340874537,0
2023-03-24T14:41:55Z,2023-03-24T14:42:00Z,0.06288666468149762,3.9593843408030445,3.896497676121547,0
2023-03-24T14:42:55Z,2023-03-24T14:43:00Z,0.04433915155490942,3.9480952411912655,3.903756089636356,0
2023-03-24T14:42:55Z,2023-03-24T14:43:00Z,0.04813147981001542,3.9585464720107635,3.910414992200748,0
2023-03-24T14:42:55Z,2023-03-24T14:43:00Z,0.039033501799977,3.95615795273113,3.917124450931153,0
2023-03-24T14:42:55Z,2023-03-24T14:43:00Z,0.030816775863611312,3.9570635519673214,3.92624677610371,0
2023-03-24T14:42:55Z,2023-03-24T14:43:00Z,0.02747654945000777,3.959483999985602,3.932007450535594,0
2023-03-24T14:42:55Z,2023-03-24T14:43:00Z,0.016349769306862605,3.9213679403126336,3.937717709619496,0
2023-03-24T14:42:55Z,2023-03-24T14:43:00Z,0.042764215594117694,3.900712239028184,3.9434764546223016,0
2023-03-24T14:42:55Z,2023-03-24T14:43:00Z,0.049257376636179906,3.896022217967366,3.9452795946035457,0
2023-03-24T14:42:55Z,2023-03-24T14:43:00Z,0.04711863711017239,3.8981775821928255,3.945296219302998,0
2023-03-24T14:42:55Z,2023-03-24T14:43:00Z,0.04534503492309794,3.8993192064099644,3.9446642413330624,0
2023-03-24T14:42:55Z,2023-03-24T14:43:00Z,0.03228418087533047,3.910382927628041,3.9426671085033713,0
2023-03-24T14:42:55Z,2023-03-24T14:43:00Z,0.041431835029626995,3.8985206440349573,3.9399524790645843,0
2023-03-24T14:42:55Z,2023-03-24T14:43:00Z,0.013087181349826338,3.9240390645341656,3.937126245883992,0
2023-03-24T14:43:55Z,2023-03-24T14:44:00Z,0.016768680532091018,3.95005838021634,3.933289699684249,0
2023-03-24T14:43:55Z,2023-03-24T14:44:00Z,0.03806905767994406,3.969118684727894,3.93104962704795,0
2023-03-24T14:43:55Z,2023-03-24T14:44:00Z,0.05555879218707194,3.9847142429213123,3.9291554507342403,0
2023-03-24T14:43:55Z,2023-03-24T14:44:00Z,0.06766022169546959,3.997464628691367,3.9298044069958973,0
2023-03-24T14:43:55Z,2023-03-24T14:44:00Z,0.08054495302776488,4.012790626805665,3.9322456737779,0
2023-03-24T14:43:55Z,2023-03-24T14:44:00Z,0.10202742447119073,4.036867642027798,3.9348402175566073,0
2023-03-24T14:43:55Z,2023-03-24T14:44:00Z,0.09894671276156819,4.037562441923145,3.9386157291615764,0
2023-03-24T14:43:55Z,2023-03-24T14:44:00Z,0.1146381344242271,4.058574136256502,3.943936001832275,0
2023-03-24T14:43:55Z,2023-03-24T14:44:00Z,0.11650849172233135,4.065649723017109,3.9491412312947776,0
2023-03-24T14:43:55Z,2023-03-24T14:44:00Z,0.11539249058660905,4.073680801610978,3.958288311024369,0
2023-03-24T14:43:55Z,2023-03-24T14:44:00Z,0.13083330963348594,4.100117452923783,3.969284143290297,0
2023-03-24T14:43:55Z,2023-03-24T14:44:00Z,0.12725650923996357,4.1083845581065015,3.981128048866538,0
2023-03-24T14:44:55Z,2023-03-24T14:45:00Z,0.09037364114746449,4.084964348062733,3.994590706915268,0
2023-03-24T14:44:55Z,2023-03-24T14:45:00Z,0.07286865126411524,4.0813970482924855,4.00852839702837,0
2023-03-24T14:44:55Z,2023-03-24T14:45:00Z,0.05517563277023019,4.075342791160914,4.0201671583906835,0
2023-03-24T14:44:55Z,2023-03-24T14:45:00Z,0.02404191911082698,4.056400837785346,4.032358918674519,0
2023-03-24T14:44:55Z,2023-03-24T14:45:00Z,0.018150538794023063,4.060596372576991,4.042445833782968,0
2023-03-24T14:44:55Z,2023-03-24T14:45:00Z,0.004434080500635318,4.045101250453601,4.049535330954236,0
2023-03-24T14:44:55Z,2023-03-24T14:45:00Z,0.016004298294724606,4.071638141772233,4.0556338434775085,0
2023-03-24T14:44:55Z,2023-03-24T14:45:00Z,0.06358020242130014,4.123239846400961,4.059659643979661,0
2023-03-24T14:44:55Z,2023-03-24T14:45:00Z,0.07389597503545886,4.138500519887177,4.0646045448517185,0
2023-03-24T14:44:55Z,2023-03-24T14:45:00Z,0.06956276334769651,4.141530589505768,4.071967826158072,0
2023-03-24T14:44:55Z,2023-03-24T14:45:00Z,0.06508991232983874,4.143833263678536,4.078743351348697,0
2023-03-24T14:44:55Z,2023-03-24T14:45:00Z,0.04352656847363434,4.1292011296611735,4.085674561187539,0
2023-03-24T14:45:55Z,2023-03-24T14:46:00Z,0.04533874056552012,4.136697243581194,4.091358503015674,0
2023-03-24T14:45:55Z,2023-03-24T14:46:00Z,0.05144401692031231,4.147039280378925,4.095595263458613,0
2023-03-24T14:45:55Z,2023-03-24T14:46:00Z,0.06632264965723511,4.166119009247196,4.099796359589961,0
2023-03-24T14:45:55Z,2023-03-24T14:46:00Z,0.09489836444161881,4.197822845861922,4.102924481420303,0
2023-03-24T14:45:55Z,2023-03-24T14:46:00Z,0.11048391989926998,4.217257364728953,4.106773444829683,0
2023-03-24T14:45:55Z,2023-03-24T14:46:00Z,0.15436952302965867,4.268666867712621,4.114297344682963,0
2023-03-24T14:45:55Z,2023-03-24T14:46:00Z,0.15053888787557224,4.273893586987632,4.12335469911206,0
2023-03-24T14:45:55Z,2023-03-24T14:46:00Z,0.14656374768679203,4.282806718568966,4.136242970882174,0
2023-03-24T14:45:55Z,2023-03-24T14:46:00Z,0.14584250722496783,4.296584994720627,4.150742487495659,0
2023-03-24T14:45:55Z,2023-03-24T14:46:00Z,0.13121341259968133,4.296769923161472,4.165556510561791,0
2023-03-24T14:45:55Z,2023-03-24T14:46:00Z,0.0679635286530802,4.250285622166006,4.1823220935129255,0
2023-03-24T14:45:55Z,2023-03-24T14:46:00Z,0.034438119014328805,4.231768997953203,4.197330878938875,0
2023-03-24T14:46:55Z,2023-03-24T14:47:00Z,0.0001519233402644815,4.205952520663476,4.205800597323211,0
2023-03-24T14:46:55Z,2023-03-24T14:47:00Z,0.03719984034581092,4.174818655515135,4.212018495860946,0
2023-03-24T14:46:55Z,2023-03-24T14:47:00Z,0.05746843993956752,4.158844851331892,4.21631329127146,0
2023-03-24T14:46:55Z,2023-03-24T14:47:00Z,0.07198206920411554,4.14639691485645,4.218378984060566,0
2023-03-24T14:46:55Z,2023-03-24T14:47:00Z,0.08343922322482822,4.13691600894712,4.220355232171948,0
2023-03-24T14:46:55Z,2023-03-24T14:47:00Z,0.06138790249187043,4.159613974431761,4.221001876923632,0
2023-03-24T14:46:55Z,2023-03-24T14:47:00Z,0.056330031712587214,4.163996960448924,4.220326992161511,0
2023-03-24T14:46:55Z,2023-03-24T14:47:00Z,0.10032914284763628,4.119564180326179,4.219893323173816,0
2023-03-24T14:46:55Z,2023-03-24T14:47:00Z,0.07526267896907246,4.14237558517721,4.217638264146283,0
2023-03-24T14:46:55Z,2023-03-24T14:47:00Z,0.07992885940906369,4.1311965257770344,4.211125385186098,0
2023-03-24T14:46:55Z,2023-03-24T14:47:00Z,0.07138586916040879,4.131320097189995,4.202705966350404,0
2023-03-24T14:46:55Z,2023-03-24T14:47:00Z,0.04994772252422397,4.143245106412141,4.193192828936365,0
2023-03-24T14:47:55Z,2023-03-24T14:48:00Z,0.01875281814972407,4.164340902694709,4.183093720844433,0
2023-03-24T14:47:55Z,2023-03-24T14:48:00Z,0.005742754890814439,4.167128306733053,4.172871061623868,0
2023-03-24T14:47:55Z,2023-03-24T14:48:00Z,0.022141604591902286,4.186184064851319,4.164042460259417,0
2023-03-24T14:47:55Z,2023-03-24T14:48:00Z,0.03169891794842261,4.190197557178975,4.158498639230553,0
2023-03-24T14:47:55Z,2023-03-24T14:48:00Z,0.04294123353205048,4.198400877222477,4.155459643690427,0
2023-03-24T14:47:55Z,2023-03-24T14:48:00Z,0.02056298093229536,4.174972293723755,4.15440931279146,0
2023-03-24T14:47:55Z,2023-03-24T14:48:00Z,0.006489968099656629,4.16247142900494,4.155981460905283,0
2023-03-24T14:47:55Z,2023-03-24T14:48:00Z,0.023968093942615454,4.181024717674022,4.157056623731407,0
2023-03-24T14:47:55Z,2023-03-24T14:48:00Z,0.015431324407567892,4.173559582415541,4.158128258007973,0
2023-03-24T14:47:55Z,2023-03-24T14:48:00Z,0.002526923828149563,4.163595762417916,4.161068838589767,0
2023-03-24T14:47:55Z,2023-03-24T14:48:00Z,0.0040828731600717205,4.166081418948757,4.161998545788685,0
2023-03-24T14:47:55Z,2023-03-24T14:48:00Z,0.025892983440106043,4.136078815813178,4.161971799253284,0
2023-03-24T14:48:55Z,2023-03-24T14:49:00Z,0.06618592897664666,4.098887019518143,4.16507294849479,0
2023-03-24T14:48:55Z,2023-03-24T14:49:00Z,0.0837873859016458,4.080865777968875,4.164653163870521,0
2023-03-24T14:48:55Z,2023-03-24T14:49:00Z,0.09245516111363816,4.070044035672956,4.1624991967865945,0
2023-03-24T14:48:55Z,2023-03-24T14:49:00Z,0.0973627417577907,4.061772833747396,4.159135575505187,0
2023-03-24T14:48:55Z,2023-03-24T14:49:00Z,0.0944576268967312,4.0597978772258445,4.154255504122576,0
2023-03-24T14:48:55Z,2023-03-24T14:49:00Z,0.11931452393009678,4.028103108929324,4.147417632859421,0
2023-03-24T14:48:55Z,2023-03-24T14:49:00Z,0.11986060129044152,4.020401669601832,4.140262270892274,0
2023-03-24T14:48:55Z,2023-03-24T14:49:00Z,0.1243572361441796,4.005366304353294,4.129723540497474,0
2023-03-24T14:48:55Z,2023-03-24T14:49:00Z,0.11179904389619111,4.006604770762807,4.118403814658998,0
2023-03-24T14:48:55Z,2023-03-24T14:49:00Z,0.04283873673129701,4.062696106403088,4.105534843134385,0
2023-03-24T14:48:55Z,2023-03-24T14:49:00Z,0.005086923167178625,4.089223418436477,4.094310341603656,0
2023-03-24T14:49:55Z,2023-03-24T14:50:00Z,0.019311450640764782,4.106970104070963,4.087658653430198,1
2023-03-24T14:49:55Z,2023-03-24T14:50:00Z,0.08432494097704613,4.165863507791408,4.081538566814362,1
2023-03-24T14:49:55Z,2023-03-24T14:50:00Z,0.11441982957811803,4.191519097836174,4.077099268258056,1
2023-03-24T14:49:55Z,2023-03-24T14:50:00Z,0.09647131733020142,4.173721768613158,4.077250451282956,1
2023-03-24T14:49:55Z,2023-03-24T14:50:00Z,0.12606604337817195,4.205012339920289,4.078946296542117,1
2023-03-24T14:49:55Z,2023-03-24T14:50:00Z,0.11678519168486812,4.19824101841365,4.0814558267287815,1
2023-03-24T14:49:55Z,2023-03-24T14:50:00Z,0.08933888532945566,4.177869733418381,4.088530848088926,1
2023-03-24T14:49:55Z,2023-03-24T14:50:00Z,0.03998982911779603,4.136345693236373,4.096355864118577,1
2023-03-24T14:49:55Z,2023-03-24T14:50:00Z,0.01605627900031692,4.087487964967955,4.103544243968272,1
2023-03-24T14:49:55Z,2023-03-24T14:50:00Z,0.0359622706774374,4.144478038611641,4.108515767934204,1
2023-03-24T14:49:55Z,2023-03-24T14:50:00Z,0.07965387076150865,4.190015644545187,4.110361773783678,1
2023-03-24T14:49:55Z,2023-03-24T14:50:00Z,0.12369145488644229,4.241811557315607,4.118120102429165,1
2023-03-24T14:49:55Z,2023-03-24T14:50:00Z,0.14822822103022926,4.277655921788952,4.129427700758723,1
2023-03-24T14:50:55Z,2023-03-24T14:51:00Z,0.11879572321285092,4.263986440835727,4.145190717622876,1
2023-03-24T14:50:55Z,2023-03-24T14:51:00Z,0.0995529697665738,4.262813764124528,4.163260794357954,1
2023-03-24T14:50:55Z,2023-03-24T14:51:00Z,0.10989922261376606,4.2865793726005625,4.1766801499867965,1
2023-03-24T14:50:55Z,2023-03-24T14:51:00Z,0.05855434121114378,4.246807180910477,4.1882528396993335,1
2023-03-24T14:50:55Z,2023-03-24T14:51:00Z,0.021349045371398034,4.221575836306037,4.200226790934639,1
2023-03-24T14:50:55Z,2023-03-24T14:51:00Z,0.01103460930535416,4.216657645114599,4.205623035809245,1
2023-03-24T14:50:55Z,2023-03-24T14:51:00Z,0.009495503166560226,4.198131315207342,4.207626818373902,1
2023-03-24T14:50:55Z,2023-03-24T14:51:00Z,0.02129760958585436,4.18919160055481,4.210489210140665,1
2023-03-24T14:50:55Z,2023-03-24T14:51:00Z,0.07511985288636769,4.134910622273434,4.210030475159802,1
2023-03-24T14:50:55Z,2023-03-24T14:51:00Z,0.14659283640457588,4.0628343442313035,4.209427180635879,1
2023-03-24T14:50:55Z,2023-03-24T14:51:00Z,0.25610637453991947,3.950456865352964,4.206563239892883,1
2023-03-24T14:51:55Z,2023-03-24T14:52:00Z,0.3312980749584069,3.8703644083341384,4.201662483292545,1
2023-03-24T14:51:55Z,2023-03-24T14:52:00Z,0.3821200657411872,3.8104070109103585,4.192527076651546,1
2023-03-24T14:51:55Z,2023-03-24T14:52:00Z,0.4040916125090108,3.7701612221240346,4.174252834633045,1
2023-03-24T14:51:55Z,2023-03-24T14:52:00Z,0.4217335268000397,3.7272120655906837,4.1489455923907235,1
2023-03-24T14:51:55Z,2023-03-24T14:52:00Z,0.3825172584945733,3.734984978216712,4.117502236711285,1
2023-03-24T14:51:55Z,2023-03-24T14:52:00Z,0.37807605320423265,3.702729926427168,4.080805979631401,1
2023-03-24T14:51:55Z,2023-03-24T14:52:00Z,0.38034801328769197,3.665191202169107,4.045539215456799,1
2023-03-24T14:51:55Z,2023-03-24T14:52:00Z,0.33819001721570485,3.6700102757279365,4.008200292943641,1
2023-03-24T14:51:55Z,2023-03-24T14:52:00Z,0.30225631995807944,3.6645180949567986,3.966774414914878,1
2023-03-24T14:51:55Z,2023-03-24T14:52:00Z,0.2470397792094139,3.681281508693295,3.9283212879027087,1
2023-03-24T14:51:55Z,2023-03-24T14:52:00Z,0.2089522375420758,3.6822318676040164,3.8911841051460923,1
2023-03-24T14:51:55Z,2023-03-24T14:52:00Z,0.17665374295688974,3.6788386197611156,3.8554923627180053,1
2023-03-24T14:51:55Z,2023-03-24T14:52:00Z,0.13075502986955412,3.6903440363415636,3.8210990662111177,1
2023-03-24T14:52:55Z,2023-03-24T14:53:00Z,0.09221484263215673,3.694860691526048,3.7870755341582045,1
2023-03-24T14:52:55Z,2023-03-24T14:53:00Z,0.05921773722225421,3.6982200245404924,3.7574377617627466,1
2023-03-24T14:52:55Z,2023-03-24T14:53:00Z,0.04241978358192666,3.6904864013338026,3.7329061849157292,1
2023-03-24T14:52:55Z,2023-03-24T14:53:00Z,0.0674083018001066,3.648682093728125,3.7160903955282314,1
2023-03-24T14:52:55Z,2023-03-24T14:53:00Z,0.06820896786701569,3.635889560527859,3.7040985283948746,1
2023-03-24T14:52:55Z,2023-03-24T14:53:00Z,0.06685589047679485,3.626460976772598,3.693316867249393,1
2023-03-24T14:52:55Z,2023-03-24T14:53:00Z,0.055134206115859286,3.6292312170271215,3.6843654231429808,1
2023-03-24T14:52:55Z,2023-03-24T14:53:00Z,0.00930844022334254,3.6869571241117844,3.677648683888442,1
2023-03-24T14:52:55Z,2023-03-24T14:53:00Z,0.0038750679707315605,3.6744735011132006,3.670598433142469,1
2023-03-24T14:52:55Z,2023-03-24T14:53:00Z,0.01663559792329483,3.6861825109114053,3.6695469129881104,1
2023-03-24T14:52:55Z,2023-03-24T14:53:00Z,0.025987672852822552,3.696153405770539,3.6701657329177166,1
2023-03-24T14:53:55Z,2023-03-24T14:54:00Z,0.029366392828677146,3.7006102747586254,3.671243881929948,1
2023-03-24T14:53:55Z,2023-03-24T14:54:00Z,0.04554193007765095,3.718894832728515,3.6733529026508642,1
2023-03-24T14:53:55Z,2023-03-24T14:54:00Z,0.04165118844014559,3.716292675495365,3.6746414870552195,1
2023-03-24T14:53:55Z,2023-03-24T14:54:00Z,0.04365923270896932,3.7207449174391556,3.6770856847301863,1
2023-03-24T14:53:55Z,2023-03-24T14:54:00Z,0.06727911702721245,3.7468617388063485,3.679582621779136,1
2023-03-24T14:53:55Z,2023-03-24T14:54:00Z,0.08438475129265699,3.7659940984783,3.681609347185643,1
2023-03-24T14:53:55Z,2023-03-24T14:54:00Z,0.0940793223433567,3.779155406014353,3.6850760836709964,1
2023-03-24T14:53:55Z,2023-03-24T14:54:00Z,0.12482648666433471,3.814420841931185,3.68959435526685,1
2023-03-24T14:53:55Z,2023-03-24T14:54:00Z,0.07720100482073677,3.77270662706629,3.695505622245553,1
2023-03-24T14:53:55Z,2023-03-24T14:54:00Z,0.15140252069819704,3.857957392823955,3.706554872125758,1
2023-03-24T14:53:55Z,2023-03-24T14:54:00Z,0.2396775689527808,3.9553535788477667,3.715676009894986,1
2023-03-24T14:53:55Z,2023-03-24T14:54:00Z,0.3216231221873955,4.052732226485806,3.7311091042984104,1
2023-03-24T14:53:55Z,2023-03-24T14:54:00Z,0.37244124390075983,4.125291838987213,3.752850595086453,1
2023-03-24T14:54:55Z,2023-03-24T14:55:00Z,0.37901803225830877,4.156253634169697,3.777235601911388,0
2023-03-24T14:54:55Z,2023-03-24T14:55:00Z,0.3654118283123067,4.172701986081963,3.807290157769656,0
2023-03-24T14:54:55Z,2023-03-24T14:55:00Z,0.2908263198687431,4.129454552522285,3.8386282326535417,0
2023-03-24T14:54:55Z,2023-03-24T14:55:00Z,0.17635102349658194,4.046749161504218,3.870398138007636,0
2023-03-24T14:54:55Z,2023-03-24T14:55:00Z,0.09300325256483655,3.9919910090900497,3.898987756525213,0
2023-03-24T14:54:55Z,2023-03-24T14:55:00Z,0.004589735106980353,3.9254344468839073,3.920844711776927,0
2023-03-24T14:54:55Z,2023-03-24T14:55:00Z,0.031081291385308685,3.9081433092979303,3.939224600683239,0
2023-03-24T14:54:55Z,2023-03-24T14:55:00Z,0.1026213533784559,3.8502492159344324,3.9528705693128883,0
2023-03-24T14:54:55Z,2023-03-24T14:55:00Z,0.11816750487246397,3.845455169139863,3.963622674012327,0
2023-03-24T14:54:55Z,2023-03-24T14:55:00Z,0.1170437311720014,3.852195950670735,3.9692396818427365,0
2023-03-24T14:54:55Z,2023-03-24T14:55:00Z,0.12321578432868696,3.8504438817224167,3.9736596660511037,0
2023-03-24T14:54:55Z,2023-03-24T14:55:00Z,0.14453922512600847,3.8316387815077317,3.97617800663374,0
2023-03-24T14:55:55Z,2023-03-24T14:56:00Z,0.15223471224831098,3.8291257780291708,3.9813604902774817,0
2023-03-24T14:55:55Z,2023-03-24T14:56:00Z,0.1630014579314203,3.816604458258314,3.979605916189734,0
2023-03-24T14:55:55Z,2023-03-24T14:56:00Z,0.15123693304169583,3.819953796426799,3.971190729468495,0
2023-03-24T14:55:55Z,2023-03-24T14:56:00Z,0.11124504107976962,3.844203837173559,3.955448878253329,0
2023-03-24T14:55:55Z,2023-03-24T14:56:00Z,0.07806021067642455,3.8570327980728765,3.935093008749301,0
2023-03-24T14:55:55Z,2023-03-24T14:56:00Z,0.06387398562393498,3.850415703325624,3.914289688949559,0
2023-03-24T14:55:55Z,2023-03-24T14:56:00Z,0.06462577187909613,3.8286193045365238,3.89324507641562,0
2023-03-24T14:55:55Z,2023-03-24T14:56:00Z,0.03271114654312335,3.8419313399260524,3.8746424864691758,0
2023-03-24T14:55:55Z,2023-03-24T14:56:00Z,0.011770781730220392,3.8718712777348827,3.8601004960046623,0
2023-03-24T14:55:55Z,2023-03-24T14:56:00Z,0.003749667074282481,3.8538461851346786,3.850096518060396,0
2023-03-24T14:55:55Z,2023-03-24T14:56:00Z,0.026337962442602336,3.820187677674525,3.8465256401171275,0
2023-03-24T14:56:55Z,2023-03-24T14:57:00Z,0.0021699396549514915,3.845075771494529,3.8429058318395777,0
2023-03-24T14:56:55Z,2023-03-24T14:57:00Z,0.011368078582897123,3.8295336507060194,3.8409017292889165,0
2023-03-24T14:56:55Z,2023-03-24T14:57:00Z,0.004440225932856645,3.8364362101797047,3.8408764361125614,0
2023-03-24T14:56:55Z,2023-03-24T14:57:00Z,0.014031370812190858,3.8533969869271036,3.839365616114913,0
2023-03-24T14:56:55Z,2023-03-24T14:57:00Z,0.016016710728932182,3.854448482074331,3.838431771345399,0
2023-03-24T14:56:55Z,2023-03-24T14:57:00Z,0.03729470158168002,3.8771770199550373,3.8398823183733573,0
2023-03-24T14:56:55Z,2023-03-24T14:57:00Z,0.09271270092221418,3.934283199565249,3.841570498643035,0
2023-03-24T14:56:55Z,2023-03-24T14:57:00Z,0.12537820863226967,3.970986878055086,3.845608669422816,0
2023-03-24T14:56:55Z,2023-03-24T14:57:00Z,0.13368429140196403,3.98691492103401,3.853230629632046,0
2023-03-24T14:56:55Z,2023-03-24T14:57:00Z,0.11084605589308882,3.97252888825057,3.861682832357481,0
2023-03-24T14:56:55Z,2023-03-24T14:57:00Z,0.10542301048514657,3.975764651040037,3.8703416405548903,0
2023-03-24T14:56:55Z,2023-03-24T14:57:00Z,0.007619858994440953,3.8861023785443276,3.8784825195498867,0
2023-03-24T14:56:55Z,2023-03-24T14:57:00Z,0.045384322646995656,3.842907886669792,3.8882922093167878,0
2023-03-24T14:57:55Z,2023-03-24T14:58:00Z,0.19746758114868745,3.693769364075985,3.8912369452246724,0
2023-03-24T14:57:55Z,2023-03-24T14:58:00Z,0.29376425877889956,3.595541793708101,3.8893060524870005,0
2023-03-24T14:57:55Z,2023-03-24T14:58:00Z,0.45839404920960236,3.420240215206818,3.8786342644164202,0
2023-03-24T14:57:55Z,2023-03-24T14:58:00Z,0.5985360287493764,3.265121843402616,3.8636578721519923,0
2023-03-24T14:57:55Z,2023-03-24T14:58:00Z,0.6527538826279322,3.1825816191048792,3.8353355017328115,0
2023-03-24T14:57:55Z,2023-03-24T14:58:00Z,0.5874451900777844,3.2102628578348003,3.7977080479125847,0
2023-03-24T14:57:55Z,2023-03-24T14:58:00Z,0.586270231447104,3.1678475103938255,3.7541177418409295,0
2023-03-24T14:57:55Z,2023-03-24T14:58:00Z,0.645760829574439,3.065481303660337,3.711242133234776,0
2023-03-24T14:57:55Z,2023-03-24T14:58:00Z,0.6581803076980295,3.007288427424713,3.6654687351227424,0
2023-03-24T14:57:55Z,2023-03-24T14:58:00Z,0.7186795004645239,2.892676186905238,3.611355687369762,0
2023-03-24T14:57:55Z,2023-03-24T14:58:00Z,0.6337699434106745,2.915786092483052,3.5495560358937266,0
2023-03-24T14:57:55Z,2023-03-24T14:58:00Z,0.6491801314838823,2.8284885249998544,3.4776686564837367,0
2023-03-24T14:58:55Z,2023-03-24T14:59:00Z,0.5358086311059274,2.870451436807745,3.4062600679136725,0
2023-03-24T14:58:55Z,2023-03-24T14:59:00Z,0.43625581321115003,2.8937348971524752,3.3299907103636253,0
2023-03-24T14:58:55Z,2023-03-24T14:59:00Z,0.30574107679751705,2.9505620859506223,3.2563031627481394,0
2023-03-24T14:58:55Z,2023-03-24T14:59:00Z,0.11719003519101134,3.072955295464338,3.1901453306553496,0
2023-03-24T14:58:55Z,2023-03-24T14:59:00Z,0.05839885797097555,3.18905446857838,3.1306556106074046,0
2023-03-24T14:58:55Z,2023-03-24T14:59:00Z,0.20501381967267251,3.294281825705967,3.0892680060332944,0
2023-03-24T14:58:55Z,2023-03-24T14:59:00Z,0.37128889368257756,3.433457744707224,3.0621688510246465,0
2023-03-24T14:58:55Z,2023-03-24T14:59:00Z,0.5695574310545615,3.623329056112485,3.0537716250579234,0
2023-03-24T14:58:55Z,2023-03-24T14:59:00Z,0.70534509310226,3.77033911158049,3.06499401847823,0
2023-03-24T14:58:55Z,2023-03-24T14:59:00Z,0.7837839396991413,3.8781611206445445,3.0943771809454033,0
2023-03-24T14:58:55Z,2023-03-24T14:59:00Z,0.7647802801222707,3.896495877984054,3.1317155978617834,0
2023-03-24T14:58:55Z,2023-03-24T14:59:00Z,0.672427643156591,3.8514974817017555,3.1790698385451646,0
2023-03-24T14:59:55Z,2023-03-24T15:00:00Z,0.5812894849543855,3.8157602951211307,3.234470810166745,0
2023-03-24T14:59:55Z,2023-03-24T15:00:00Z,0.4976278220260375,3.7883792358112522,3.2907514137852147,0
2023-03-24T14:59:55Z,2023-03-24T15:00:00Z,0.414570196097789,3.7668605504307298,3.3522903543329408,0
2023-03-24T14:59:55Z,2023-03-24T15:00:00Z,0.37508025162893155,3.7855434821837526,3.410463230554821,0
2023-03-24T14:59:55Z,2023-03-24T15:00:00Z,0.306662356467311,3.7796837220508572,3.4730213655835462,0
2023-03-24T14:59:55Z,2023-03-24T15:00:00Z,0.26960600098899823,3.8036335029309454,3.534027501941947,0
2023-03-24T14:59:55Z,2023-03-24T15:00:00Z,0.24231049496404955,3.835401251899221,3.5930907569351715,0
2023-03-24T14:59:55Z,2023-03-24T15:00:00Z,0.18062780599225015,3.83058999072611,3.6499621847338597,0
2023-03-24T14:59:55Z,2023-03-24T15:00:00Z,0.1551814115251835,3.8559733266880363,3.7007919151628528,0
2023-03-24T14:59:55Z,2023-03-24T15:00:00Z,0.13311055490318413,3.876671504875885,3.743560949972701,0
2023-03-24T14:59:55Z,2023-03-24T15:00:00Z,0.09355798607927479,3.874565036117447,3.781007050038172,0
2023-03-24T14:59:55Z,2023-03-24T15:00:00Z,0.08864083982667603,3.8991954738760928,3.8105546340494167,0
2023-03-24T15:00:55Z,2023-03-24T15:01:00Z,0.08606161828206238,3.913365317665143,3.8273036993830805,0
2023-03-24T15:00:55Z,2023-03-24T15:01:00Z,0.09614694259020728,3.9320410661263283,3.835894123536121,0
2023-03-24T15:00:55Z,2023-03-24T15:01:00Z,0.09769061489601505,3.9359316849001758,3.8382410700041607,0
2023-03-24T15:00:55Z,2023-03-24T15:01:00Z,0.07691948596916731,3.9175302351828134,3.840610749213646,0
2023-03-24T15:00:55Z,2023-03-24T15:01:00Z,0.08403588008424023,3.930275576177781,3.8462396960935408,0
2023-03-24T15:00:55Z,2023-03-24T15:01:00Z,0.07594950695213498,3.9289738657164546,3.8530243587643196,0
2023-03-24T15:00:55Z,2023-03-24T15:01:00Z,0.044847615709379784,3.9073317304981345,3.8624841147887548,0
2023-03-24T15:00:55Z,2023-03-24T15:01:00Z,0.04216106038905876,3.915452729530195,3.8732916691411363,0
2023-03-24T15:00:55Z,2023-03-24T15:01:00Z,0.018532590417374983,3.8999434761128042,3.8814108856954292,0
2023-03-24T15:00:55Z,2023-03-24T15:01:00Z,0.007801590377997769,3.8826605624827204,3.890462152860718,0
2023-03-24T15:00:55Z,2023-03-24T15:01:00Z,0.009620085713411886,3.8872627320260964,3.8968828177395083,0
2023-03-24T15:00:55Z,2023-03-24T15:01:00Z,0.02285026065249296,3.8771831777925825,3.9000334384450754,0
2023-03-24T15:01:55Z,2023-03-24T15:02:00Z,0.020984567948230115,3.882827053250177,3.903811621198407,1
2023-03-24T15:01:55Z,2023-03-24T15:02:00Z,0.024060311942813772,3.8811652993292296,3.9052256112720434,1
2023-03-24T15:01:55Z,2023-03-24T15:02:00Z,0.02966093859123875,3.8759750425724238,3.9056359811636625,1
2023-03-24T15:01:55Z,2023-03-24T15:02:00Z,0.02102652160465679,3.927102520315772,3.906075998711115,1
2023-03-24T15:01:55Z,2023-03-24T15:02:00Z,0.0656151689215081,3.970143138879045,3.904527969957537,1
2023-03-24T15:01:55Z,2023-03-24T15:02:00Z,0.07807738753898352,3.983521171006562,3.9054437834675784,1
2023-03-24T15:01:55Z,2023-03-24T15:02:00Z,0.0806219486325448,3.988605870283638,3.9079839216510934,1
2023-03-24T15:01:55Z,2023-03-24T15:02:00Z,0.08221548497622777,3.993372039034414,3.911156554058186,1
2023-03-24T15:01:55Z,2023-03-24T15:02:00Z,0.07230653209282245,3.9882014618243966,3.915894929731574,1
2023-03-24T15:01:55Z,2023-03-24T15:02:00Z,0.06922881390782765,3.9893301744965104,3.9201013605886827,1
2023-03-24T15:01:55Z,2023-03-24T15:02:00Z,0.05046181750630607,3.9745116845021853,3.924049866995879,1
2023-03-24T15:01:55Z,2023-03-24T15:02:00Z,0.016431282347136644,3.9459477122762405,3.929516429929104,1
2023-03-24T15:02:55Z,2023-03-24T15:03:00Z,0.05172955577757499,3.8817241378163283,3.9334536935939033,1
2023-03-24T15:02:55Z,2023-03-24T15:03:00Z,0.06517677055894033,3.8713438721125257,3.936520642671466,1
2023-03-24T15:02:55Z,2023-03-24T15:03:00Z,0.07374920687620534,3.8627090074841677,3.936458214360373,1
2023-03-24T15:02:55Z,2023-03-24T15:03:00Z,0.07957184465059619,3.8558251123822056,3.935396957032802,1
2023-03-24T15:02:55Z,2023-03-24T15:03:00Z,0.09817229954942919,3.8362597127961453,3.9344320123455745,1
2023-03-24T15:02:55Z,2023-03-24T15:03:00Z,0.09290490430226717,3.8397269786521093,3.9326318829543765,1
2023-03-24T15:02:55Z,2023-03-24T15:03:00Z,0.08927225166615971,3.840365925519344,3.929638177185504,1
2023-03-24T15:02:55Z,2023-03-24T15:03:00Z,0.08247098650889706,3.8447506530819195,3.9272216395908166,1
2023-03-24T15:02:55Z,2023-03-24T15:03:00Z,0.09611542575918985,3.8253237741785315,3.9214391999377214,1
2023-03-24T15:02:55Z,2023-03-24T15:03:00Z,0.10750250663356642,3.805577194251013,3.9130797008845795,1
2023-03-24T15:02:55Z,2023-03-24T15:03:00Z,0.11136409528627178,3.7911691124764384,3.90253320776271,1
2023-03-24T15:03:55Z,2023-03-24T15:04:00Z,0.10513174256462232,3.7851995534625793,3.8903312960272016,1
2023-03-24T15:03:55Z,2023-03-24T15:04:00Z,0.08249166698484478,3.7943594339384923,3.876851100923337,1
2023-03-24T15:03:55Z,2023-03-24T15:04:00Z,0.08698956638190669,3.776328073983976,3.863317640365883,1
2023-03-24T15:03:55Z,2023-03-24T15:04:00Z,0.11581200055705754,3.7345075904382905,3.850319590995348,1
2023-03-24T15:03:55Z,2023-03-24T15:04:00Z,0.11341973768984781,3.723687612604287,3.8371073502941346,1
2023-03-24T15:03:55Z,2023-03-24T15:04:00Z,0.10420126102219207,3.718810081149413,3.823011342171605,1
2023-03-24T15:03:55Z,2023-03-24T15:04:00Z,0.10632247995553534,3.7061530938686,3.8124755738241354,1
2023-03-24T15:03:55Z,2023-03-24T15:04:00Z,0.11865640025809787,3.683650254168497,3.802306654426595,1
2023-03-24T15:03:55Z,2023-03-24T15:04:00Z,0.10264356850983614,3.689226025009054,3.79186959351889,1
2023-03-24T15:03:55Z,2023-03-24T15:04:00Z,0.0873916783211981,3.692999591316778,3.7803912696379762,1
2023-03-24T15:03:55Z,2023-03-24T15:04:00Z,0.1015195231348871,3.6690695006506164,3.7705890237855035,1
2023-03-24T15:03:55Z,2023-03-24T15:04:00Z,0.0860683468510457,3.674738851112102,3.760807197963148,1
2023-03-24T15:03:55Z,2023-03-24T15:04:00Z,0.078490988676994,3.6708964476282384,3.7493874363052324,1
2023-03-24T15:04:55Z,2023-03-24T15:05:00Z,0.09932532568129382,3.6387279904926175,3.7380533161739113,1
2023-03-24T15:04:55Z,2023-03-24T15:05:00Z,0.1030432799854264,3.624714881085132,3.7277581610705584,1
2023-03-24T15:04:55Z,2023-03-24T15:05:00Z,0.10249340304821697,3.6141414777717813,3.7166348808199983,1
2023-03-24T15:04:55Z,2023-03-24T15:05:00Z,0.09847071190215795,3.60706722015842,3.705537932060578,1
2023-03-24T15:04:55Z,2023-03-24T15:05:00Z,0.06482745731880568,3.6293066030290526,3.6941340603478583,1
2023-03-24T15:04:55Z,2023-03-24T15:05:00Z,0.041373542747961345,3.640274370014559,3.68164791276252,1
2023-03-24T15:04:55Z,2023-03-24T15:05:00Z,0.03213044704656465,3.6397160343189605,3.671846481365525,1
2023-03-24T15:04:55Z,2023-03-24T15:05:00Z,0.05232576717154025,3.6132384994990696,3.66556426667061,1
2023-03-24T15:04:55Z,2023-03-24T15:05:00Z,0.0552724634513595,3.6046936980002284,3.659966161451588,1
2023-03-24T15:04:55Z,2023-03-24T15:05:00Z,0.010824781752048818,3.6421032742561823,3.652928056008231,1
2023-03-24T15:04:55Z,2023-03-24T15:05:00Z,0.007100951591942906,3.6532650478756166,3.6461640962836737,1
2023-03-24T15:04:55Z,2023-03-24T15:05:00Z,0.018380814033331916,3.6617751116561843,3.6433942976228524,1
2023-03-24T15:05:55Z,2023-03-24T15:06:00Z,0.05349498956399623,3.6944918887112856,3.6409968991472894,1
2023-03-24T15:05:55Z,2023-03-24T15:06:00Z,0.038614858385597195,3.6775301255555135,3.6389152671699163,1
2023-03-24T15:05:55Z,2023-03-24T15:06:00Z,0.06948182686575333,3.710091919906381,3.6406100930406278,1
2023-03-24T15:05:55Z,2023-03-24T15:06:00Z,0.09366058745713479,3.734456765460657,3.640796178003522,1
2023-03-24T15:05:55Z,2023-03-24T15:06:00Z,0.07250684315087019,3.715916052639602,3.643409209488732,1
2023-03-24T15:05:55Z,2023-03-24T15:06:00Z,0.06494283496702158,3.714733962786956,3.649791127819934,1
2023-03-24T15:05:55Z,2023-03-24T15:06:00Z,0.07484441921871987,3.730715625142286,3.655871205923566,1
2023-03-24T15:05:55Z,2023-03-24T15:06:00Z,0.06258283246233676,3.7251602040535814,3.6625773715912446,1
2023-03-24T15:05:55Z,2023-03-24T15:06:00Z,0.05792692212306472,3.7287475207132337,3.670820598590169,1
2023-03-24T15:05:55Z,2023-03-24T15:06:00Z,0.04001114284214147,3.7172219815006122,3.6772108386584708,1
2023-03-24T15:05:55Z,2023-03-24T15:06:00Z,0.03340638299268894,3.7165154316977382,3.6831090487050493,1
2023-03-24T15:05:55Z,2023-03-24T15:06:00Z,0.011342490503964964,3.699618602354458,3.688276111850493,1
2023-03-24T15:06:55Z,2023-03-24T15:07:00Z,0.012360428579972549,3.6828008120837645,3.695161240663737,1
2023-03-24T15:06:55Z,2023-03-24T15:07:00Z,0.015100131937104688,3.7165896995577903,3.7014895676206856,1
2023-03-24T15:06:55Z,2023-03-24T15:07:00Z,0.0073825577616517535,3.711585294570843,3.7042027368091914,1
2023-03-24T15:06:55Z,2023-03-24T15:07:00Z,0.00887600178171688,3.6995483784729526,3.7084243802546695,1
2023-03-24T15:06:55Z,2023-03-24T15:07:00Z,0.011831073497968081,3.699913985617679,3.711745059115647,1
2023-03-24T15:06:55Z,2023-03-24T15:07:00Z,0.010358825074826328,3.7017233333582644,3.7120821584330908,1
2023-03-24T15:06:55Z,2023-03-24T15:07:00Z,0.013896193364213438,3.727470609134782,3.7135744157705686,1
2023-03-24T15:06:55Z,2023-03-24T15:07:00Z,0.02447774801852365,3.7374942580192183,3.7130165100006947,1
2023-03-24T15:06:55Z,2023-03-24T15:07:00Z,0.019399841528404682,3.7319506077740408,3.712550766245636,1
2023-03-24T15:06:55Z,2023-03-24T15:07:00Z,0.007451092862205577,3.7214404061331496,3.713989313270944,1
2023-03-24T15:06:55Z,2023-03-24T15:07:00Z,0.0071381788476787555,3.707998910755738,3.7151370896034166,1
2023-03-24T15:06:55Z,2023-03-24T15:07:00Z,0.01664314780440357,3.7311618894738774,3.714518741669474,1
2023-03-24T15:07:55Z,2023-03-24T15:08:00Z,0.02587576647882317,3.739250421928441,3.7133746554496176,1
2023-03-24T15:07:55Z,2023-03-24T15:08:00Z,0.0318473516255926,3.7453829649925865,3.713535613366994,1
2023-03-24T15:07:55Z,2023-03-24T15:08:00Z,0.035438406369133535,3.7504425824313157,3.715004176062182,1
2023-03-24T15:07:55Z,2023-03-24T15:08:00Z,0.035147232962384756,3.7520759112442232,3.7169286782818385,1
2023-03-24T15:07:55Z,2023-03-24T15:08:00Z,0.04461462395414717,3.7649315675744432,3.720316943620296,1
2023-03-24T15:07:55Z,2023-03-24T15:08:00Z,0.03985987789450718,3.764795161458834,3.724935283564327,1
2023-03-24T15:07:55Z,2023-03-24T15:08:00Z,0.03135364348858971,3.759511718254027,3.7281580747654375,1
2023-03-24T15:07:55Z,2023-03-24T15:08:00Z,0.031504108556041466,3.763209507780678,3.7317053992246367,1
2023-03-24T15:07:55Z,2023-03-24T15:08:00Z,0.047732757548094806,3.7834357127581364,3.7357029552100416,1
2023-03-24T15:07:55Z,2023-03-24T15:08:00Z,0.10952785551213706,3.849450512199712,3.739922656687575,1
2023-03-24T15:07:55Z,2023-03-24T15:08:00Z,0.12321818644762272,3.868588335095189,3.745370148647566,1
2023-03-24T15:08:55Z,2023-03-24T15:09:00Z,0.13965632134077532,3.893158463526003,3.7535021421852277,0
2023-03-24T15:08:55Z,2023-03-24T15:09:00Z,0.16564203410518852,3.9278837814288146,3.762241747323626,0
2023-03-24T15:08:55Z,2023-03-24T15:09:00Z,0.14457632729162295,3.917565264998713,3.77298893770709,0
2023-03-24T15:08:55Z,2023-03-24T15:09:00Z,0.1445427871457876,3.931294616539255,3.7867518293934674,0
2023-03-24T15:08:55Z,2023-03-24T15:09:00Z,0.10768995286232963,3.9084128725386624,3.800722919676333,0
2023-03-24T15:08:55Z,2023-03-24T15:09:00Z,0.10313291464236984,3.917198016123062,3.814065101480692,0
2023-03-24T15:08:55Z,2023-03-24T15:09:00Z,0.0929512208225618,3.9182938190106014,3.8253425981880396,0
2023-03-24T15:08:55Z,2023-03-24T15:09:00Z,0.09499872434951762,3.931795659279589,3.8367969349300712,0
2023-03-24T15:08:55Z,2023-03-24T15:09:00Z,0.11097123899403627,3.958958256362726,3.84798701736869,0
2023-03-24T15:08:55Z,2023-03-24T15:09:00Z,0.11312507117138626,3.9730934050757676,3.8599683339043813,0
2023-03-24T15:08:55Z,2023-03-24T15:09:00Z,0.1290478965877888,4.001951343078056,3.872903446490267,0
2023-03-24T15:08:55Z,2023-03-24T15:09:00Z,0.14971134379391238,4.036501339858641,3.8867899960647287,0
2023-03-24T15:08:55Z,2023-03-24T15:09:00Z,0.1047525232813924,4.007705161001057,3.902952637719664,0
2023-03-24T15:09:55Z,2023-03-24T15:10:00Z,0.06038535723267202,3.9815574504242,3.921172093191528,0
2023-03-24T15:09:55Z,2023-03-24T15:10:00Z,0.06387073102343521,3.9999941207644913,3.936123389741056,0
2023-03-24T15:09:55Z,2023-03-24T15:10:00Z,0.04033668699996307,3.9852672059559846,3.9449305189560215,0
2023-03-24T15:09:55Z,2023-03-24T15:10:00Z,0.05109554325188359,4.004786447919193,3.953690904667309,0
2023-03-24T15:09:55Z,2023-03-24T15:10:00Z,0.06685638864874077,4.026687876144715,3.959831487495974,0
2023-03-24T15:09:55Z,2023-03-24T15:10:00Z,0.0723569171944849,4.037315249123151,3.964958331928666,0
2023-03-24T15:09:55Z,2023-03-24T15:10:00Z,0.035193821244992485,4.0074269939167255,3.972233172671733,0
2023-03-24T15:09:55Z,2023-03-24T15:10:00Z,0.020449988383491657,3.999751203227485,3.9793012148439932,0
2023-03-24T15:09:55Z,2023-03-24T15:10:00Z,0.0198921358577544,4.005794292126952,3.9859021562691974,0
2023-03-24T15:09:55Z,2023-03-24T15:10:00Z,0.0063703246267645675,3.9977760267029234,3.991405702076159,0
2023-03-24T15:09:55Z,2023-03-24T15:10:00Z,0.021730616288873073,3.975508450661709,3.997239066950582,0
2023-03-24T15:09:55Z,2023-03-24T15:10:00Z,0.0030194765753970287,4.004657234687534,4.001637758112137,0
2023-03-24T15:10:55Z,2023-03-24T15:11:00Z,0.015848759103517907,3.9868923452952183,4.002741104398736,0
2023-03-24T15:10:55Z,2023-03-24T15:11:00Z,0.07482365643720357,3.9300217032689835,4.004845359706187,0
2023-03-24T15:10:55Z,2023-03-24T15:11:00Z,0.12838410879477902,3.8754573177258855,4.0038414265206645,0
2023-03-24T15:10:55Z,2023-03-24T15:11:00Z,0.23448421552940024,3.7622585685519545,3.9967427840813547,0
2023-03-24T15:10:55Z,2023-03-24T15:11:00Z,0.3550524209111794,3.6328738402851637,3.987926261196343,0
2023-03-24T15:10:55Z,2023-03-24T15:11:00Z,0.33648330196533216,3.636823033772862,3.973306335738194,0
2023-03-24T15:10:55Z,2023-03-24T15:11:00Z,0.3241235092303181,3.624708141142587,3.948831650372905,0
2023-03-24T15:10:55Z,2023-03-24T15:11:00Z,0.29985946411769016,3.625742574776341,3.925602038894031,0
2023-03-24T15:10:55Z,2023-03-24T15:11:00Z,0.2169514425021295,3.6833120426067936,3.900263485108923,0
2023-03-24T15:10:55Z,2023-03-24T15:11:00Z,0.1333926790184159,3.740141119332616,3.873533798351032,0
2023-03-24T15:10:55Z,2023-03-24T15:11:00Z,0.10504287672530932,3.7448907078579654,3.8499335845832747,0
2023-03-24T15:11:55Z,2023-03-24T15:12:00Z,0.029574554048311885,3.8025399722293547,3.8321145262776666,1
2023-03-24T15:11:55Z,2023-03-24T15:12:00Z,0.027481417258136354,3.842605243844502,3.815123826586366,1
2023-03-24T15:11:55Z,2023-03-24T15:12:00Z,0.07297982739035902,3.8745533659835507,3.8015735385931917,1
2023-03-24T15:11:55Z,2023-03-24T15:12:00Z,0.07524874489346445,3.8664775646294283,3.791228819735964,1
2023-03-24T15:11:55Z,2023-03-24T15:12:00Z,0.07470950585733327,3.8592079866147544,3.784498480757421,1
2023-03-24T15:11:55Z,2023-03-24T15:12:00Z,0.06850745365646382,3.8437939564100105,3.7752865027535467,1
2023-03-24T15:11:55Z,2023-03-24T15:12:00Z,0.08668509184157625,3.853459304016426,3.7667742121748495,1
2023-03-24T15:11:55Z,2023-03-24T15:12:00Z,0.10615515040782464,3.867180846125409,3.7610256957175845,1
2023-03-24T15:11:55Z,2023-03-24T15:12:00Z,0.0970067556746872,3.8565659171449744,3.7595591614702872,1
2023-03-24T15:11:55Z,2023-03-24T15:12:00Z,0.08708167136060574,3.85363565133579,3.766553979975184,1
2023-03-24T15:11:55Z,2023-03-24T15:12:00Z,0.06305148127074434,3.844518266369916,3.7814667850991714,1
2023-03-24T15:11:55Z,2023-03-24T15:12:00Z,0.019094096854108233,3.8150150564574754,3.795920959603367,1
2023-03-24T15:11:55Z,2023-03-24T15:12:00Z,0.011252746033575622,3.7993222219182803,3.810574967951856,1
2023-03-24T15:12:55Z,2023-03-24T15:13:00Z,0.01657854598401709,3.806614587413248,3.823193133397265,1
2023-03-24T15:12:55Z,2023-03-24T15:13:00Z,0.032006568767798615,3.7989205765835656,3.8309271453513642,1
2023-03-24T15:12:55Z,2023-03-24T15:13:00Z,0.024924032719637612,3.810434677170435,3.8353587098900728,1
2023-03-24T15:12:55Z,2023-03-24T15:13:00Z,0.05248672600693505,3.786473975131511,3.838960701138446,1
2023-03-24T15:12:55Z,2023-03-24T15:13:00Z,0.05457957777250355,3.7849074370286813,3.839487014801185,1
2023-03-24T15:12:55Z,2023-03-24T15:13:00Z,0.06896943327361171,3.7667754969467073,3.835744930220319,1
2023-03-24T15:12:55Z,2023-03-24T15:13:00Z,0.07910915913886374,3.7506593758177966,3.8297685349566604,1
2023-03-24T15:12:55Z,2023-03-24T15:13:00Z,0.062469828666113614,3.7606519017783655,3.823121730444479,1
2023-03-24T15:12:55Z,2023-03-24T15:13:00Z,0.06548721819532943,3.7503979381960186,3.815885156391348,1
2023-03-24T15:12:55Z,2023-03-24T15:13:00Z,0.0629555604644616,3.747386792284777,3.8103423527492386,1
2023-03-24T15:12:55Z,2023-03-24T15:13:00Z,0.032169518832777744,3.771302076195101,3.8034715950278786,1
2023-03-24T15:13:55Z,2023-03-24T15:14:00Z,0.015589922246974641,3.7798954025248617,3.7954853247718363,0
2023-03-24T15:13:55Z,2023-03-24T15:14:00Z,0.015979576427826547,3.7738214922806845,3.789801068708511,0
2023-03-24T15:13:55Z,2023-03-24T15:14:00Z,0.017263817952699156,3.767621234168417,3.7848850521211164,0
2023-03-24T15:13:55Z,2023-03-24T15:14:00Z,0.02432743193714826,3.755844501911352,3.7801719338485005,0
2023-03-24T15:13:55Z,2023-03-24T15:14:00Z,0.02740104568827917,3.749611300007617,3.7770123456958964,0
2023-03-24T15:13:55Z,2023-03-24T15:14:00Z,0.035452119463857734,3.7386617115649106,3.7741138310287683,0
2023-03-24T15:13:55Z,2023-03-24T15:14:00Z,0.01687717156590063,3.753436440302492,3.7703136118683926,0
2023-03-24T15:13:55Z,2023-03-24T15:14:00Z,0.018851180740877105,3.7474451734596053,3.7662963542004824,0
2023-03-24T15:13:55Z,2023-03-24T15:14:00Z,0.017666295848057345,3.7448301758945624,3.7624964717426197,0
2023-03-24T15:13:55Z,2023-03-24T15:14:00Z,0.011561491066375496,3.748333060564783,3.7598945516311586,0
2023-03-24T15:13:55Z,2023-03-24T15:14:00Z,0.023199732745483814,3.734023001476734,3.7572227342222178,0
2023-03-24T15:13:55Z,2023-03-24T15:14:00Z,0.036979169043793725,3.719014069419629,3.755993238463423,0
2023-03-24T15:13:55Z,2023-03-24T15:14:00Z,0.03914465109110887,3.7157394957495766,3.7548841468406855,0
2023-03-24T15:14:55Z,2023-03-24T15:15:00Z,0.052410304466143476,3.69969798688396,3.7521082913501034,0
2023-03-24T15:14:55Z,2023-03-24T15:15:00Z,0.05777933376473898,3.692018394755601,3.74979772852034,0
2023-03-24T15:14:55Z,2023-03-24T15:15:00Z,0.02437423019662477,3.722244244630328,3.7466184748269526,0
2023-03-24T15:14:55Z,2023-03-24T15:15:00Z,0.00470517027277495,3.746038066337094,3.741332896064319,0
2023-03-24T15:14:55Z,2023-03-24T15:15:00Z,0.018953787996560223,3.7564432735345767,3.7374894855380165,0
2023-03-24T15:14:55Z,2023-03-24T15:15:00Z,0.03008107991164044,3.7657183370534173,3.735637257141777,0
2023-03-24T15:14:55Z,2023-03-24T15:15:00Z,0.05131692907083307,3.786208988837021,3.734892059766188,0
2023-03-24T15:14:55Z,2023-03-24T15:15:00Z,0.0583344561210013,3.7938847715633264,3.735550315442325,0
2023-03-24T15:14:55Z,2023-03-24T15:15:00Z,0.04944871743627122,3.787438878800557,3.737990161364286,0
2023-03-24T15:14:55Z,2023-03-24T15:15:00Z,0.022200995773845822,3.763872694471359,3.7416716986975134,0
2023-03-24T15:14:55Z,2023-03-24T15:15:00Z,0.020949833984015953,3.7648883619147337,3.743938527930718,0
2023-03-24T15:14:55Z,2023-03-24T15:15:00Z,0.019410907423574653,3.764444603421743,3.7450336959981683,0
2023-03-24T15:15:55Z,2023-03-24T15:16:00Z,0.0020332041135362466,3.7484041125130494,3.746370908399513,0
2023-03-24T15:15:55Z,2023-03-24T15:16:00Z,0.013529415727199012,3.733915595529445,3.747445011256644,0
2023-03-24T15:15:55Z,2023-03-24T15:16:00Z,0.005986775343608919,3.7424169766487894,3.7484037519923983,0
2023-03-24T15:15:55Z,2023-03-24T15:16:00Z,0.013474024547390773,3.7359231625189953,3.749397187066386,0
2023-03-24T15:15:55Z,2023-03-24T15:16:00Z,0.01414167604833283,3.7370340097446677,3.7511756857930005,0
2023-03-24T15:15:55Z,2023-03-24T15:16:00Z,0.025495617325384412,3.7280950801766184,3.753590697502003,0
2023-03-24T15:15:55Z,2023-03-24T15:16:00Z,0.03257547911223169,3.724016259389042,3.7565917385012737,0
2023-03-24T15:15:55Z,2023-03-24T15:16:00Z,0.06448294214490913,3.69249885205945,3.7569817942043593,0
2023-03-24T15:15:55Z,2023-03-24T15:16:00Z,0.04889645928137876,3.706617214459777,3.755513673741156,0
2023-03-24T15:15:55Z,2023-03-24T15:16:00Z,0.04133266463558938,3.709918047673891,3.7512507123094805,0
2023-03-24T15:15:55Z,2023-03-24T15:16:00Z,0.03810486738973662,3.7092057700801675,3.747310637469904,0
2023-03-24T15:16:55Z,2023-03-24T15:17:00Z,0.07406392752710556,3.66816064719859,3.7422245747256957,0
2023-03-24T15:16:55Z,2023-03-24T15:17:00Z,0.05523790564354325,3.6813414023166082,3.7365793079601515,0
2023-03-24T15:16:55Z,2023-03-24T15:17:00Z,0.01576563010709675,3.7128617957462575,3.7286274258533543,0
2023-03-24T15:16:55Z,2023-03-24T15:17:00Z,0.008596259539714879,3.731721599249419,3.723125339709704,0
2023-03-24T15:16:55Z,2023-03-24T15:17:00Z,0.018210132561879533,3.7378670345270186,3.719656901965139,0
2023-03-24T15:16:55Z,2023-03-24T15:17:00Z,0.06090526098682281,3.7783806293404734,3.7174753683536506,0
2023-03-24T15:16:55Z,2023-03-24T15:17:00Z,0.06700405307834201,3.7837769495662577,3.7167728964879156,0
2023-03-24T15:16:55Z,2023-03-24T15:17:00Z,0.08817919070770497,3.807916422783023,3.719737232075318,0
2023-03-24T15:16:55Z,2023-03-24T15:17:00Z,0.11616341087114002,3.838657974474289,3.722494563603149,0
2023-03-24T15:16:55Z,2023-03-24T15:17:00Z,0.09883237835562664,3.8261264926430445,3.727294114287418,0
2023-03-24T15:16:55Z,2023-03-24T15:17:00Z,0.08949069954273892,3.8235597448121315,3.7340690452693925,0
2023-03-24T15:16:55Z,2023-03-24T15:17:00Z,0.1209098091123586,3.8615142818795127,3.740604472767154,0
2023-03-24T15:16:55Z,2023-03-24T15:17:00Z,0.1668015601625128,3.914042265291206,3.7472407051286933,0
2023-03-24T15:17:55Z,2023-03-24T15:18:00Z,0.16894133712971815,3.927449737579749,3.758508400450031,0
2023-03-24T15:17:55Z,2023-03-24T15:18:00Z,0.1579717364993054,3.9303084736714315,3.772336737172126,0
2023-03-24T15:17:55Z,2023-03-24T15:18:00Z,0.1479001385899319,3.934738988422448,3.7868388498325163,0
2023-03-24T15:17:55Z,2023-03-24T15:18:00Z,0.16583790245709773,3.967416932529032,3.801579030071934,0
2023-03-24T15:17:55Z,2023-03-24T15:18:00Z,0.14047345359413477,3.9598243730809926,3.819350919486858,0
2023-03-24T15:17:55Z,2023-03-24T15:18:00Z,0.1356375562365768,3.9740601777375963,3.8384226215010195,0
2023-03-24T15:17:55Z,2023-03-24T15:18:00Z,0.09337515489798998,3.9482619482213255,3.8548867933233355,0
2023-03-24T15:17:55Z,2023-03-24T15:18:00Z,0.06668989853510832,3.9377325970909887,3.8710426985558803,0
2023-03-24T15:17:55Z,2023-03-24T15:18:00Z,0.07939175723641956,3.9644607833719205,3.885069026135501,0
2023-03-24T15:17:55Z,2023-03-24T15:18:00Z,0.041994443649447266,3.9376869343016487,3.8956924906522015,0
2023-03-24T15:17:55Z,2023-03-24T15:18:00Z,0.015878927348783822,3.891859152223796,3.90773807957258,0
2023-03-24T15:17:55Z,2023-03-24T15:18:00Z,0.08095562312305571,3.8354338238840993,3.916389447007155,0
2023-03-24T15:18:55Z,2023-03-24T15:19:00Z,0.14397479242003408,3.7759613997704204,3.9199361921904545,0
2023-03-24T15:18:55Z,2023-03-24T15:19:00Z,0.1507220066175563,3.7698346743223023,3.9205566809398587,0
2023-03-24T15:18:55Z,2023-03-24T15:19:00Z,0.14313600863020337,3.7742474493068747,3.917383457937078,0
2023-03-24T15:18:55Z,2023-03-24T15:19:00Z,0.14695512976184277,3.7643163543380886,3.9112714840999314,0
2023-03-24T15:18:55Z,2023-03-24T15:19:00Z,0.1189618162724746,3.782990013428501,3.9019518297009754,0
2023-03-24T15:18:55Z,2023-03-24T15:19:00Z,0.10561732396551582,3.7854589468526827,3.8910762708181985,0
2023-03-24T15:18:55Z,2023-03-24T15:19:00Z,0.07893759421102242,3.8023174459243143,3.8812550401353367,0
2023-03-24T15:18:55Z,2023-03-24T15:19:00Z,0.07557536099375106,3.795727676370268,3.871303037364019,0
2023-03-24T15:18:55Z,2023-03-24T15:19:00Z,0.03529574744648167,3.8250006574772226,3.8602964049237043,0
2023-03-24T15:18:55Z,2023-03-24T15:19:00Z,0.014116527723529337,3.863473152866519,3.8493566251429896,0
2023-03-24T15:18:55Z,2023-03-24T15:19:00Z,0.03585744229079113,3.8752767660830894,3.839419323792298,0
2023-03-24T15:18:55Z,2023-03-24T15:19:00Z,0.03384479709238031,3.867611534527691,3.833766737435311,0
2023-03-24T15:19:55Z,2023-03-24T15:20:00Z,0.03153405097536366,3.8611370663434808,3.829603015368117,0
2023-03-24T15:19:55Z,2023-03-24T15:20:00Z,0.013068673517556029,3.836215072296058,3.823146398778502,0
2023-03-24T15:19:55Z,2023-03-24T15:20:00Z,0.0018304666146415904,3.8162126076333154,3.818043074247957,0
2023-03-24T15:19:55Z,2023-03-24T15:20:00Z,0.0034353683793133527,3.8177688372987544,3.814333468919441,0
2023-03-24T15:19:55Z,2023-03-24T15:20:00Z,0.04059625035365322,3.7724558041490686,3.8130520545027218,0
2023-03-24T15:19:55Z,2023-03-24T15:20:00Z,0.06058399027262684,3.755255226731984,3.8158392170046107,0
2023-03-24T15:19:55Z,2023-03-24T15:20:00Z,0.04955130158861065,3.766462657404451,3.8160139589930617,0
2023-03-24T15:19:55Z,2023-03-24T15:20:00Z,0.05459828568219427,3.7601495251392083,3.8147478108214026,0
2023-03-24T15:19:55Z,2023-03-24T15:20:00Z,0.10752595097436579,3.707364946718128,3.814890897692494,0
2023-03-24T15:19:55Z,2023-03-24T15:20:00Z,0.16627341283937813,3.647094785633829,3.8133681984732073,0
2023-03-24T15:19:55Z,2023-03-24T15:20:00Z,0.19414182089966125,3.614020110897909,3.8081619317975703,0
2023-03-24T15:19:55Z,2023-03-24T15:20:00Z,0.17969200461740575,3.618121749827466,3.7978137544448716,0
2023-03-24T15:20:55Z,2023-03-24T15:21:00Z,0.17606528886755157,3.6096346278791622,3.785699916746714,0
2023-03-24T15:20:55Z,2023-03-24T15:21:00Z,0.14511553625871265,3.6267924533113507,3.7719079895700633,0
2023-03-24T15:20:55Z,2023-03-24T15:21:00Z,0.12681458408178825,3.6281708371557846,3.754985421237573,0
2023-03-24T15:20:55Z,2023-03-24T15:21:00Z,0.1171304547507166,3.6212893456354074,3.738419800386124,0
2023-03-24T15:20:55Z,2023-03-24T15:21:00Z,0.043227381460332115,3.679229705767665,3.722457087227997,0
2023-03-24T15:20:55Z,2023-03-24T15:21:00Z,0.024125103368582312,3.6823421358122097,3.706467239180792,0
2023-03-24T15:20:55Z,2023-03-24T15:21:00Z,0.014802670044232968,3.6811988780346665,3.6960015480788995,0
2023-03-24T15:20:55Z,2023-03-24T15:21:00Z,0.016645540480417775,3.70372239043791,3.687076849957492,0
2023-03-24T15:20:55Z,2023-03-24T15:21:00Z,0.03545469945741919,3.7134268854639716,3.6779721860065524,0
2023-03-24T15:20:55Z,2023-03-24T15:21:00Z,0.06565222844434615,3.7390421868701544,3.6733899584258083,0
2023-03-24T15:20:55Z,2023-03-24T15:21:00Z,0.09446976138292618,3.765071163724201,3.670601402341275,0
2023-03-24T15:20:55Z,2023-03-24T15:21:00Z,0.08679597167857622,3.755569342650898,3.6687733709723216,0
2023-03-24T15:21:55Z,2023-03-24T15:22:00Z,0.08453449594601414,3.753635976157336,3.6691014802113218,0
2023-03-24T15:21:55Z,2023-03-24T15:22:00Z,0.06585692497841134,3.738172031585251,3.6723151066068396,0
2023-03-24T15:21:55Z,2023-03-24T15:22:00Z,0.054743103393690706,3.73416095603543,3.6794178526417394,0
2023-03-24T15:21:55Z,2023-03-24T15:22:00Z,0.0735359804893645,3.761230627843594,3.6876946473542294,0
2023-03-24T15:21:55Z,2023-03-24T15:22:00Z,0.020232348879962725,3.7156629433147232,3.6954305944347605,0
2023-03-24T15:21:55Z,2023-03-24T15:22:00Z,0.016376471576617924,3.7219134660090063,3.7055369944323884,0
2023-03-24T15:21:55Z,2023-03-24T15:22:00Z,0.015800391686873194,3.695661302079074,3.7114616937659473,0
2023-03-24T15:21:55Z,2023-03-24T15:22:00Z,0.027445421986949547,3.6902657803692125,3.717711202356162,0
2023-03-24T15:21:55Z,2023-03-24T15:22:00Z,0.024052600609658636,3.698616732176081,3.7226693327857396,0
2023-03-24T15:21:55Z,2023-03-24T15:22:00Z,0.039293020778923715,3.6841120503135856,3.7234050710925093,0
2023-03-24T15:21:55Z,2023-03-24T15:22:00Z,0.05503465713422839,3.6694553870492053,3.7244900441834337,0
2023-03-24T15:21:55Z,2023-03-24T15:22:00Z,0.056899598661995565,3.6677846570067,3.7246842556686954,0
2023-03-24T15:22:55Z,2023-03-24T15:23:00Z,0.03572412634545552,3.686675662430659,3.7223997887761144,0
2023-03-24T15:22:55Z,2023-03-24T15:23:00Z,0.015847743681024706,3.7035092298646055,3.71935697354563,0
2023-03-24T15:22:55Z,2023-03-24T15:23:00Z,0.007297294294664969,3.7231631662109947,3.7158658719163298,0
2023-03-24T15:22:55Z,2023-03-24T15:23:00Z,0.008926995897082346,3.7028347470952747,3.711761742992357,0
2023-03-24T15:22:55Z,2023-03-24T15:23:00Z,0.008416367748813602,3.718017698978511,3.7096013312296976,0
2023-03-24T15:22:55Z,2023-03-24T15:23:00Z,0.012273874468395007,3.693940708157165,3.70621458262556,0
2023-03-24T15:22:55Z,2023-03-24T15:23:00Z,0.018313200081326197,3.686557760370451,3.7048709604517773,0
2023-03-24T15:22:55Z,2023-03-24T15:23:00Z,0.028651342873206254,3.6735382677200206,3.702189610593227,0
2023-03-24T15:22:55Z,2023-03-24T15:23:00Z,0.0670709094046269,3.6301405100237227,3.6972114194283496,0
2023-03-24T15:22:55Z,2023-03-24T15:23:00Z,0.0721212712090078,3.6222818365130287,3.6944031077220365,0
2023-03-24T15:22:55Z,2023-03-24T15:23:00Z,0.07743054037864416,3.6108543702777065,3.6882849106563507,0
2023-03-24T15:22:55Z,2023-03-24T15:23:00Z,0.11404636366631715,3.5693465826189636,3.683392946285281,0
2023-03-24T15:23:55Z,2023-03-24T15:24:00Z,0.14194220822170056,3.5361566440574794,3.67809885227918,0
2023-03-24T15:23:55Z,2023-03-24T15:24:00Z,0.16209350363646413,3.507387338672242,3.669480842308706,0
2023-03-24T15:23:55Z,2023-03-24T15:24:00Z,0.16247536644467298,3.4971417821136255,3.6596171485582984,0
2023-03-24T15:23:55Z,2023-03-24T15:24:00Z,0.15151471156356866,3.497297900436266,3.6488126119998348,0
2023-03-24T15:23:55Z,2023-03-24T15:24:00Z,0.15546268998242807,3.4819737303578684,3.6374364203402965,0
2023-03-24T15:23:55Z,2023-03-24T15:24:00Z,0.12758502439293817,3.497226211814398,3.624811236207336,0
2023-03-24T15:23:55Z,2023-03-24T15:24:00Z,0.09945720181170037,3.510585001095188,3.610042202906888,0
2023-03-24T15:23:55Z,2023-03-24T15:24:00Z,0.12421100847464439,3.470768730805804,3.5949797392804483,0
2023-03-24T15:23:55Z,2023-03-24T15:24:00Z,0.08684679977766452,3.4953162897694443,3.582163089547109,0
2023-03-24T15:23:55Z,2023-03-24T15:24:00Z,0.06100883483209518,3.504670990170167,3.5656798250022623,0
2023-03-24T15:23:55Z,2023-03-24T15:24:00Z,0.05197975153224821,3.5004584455774985,3.5524381971097467,0
2023-03-24T15:23:55Z,2023-03-24T15:24:00Z,0.003182400435265187,3.5434948128649935,3.5403124124297283,0
2023-03-24T15:24:55Z,2023-03-24T15:25:00Z,0.0055456981374741865,3.5232280594827525,3.5287737576202267,0
2023-03-24T15:24:55Z,2023-03-24T15:25:00Z,0.02188277151868201,3.5448801493283266,3.5229973778096446,0
2023-03-24T15:24:55Z,2023-03-24T15:25:00Z,0.042180685727239986,3.558574478401533,3.516393792674293,0
2023-03-24T15:24:55Z,2023-03-24T15:25:00Z,0.048712238267454744,3.560707749545123,3.5119955112776684,0
2023-03-24T15:24:55Z,2023-03-24T15:25:00Z,0.0646881329845912,3.575965503981097,3.5112773709965057,0
2023-03-24T15:24:55Z,2023-03-24T15:25:00Z,0.044238683044485416,3.5571527944068344,3.512914111362349,0
2023-03-24T15:24:55Z,2023-03-24T15:25:00Z,0.04295447583588752,3.560440464885493,3.5174859890496055,0
2023-03-24T15:24:55Z,2023-03-24T15:25:00Z,0.050642793218628857,3.5721295164211146,3.521486723202486,0
2023-03-24T15:24:55Z,2023-03-24T15:25:00Z,0.012173788705846622,3.5378700162049483,3.5256962274991017,0
2023-03-24T15:24:55Z,2023-03-24T15:25:00Z,0.003200728518618856,3.53490734175527,3.531706613236651,0
2023-03-24T15:24:55Z,2023-03-24T15:25:00Z,0.006322584735237058,3.528093615460784,3.534416200196021,0
2023-03-24T15:24:55Z,2023-03-24T15:25:00Z,0.03266275012042641,3.5033749394529337,3.53603768957336,0
2023-03-24T15:25:55Z,2023-03-24T15:26:00Z,0.01551665614573361,3.524342692404625,3.5398593485503587,0
2023-03-24T15:25:55Z,2023-03-24T15:26:00Z,0.049066249940445505,3.4913303419221458,3.5403965918625913,0
2023-03-24T15:25:55Z,2023-03-24T15:26:00Z,0.06543895288406354,3.4762690857941583,3.541708038678222,0
2023-03-24T15:25:55Z,2023-03-24T15:26:00Z,0.08696336524665638,3.454136133187875,3.5410994984345314,0
2023-03-24T15:25:55Z,2023-03-24T15:26:00Z,0.10324981514882614,3.4333679681476497,3.536617783296476,0
2023-03-24T15:25:55Z,2023-03-24T15:26:00Z,0.09100467683728874,3.4410069780395283,3.532011654876817,0
2023-03-24T15:25:55Z,2023-03-24T15:26:00Z,0.08830955525365258,3.436267954211119,3.5245775094647716,0
2023-03-24T15:25:55Z,2023-03-24T15:26:00Z,0.02710452201067204,3.4896351540966326,3.5167396761073046,0
2023-03-24T15:25:55Z,2023-03-24T15:26:00Z,0.0009344998840776775,3.5093781896357825,3.508443689751705,0
2023-03-24T15:25:55Z,2023-03-24T15:26:00Z,0.014012369787222756,3.5167007028799633,3.5026883330927405,0
2023-03-24T15:25:55Z,2023-03-24T15:26:00Z,0.0849303047828216,3.5844336642241585,3.499503359441337,0
2023-03-24T15:25:55Z,2023-03-24T15:26:00Z,0.13656021230724447,3.63314758761488,3.4965873753076355,0
2023-03-24T15:26:55Z,2023-03-24T15:27:00Z,0.1375330840506983,3.6349407358785366,3.4974076518278383,0
2023-03-24T15:26:55Z,2023-03-24T15:27:00Z,0.17107619614393998,3.674835686065774,3.503759489921834,0
2023-03-24T15:26:55Z,2023-03-24T15:27:00Z,0.18203534329751925,3.6924637261609043,3.510428382863385,0
2023-03-24T15:26:55Z,2023-03-24T15:27:00Z,0.18985602979580607,3.7100672173661904,3.5202111875703843,0
2023-03-24T15:26:55Z,2023-03-24T15:27:00Z,0.18315964419775188,3.7159767508820005,3.5328171066842486,0
2023-03-24T15:26:55Z,2023-03-24T15:27:00Z,0.17065117414623687,3.7158499158279232,3.5451987416816864,0
2023-03-24T15:26:55Z,2023-03-24T15:27:00Z,0.14037668761793265,3.7005518565636093,3.5601751689456766,0
2023-03-24T15:26:55Z,2023-03-24T15:27:00Z,0.1640563896153493,3.7402036138966106,3.5761472242812613,0
2023-03-24T15:26:55Z,2023-03-24T15:27:00Z,0.1648919968316398,3.7574669360046165,3.5925749391729767,0
2023-03-24T15:26:55Z,2023-03-24T15:27:00Z,0.15090640496415464,3.7639370538537285,3.613030648889574,0
2023-03-24T15:26:55Z,2023-03-24T15:27:00Z,0.12595650511711565,3.7600844845376957,3.63412797942058,0
2023-03-24T15:26:55Z,2023-03-24T15:27:00Z,0.07874164172105802,3.7347142277844787,3.6559725860634207,0
2023-03-24T15:27:55Z,2023-03-24T15:28:00Z,0.06688278806967496,3.740885329495833,3.674002541426158,0
2023-03-24T15:27:55Z,2023-03-24T15:28:00Z,0.06665370763194245,3.755678651601347,3.6890249439694047,0
2023-03-24T15:27:55Z,2023-03-24T15:28:00Z,0.020322412797328493,3.7242929985411246,3.703970585743796,0
2023-03-24T15:27:55Z,2023-03-24T15:28:00Z,0.06181609751227679,3.653570820723332,3.715386918235609,0
2023-03-24T15:27:55Z,2023-03-24T15:28:00Z,0.10822882735908079,3.613234451604944,3.7214632789640247,0
2023-03-24T15:27:55Z,2023-03-24T15:28:00Z,0.11353084031023553,3.609174444310109,3.7227052846203446,0
2023-03-24T15:27:55Z,2023-03-24T15:28:00Z,0.10761499693988075,3.6109835387164084,3.718598535656289,0
2023-03-24T15:27:55Z,2023-03-24T15:28:00Z,0.12482451106921344,3.5882214057970225,3.713045916866236,0
2023-03-24T15:27:55Z,2023-03-24T15:28:00Z,0.13001313677926474,3.5764272015103193,3.706440338289584,0
2023-03-24T15:27:55Z,2023-03-24T15:28:00Z,0.12747446696583875,3.57044884831808,3.697923315283919,0
2023-03-24T15:27:55Z,2023-03-24T15:28:00Z,0.11731852024404299,3.5713099474187024,3.6886284676627454,0
2023-03-24T15:27:55Z,2023-03-24T15:28:00Z,0.11120811329862601,3.5687468204810844,3.6799549337797104,0
2023-03-24T15:28:55Z,2023-03-24T15:29:00Z,0.11099520191328072,3.5577001541012354,3.668695356014516,0
2023-03-24T15:28:55Z,2023-03-24T15:29:00Z,0.1336083182547676,3.5225056967248465,3.656114014979614,0
2023-03-24T15:28:55Z,2023-03-24T15:29:00Z,0.12931661613255319,3.5130482721968943,3.6423648883294475,0
2023-03-24T15:28:55Z,2023-03-24T15:29:00Z,0.1348481516082134,3.4916781508670445,3.626526302475258,0
2023-03-24T15:28:55Z,2023-03-24T15:29:00Z,0.1576116757335968,3.454136896369156,3.6117485721027527,0
2023-03-24T15:28:55Z,2023-03-24T15:29:00Z,0.161454348159622,3.4336804120345445,3.5951347601941666,0
2023-03-24T15:28:55Z,2023-03-24T15:29:00Z,0.16447646332934873,3.410555513182672,3.5750319765120206,0
2023-03-24T15:28:55Z,2023-03-24T15:29:00Z,0.1773480376561114,3.3783097664221375,3.555657804078249,0
2023-03-24T15:28:55Z,2023-03-24T15:29:00Z,0.17078523484222652,3.3686715487333116,3.539456783575538,0
2023-03-24T15:28:55Z,2023-03-24T15:29:00Z,0.15662881381053229,3.367166324086152,3.523795137896684,0
2023-03-24T15:28:55Z,2023-03-24T15:29:00Z,0.12860478307759804,3.3791568284472997,3.5077616115248977,0
2023-03-24T15:28:55Z,2023-03-24T15:29:00Z,0.10067842980289576,3.3908287007466513,3.491507130549547,0
2023-03-24T15:29:55Z,2023-03-24T15:30:00Z,0.060686541321884224,3.416882950737681,3.477569492059565,0
2023-03-24T15:29:55Z,2023-03-24T15:30:00Z,0.026943888996575627,3.438252369678745,3.4651962586753204,0
2023-03-24T15:29:55Z,2023-03-24T15:30:00Z,0.003667881968409503,3.45862641413837,3.4549585321699605,0
2023-03-24T15:29:55Z,2023-03-24T15:30:00Z,0.06971123239755084,3.5157992593848477,3.446088026987297,0
2023-03-24T15:29:55Z,2023-03-24T15:30:00Z,0.13816008073858344,3.576906747303033,3.4387466665644495,0
2023-03-24T15:29:55Z,2023-03-24T15:30:00Z,0.16618294255373645,3.6021362161370933,3.435953273583357,0
2023-03-24T15:29:55Z,2023-03-24T15:30:00Z,0.1932635313032316,3.6328435415918015,3.43958001028857,0
2023-03-24T15:29:55Z,2023-03-24T15:30:00Z,0.2259710339665819,3.671490240517831,3.445519206551249,0
2023-03-24T15:29:55Z,2023-03-24T15:30:00Z,0.2376794648001117,3.692609697399678,3.4549302325995663,0
2023-03-24T15:29:55Z,2023-03-24T15:30:00Z,0.2703714731219309,3.7397919286647423,3.4694204555428114,0
2023-03-24T15:29:55Z,2023-03-24T15:30:00Z,0.2629658288440324,3.749648236744519,3.486682407900487,0
2023-03-24T15:29:55Z,2023-03-24T15:30:00Z,0.25849116561628493,3.7671226678822434,3.5086315022659584,0
2023-03-24T15:30:55Z,2023-03-24T15:31:00Z,0.23959583935559614,3.7729832396430467,3.5333874002874506,0
2023-03-24T15:30:55Z,2023-03-24T15:31:00Z,0.2006051227159058,3.760555930946618,3.5599508082307123,0
2023-03-24T15:30:55Z,2023-03-24T15:31:00Z,0.16438613311465433,3.751391402382493,3.5870052692678387,0
2023-03-24T15:30:55Z,2023-03-24T15:31:00Z,0.1198380848413132,3.7322699609424395,3.6124318761011263,0
2023-03-24T15:30:55Z,2023-03-24T15:31:00Z,0.060174702884787656,3.6966440924283037,3.636469389543516,0
2023-03-24T15:30:55Z,2023-03-24T15:31:00Z,0.01726740573717489,3.674762595961008,3.657495190223833,0
2023-03-24T15:30:55Z,2023-03-24T15:31:00Z,0.0006936902350234142,3.67402761483878,3.6747213050738035,0
2023-03-24T15:30:55Z,2023-03-24T15:31:00Z,0.05804282265290572,3.6310875612090734,3.689130383861979,0
2023-03-24T15:30:55Z,2023-03-24T15:31:00Z,0.08262175143285333,3.617057189459388,3.6996789408922415,0
2023-03-24T15:30:55Z,2023-03-24T15:31:00Z,0.09660471961495931,3.6066862755376845,3.703290995152644,0
2023-03-24T15:30:55Z,2023-03-24T15:31:00Z,0.07515368634745556,3.629132040360008,3.7042857267074636,0
2023-03-24T15:31:55Z,2023-03-24T15:32:00Z,0.055537066931848234,3.6470048420386743,3.7025419089705225,0
2023-03-24T15:31:55Z,2023-03-24T15:32:00Z,0.045306585776740516,3.6544114431832604,3.699718028960001,0
2023-03-24T15:31:55Z,2023-03-24T15:32:00Z,0.026632679990410857,3.670045025278857,3.6966777052692676,0
2023-03-24T15:31:55Z,2023-03-24T15:32:00Z,0.017387788529811044,3.6735978843740242,3.6909856729038353,0
2023-03-24T15:31:55Z,2023-03-24T15:32:00Z,0.013785953190299516,3.671892838949159,3.6856787921394587,0
2023-03-24T15:31:55Z,2023-03-24T15:32:00Z,0.018007541555540296,3.6974513481277844,3.679443806572244,0
2023-03-24T15:31:55Z,2023-03-24T15:32:00Z,0.023725129296402248,3.6964295758223877,3.6727044465259855,0
2023-03-24T15:31:55Z,2023-03-24T15:32:00Z,0.011840309693864626,3.6566571646441983,3.668497474338063,0
2023-03-24T15:31:55Z,2023-03-24T15:32:00Z,0.005476937242792523,3.670310289810182,3.6648333525673893,0
2023-03-24T15:31:55Z,2023-03-24T15:32:00Z,0.024235160878551376,3.684027660359392,3.6597924994808406,0
2023-03-24T15:31:55Z,2023-03-24T15:32:00Z,0.010565801218320736,3.647471111421311,3.658036912639632,0
2023-03-24T15:31:55Z,2023-03-24T15:32:00Z,0.0058449121141666005,3.652809671485357,3.6586545835995237,0
2023-03-24T15:31:55Z,2023-03-24T15:32:00Z,0.000885514449642244,3.657769664488001,3.656884150038359,0
2023-03-24T15:32:55Z,2023-03-24T15:33:00Z,0.011185125021813125,3.6695174157452577,3.6583322907234446,0
2023-03-24T15:32:55Z,2023-03-24T15:33:00Z,0.0007369700972095217,3.660309485628143,3.6610464557253524,0
2023-03-24T15:32:55Z,2023-03-24T15:33:00Z,0.017686505717510403,3.682921704123367,3.6652351984058567,0
2023-03-24T15:32:55Z,2023-03-24T15:33:00Z,0.01775779760088403,3.6850714923579493,3.6673136947570653,0
2023-03-24T15:32:55Z,2023-03-24T15:33:00Z,0.030045057449709756,3.6396630947796687,3.6697081522293784,0
2023-03-24T15:32:55Z,2023-03-24T15:33:00Z,0.028527854419653664,3.643224301088037,3.671752155507691,0
2023-03-24T15:32:55Z,2023-03-24T15:33:00Z,0.016431612065568313,3.6532950814088436,3.669726693474412,0
2023-03-24T15:32:55Z,2023-03-24T15:33:00Z,0.018983521270004022,3.6487182666520095,3.6677017879220135,0
2023-03-24T15:32:55Z,2023-03-24T15:33:00Z,0.022677840740207955,3.6437840966791177,3.6664619374193257,0
2023-03-24T15:32:55Z,2023-03-24T15:33:00Z,0.05792435995210932,3.605288705368831,3.6632130653209405,0
2023-03-24T15:32:55Z,2023-03-24T15:33:00Z,0.041591794053721376,3.6181115726576683,3.6597033667113896,0
2023-03-24T15:32:55Z,2023-03-24T15:33:00Z,0.0658279001357851,3.590450902623913,3.656278802759698,0
2023-03-24T15:33:55Z,2023-03-24T15:34:00Z,0.06488508913869584,3.587913799144168,3.652798888282864,0
2023-03-24T15:33:55Z,2023-03-24T15:34:00Z,0.02920529221510959,3.6173551455520556,3.646560437767165,0
2023-03-24T15:33:55Z,2023-03-24T15:34:00Z,0.048305967999928257,3.5942839822820942,3.6425899502820225,0
2023-03-24T15:33:55Z,2023-03-24T15:34:00Z,0.046361789968997424,3.593864525250804,3.6402263152198016,0
2023-03-24T15:33:55Z,2023-03-24T15:34:00Z,0.02262534957652118,3.6133685868295533,3.6359939364060745,0
2023-03-24T15:33:55Z,2023-03-24T15:34:00Z,0.019631067552667858,3.611319342820443,3.630950410373111,0
2023-03-24T15:33:55Z,2023-03-24T15:34:00Z,0.0022259510127575766,3.625595066107114,3.6278210171198717,0
2023-03-24T15:33:55Z,2023-03-24T15:34:00Z,0.006631931318518358,3.6164155950478247,3.623047526366343,0
2023-03-24T15:33:55Z,2023-03-24T15:34:00Z,0.013231265606044929,3.6058511656769094,3.6190824312829544,0
2023-03-24T15:33:55Z,2023-03-24T15:34:00Z,0.057467926135854164,3.6750005241033525,3.6175325979674984,0
2023-03-24T15:33:55Z,2023-03-24T15:34:00Z,0.0859470472121413,3.700988102818898,3.6150410556067567,0
2023-03-24T15:33:55Z,2023-03-24T15:34:00Z,0.11598439676534023,3.7324724818850648,3.6164880851197245,0
2023-03-24T15:34:55Z,2023-03-24T15:35:00Z,0.11394486922875524,3.7339176100929388,3.6199727408641835,0
2023-03-24T15:34:55Z,2023-03-24T15:35:00Z,0.04970546744665594,3.6755907673245694,3.6258852998779134,0
2023-03-24T15:34:55Z,2023-03-24T15:35:00Z,0.06103869259814898,3.6954992527910027,3.6344605601928537,0
2023-03-24T15:34:55Z,2023-03-24T15:35:00Z,0.05132077356962883,3.6896132800736092,3.6382925065039804,0
2023-03-24T15:34:55Z,2023-03-24T15:35:00Z,0.026529210584983254,3.6718249404334364,3.645295729848453,0
2023-03-24T15:34:55Z,2023-03-24T15:35:00Z,0.023112796309834316,3.6751884915535826,3.6520756952437483,0
2023-03-24T15:34:55Z,2023-03-24T15:35:00Z,0.001344222236200121,3.657051237138708,3.6557070149025077,0
2023-03-24T15:34:55Z,2023-03-24T15:35:00Z,0.0048102040669038,3.6562904447870364,3.66110064885394,0
2023-03-24T15:34:55Z,2023-03-24T15:35:00Z,0.004481712890845646,3.6608313834222885,3.665313096313134,0
2023-03-24T15:34:55Z,2023-03-24T15:35:00Z,0.04344331459599671,3.7116178681062966,3.6681745535103,0
2023-03-24T15:34:55Z,2023-03-24T15:35:00Z,0.08048371492001039,3.7519590711371,3.6714753562170896,0
2023-03-24T15:34:55Z,2023-03-24T15:35:00Z,0.061526046712928384,3.73873625639663,3.6772102096837016,0
2023-03-24T15:35:55Z,2023-03-24T15:36:00Z,0.00011550078945221642,3.686361942212439,3.6862464414229867,0
2023-03-24T15:35:55Z,2023-03-24T15:36:00Z,0.04597462610987568,3.649130821361092,3.6951054474709677,0
2023-03-24T15:35:55Z,2023-03-24T15:36:00Z,0.11000693552706453,3.5858559398178422,3.6958628753449068,0
2023-03-24T15:35:55Z,2023-03-24T15:36:00Z,0.08119287411275744,3.611212849134962,3.6924057232477194,0
2023-03-24T15:35:55Z,2023-03-24T15:36:00Z,0.06763434296359838,3.614996944146306,3.6826312871099045,0
2023-03-24T15:35:55Z,2023-03-24T15:36:00Z,0.05568860294781297,3.618762366764893,3.674450969712706,0
2023-03-24T15:35:55Z,2023-03-24T15:36:00Z,0.023521856101149208,3.6468895253996725,3.6704113815008217,0
2023-03-24T15:35:55Z,2023-03-24T15:36:00Z,0.02455226809643163,3.6407433210026494,3.665295589099081,0
2023-03-24T15:35:55Z,2023-03-24T15:36:00Z,0.017455040219763518,3.644992298567722,3.6624473387874854,0
2023-03-24T15:35:55Z,2023-03-24T15:36:00Z,0.02233241813522069,3.682707648960654,3.660375230825433,0
2023-03-24T15:35:55Z,2023-03-24T15:36:00Z,0.0070140426897724595,3.665376193982815,3.6583621512930424,0
2023-03-24T15:35:55Z,2023-03-24T15:36:00Z,0.0068183035597568775,3.666890882307596,3.660072578747839,0
2023-03-24T15:36:55Z,2023-03-24T15:37:00Z,0.007613109522000006,3.6682914048828907,3.6606782953608907,0
2023-03-24T15:36:55Z,2023-03-24T15:37:00Z,0.013831412068245008,3.647250849885,3.661082261953245,0
2023-03-24T15:36:55Z,2023-03-24T15:37:00Z,0.008334825530726064,3.6498590055409585,3.6581938310716846,0
2023-03-24T15:36:55Z,2023-03-24T15:37:00Z,0.011460215630483717,3.639753067357727,3.651213282988211,0
2023-03-24T15:36:55Z,2023-03-24T15:37:00Z,0.006069530988241922,3.651357663919408,3.645288132931166,0
2023-03-24T15:36:55Z,2023-03-24T15:37:00Z,0.053541349938246,3.6957222245457646,3.6421808746075186,0
2023-03-24T15:36:55Z,2023-03-24T15:37:00Z,0.07387552731965874,3.7162048580977323,3.6423293307780735,0
2023-03-24T15:36:55Z,2023-03-24T15:37:00Z,0.1039386456091882,3.7535923953691226,3.6496537497599344,0
2023-03-24T15:36:55Z,2023-03-24T15:37:00Z,0.13899695387774313,3.7956501709018626,3.6566532170241195,0
2023-03-24T15:36:55Z,2023-03-24T15:37:00Z,0.1173543151037042,3.783247228876011,3.6658929137723066,0
2023-03-24T15:36:55Z,2023-03-24T15:37:00Z,0.11193742925599448,3.7896228633040994,3.677685434048105,0
2023-03-24T15:36:55Z,2023-03-24T15:37:00Z,0.10563871361893451,3.792414661232128,3.6867759476131936,0
2023-03-24T15:37:55Z,2023-03-24T15:38:00Z,0.07227208842849686,3.7689733388617874,3.6967012504332906,0
2023-03-24T15:37:55Z,2023-03-24T15:38:00Z,0.07702548192772873,3.78355488987198,3.7065294079442515,0
2023-03-24T15:37:55Z,2023-03-24T15:38:00Z,0.07109134632737435,3.7833718002650345,3.71228045393766,0
2023-03-24T15:37:55Z,2023-03-24T15:38:00Z,0.0473594288430812,3.767518462506686,3.720159033663605,0
2023-03-24T15:37:55Z,2023-03-24T15:38:00Z,0.05072631992586629,3.778650748119967,3.727924428194101,0
2023-03-24T15:37:55Z,2023-03-24T15:38:00Z,0.009292585059810232,3.7438321504288306,3.7345395653690203,0
2023-03-24T15:37:55Z,2023-03-24T15:38:00Z,0.0204258485451998,3.7228737100394853,3.743299558584685,0
2023-03-24T15:37:55Z,2023-03-24T15:38:00Z,0.030622822314540166,3.718941612596003,3.749564434910543,0
2023-03-24T15:37:55Z,2023-03-24T15:38:00Z,0.08712490939122519,3.6679809016981015,3.7551058110893267,0
2023-03-24T15:37:55Z,2023-03-24T15:38:00Z,0.11420411998742752,3.645407287680339,3.7596114076677667,0
2023-03-24T15:37:55Z,2023-03-24T15:38:00Z,0.1206071414761336,3.637154844668455,3.7577619861445886,0
2023-03-24T15:37:55Z,2023-03-24T15:38:00Z,0.1300719518324538,3.622970196284309,3.7530421481167626,0
2023-03-24T15:38:55Z,2023-03-24T15:39:00Z,0.10046540947185845,3.6448142352648603,3.7452796447367187,0
2023-03-24T15:38:55Z,2023-03-24T15:39:00Z,0.09046519705822753,3.643302449370654,3.7337676464288814,0
2023-03-24T15:38:55Z,2023-03-24T15:39:00Z,0.08479068021178593,3.6397480999763525,3.7245387801881384,0
2023-03-24T15:38:55Z,2023-03-24T15:39:00Z,0.07819830457389498,3.636585781352013,3.714784085925908,0
2023-03-24T15:38:55Z,2023-03-24T15:39:00Z,0.05160249074892054,3.6530038244266025,3.704606315175523,0
2023-03-24T15:38:55Z,2023-03-24T15:39:00Z,0.04588770137114295,3.6498927766370617,3.6957804780082046,0
2023-03-24T15:38:55Z,2023-03-24T15:39:00Z,0.03436847158993617,3.6527086020552426,3.687077073645179,0
2023-03-24T15:38:55Z,2023-03-24T15:39:00Z,0.047363351956000166,3.6308151201139807,3.678178472069981,0
2023-03-24T15:38:55Z,2023-03-24T15:39:00Z,0.03931537776675853,3.63120910360646,3.6705244813732185,0
2023-03-24T15:38:55Z,2023-03-24T15:39:00Z,0.009487345275108083,3.6701561181145936,3.6606687728394856,0
2023-03-24T15:38:55Z,2023-03-24T15:39:00Z,0.004620497798857315,3.6577810675168516,3.6531605697179943,0
2023-03-24T15:39:55Z,2023-03-24T15:40:00Z,0.03653737834833182,3.686183441938,3.6496460635896684,0
2023-03-24T15:39:55Z,2023-03-24T15:40:00Z,0.0244057809868643,3.669974474904589,3.6455686939177245,0
2023-03-24T15:39:55Z,2023-03-24T15:40:00Z,0.00034842656895328616,3.6471306231693377,3.6467821966003844,0
2023-03-24T15:39:55Z,2023-03-24T15:40:00Z,0.010079267102503842,3.6584992761845054,3.6484200090820016,0
2023-03-24T15:39:55Z,2023-03-24T15:40:00Z,0.001409445481058924,3.6476756155010013,3.64908506098206,0
2023-03-24T15:39:55Z,2023-03-24T15:40:00Z,0.047075116546967166,3.604378549761773,3.6514536663087402,0
2023-03-24T15:39:55Z,2023-03-24T15:40:00Z,0.0574572934477402,3.5941871315434093,3.6516444249911495,0
2023-03-24T15:39:55Z,2023-03-24T15:40:00Z,0.07312016171803082,3.5759293366325275,3.6490494983505584,0
2023-03-24T15:39:55Z,2023-03-24T15:40:00Z,0.07420415210183506,3.571807948353194,3.646012100455029,0
2023-03-24T15:39:55Z,2023-03-24T15:40:00Z,0.05731819412267036,3.584650143351059,3.6419683374737293,0
2023-03-24T15:39:55Z,2023-03-24T15:40:00Z,0.09874297836002155,3.537812300708814,3.6365552790688356,0
2023-03-24T15:39:55Z,2023-03-24T15:40:00Z,0.036516945247338395,3.5956888249357633,3.6322057701831016,0
2023-03-24T15:39:55Z,2023-03-24T15:40:00Z,0.016717005946587538,3.6078290108134192,3.6245460167600068,0
2023-03-24T15:40:55Z,2023-03-24T15:41:00Z,0.0034110269377842783,3.6187932368103413,3.6222042637481255,1
2023-03-24T15:40:55Z,2023-03-24T15:41:00Z,0.03348103835794891,3.587164552537307,3.620645590895256,1
2023-03-24T15:40:55Z,2023-03-24T15:41:00Z,0.09783605816978636,3.5193853406385194,3.6172213988083057,1
2023-03-24T15:40:55Z,2023-03-24T15:41:00Z,0.13430080621890772,3.4782128249240953,3.612513631143003,1
2023-03-24T15:40:55Z,2023-03-24T15:41:00Z,0.19778894795433288,3.4036048097687046,3.6013937577230375,1
2023-03-24T15:40:55Z,2023-03-24T15:41:00Z,0.27731587108002875,3.311293776644309,3.5886096477243377,1
2023-03-24T15:40:55Z,2023-03-24T15:41:00Z,0.33408653202534344,3.2382880614722853,3.5723745934976288,1
2023-03-24T15:40:55Z,2023-03-24T15:41:00Z,0.3900594935048338,3.1591680666901154,3.5492275601949492,1
2023-03-24T15:40:55Z,2023-03-24T15:41:00Z,0.4576184313579672,3.0643166252350675,3.5219350565930347,1
2023-03-24T15:40:55Z,2023-03-24T15:41:00Z,0.4685854551436832,3.0236689025779073,3.4922543577215905,1
2023-03-24T15:40:55Z,2023-03-24T15:41:00Z,0.33090596251911686,3.1260236947819173,3.456929657301034,1
2023-03-24T15:41:55Z,2023-03-24T15:42:00Z,0.24742680763486913,3.1726854873958574,3.4201122950307266,1
2023-03-24T15:41:55Z,2023-03-24T15:42:00Z,0.19945869830491514,3.190934646487726,3.390393344792641,1
2023-03-24T15:41:55Z,2023-03-24T15:42:00Z,0.14554121504316164,3.2173878193524663,3.362929034395628,1
2023-03-24T15:41:55Z,2023-03-24T15:42:00Z,0.10597061179145806,3.233833245656098,3.339803857447556,1
2023-03-24T15:41:55Z,2023-03-24T15:42:00Z,0.09742078789096231,3.217163002517707,3.3145837904086695,1
2023-03-24T15:41:55Z,2023-03-24T15:42:00Z,0.07572696411086577,3.213923775287316,3.2896507393981818,1
2023-03-24T15:41:55Z,2023-03-24T15:42:00Z,0.0664057114351988,3.19646967901014,3.262875390445339,1
2023-03-24T15:41:55Z,2023-03-24T15:42:00Z,0.05985032460784412,3.178142347354162,3.2379926719620062,1
2023-03-24T15:41:55Z,2023-03-24T15:42:00Z,0.04391846185206383,3.172546499334717,3.216464961186781,1
2023-03-24T15:41:55Z,2023-03-24T15:42:00Z,0.033230071044234144,3.163230191637884,3.1964602626821184,1
2023-03-24T15:41:55Z,2023-03-24T15:42:00Z,0.023251593289836947,3.1578047820300155,3.1810563753198524,1
2023-03-24T15:41:55Z,2023-03-24T15:42:00Z,0.02086216573485533,3.150323303917902,3.1711854696527575,1
2023-03-24T15:41:55Z,2023-03-24T15:42:00Z,0.013249611505463221,3.1525703061844763,3.1658199176899395,1
2023-03-24T15:42:55Z,2023-03-24T15:43:00Z,0.001316304346675956,3.1665465711851346,3.1652302668384587,1
2023-03-24T15:42:55Z,2023-03-24T15:43:00Z,0.006936436914554367,3.164177408653865,3.1711138455684194,1
2023-03-24T15:42:55Z,2023-03-24T15:43:00Z,0.036633304956053436,3.144005718519515,3.1806390234755684,1
2023-03-24T15:42:55Z,2023-03-24T15:43:00Z,0.03207604600265457,3.15110655839771,3.1831826044003644,1
2023-03-24T15:42:55Z,2023-03-24T15:43:00Z,0.022534962972768913,3.1587356568358396,3.1812706198086085,1
2023-03-24T15:42:55Z,2023-03-24T15:43:00Z,0.003116852839367912,3.175498561096573,3.178615413935941,1
2023-03-24T15:42:55Z,2023-03-24T15:43:00Z,0.012271947920351689,3.1624333218478133,3.174705269768165,1
2023-03-24T15:42:55Z,2023-03-24T15:43:00Z,0.02931240519707856,3.141503885600452,3.1708162907975304,1
2023-03-24T15:42:55Z,2023-03-24T15:43:00Z,0.02422678208449991,3.1429408633350375,3.1671676454195374,1
2023-03-24T15:42:55Z,2023-03-24T15:43:00Z,0.035517875148598055,3.1268217776251483,3.1623396527737464,1
2023-03-24T15:42:55Z,2023-03-24T15:43:00Z,0.03895394854675205,3.1198171165153212,3.1587710650620733,1
2023-03-24T15:42:55Z,2023-03-24T15:43:00Z,0.030132247875513052,3.1252174458712925,3.1553496937468055,1
2023-03-24T15:43:55Z,2023-03-24T15:44:00Z,0.036738663071187894,3.1150957384876574,3.1518344015588453,1
2023-03-24T15:43:55Z,2023-03-24T15:44:00Z,0.0321839472772365,3.117116271230503,3.1493002185077397,1
2023-03-24T15:43:55Z,2023-03-24T15:44:00Z,0.03126654900856973,3.115186399929679,3.146452948938249,1
2023-03-24T15:43:55Z,2023-03-24T15:44:00Z,0.022804273725726798,3.1214348730333628,3.1442391467590896,1
2023-03-24T15:43:55Z,2023-03-24T15:44:00Z,0.014178939242893929,3.127567947099209,3.1417468863421028,1
2023-03-24T15:43:55Z,2023-03-24T15:44:00Z,0.0065406550367757,3.1321987847618753,3.138739439798651,1
2023-03-24T15:43:55Z,2023-03-24T15:44:00Z,0.01978700803674638,3.156085817065087,3.136298809028341,1
2023-03-24T15:43:55Z,2023-03-24T15:44:00Z,0.030422965143229952,3.165934645254395,3.135511680111165,1
2023-03-24T15:43:55Z,2023-03-24T15:44:00Z,0.022393979653909213,3.1582376103428995,3.1358436306889903,1
2023-03-24T15:43:55Z,2023-03-24T15:44:00Z,0.03904703162769163,3.1753705948779194,3.1363235632502278,1
2023-03-24T15:43:55Z,2023-03-24T15:44:00Z,0.05351119159427897,3.1886840247942616,3.1351728331999826,1
2023-03-24T15:44:55Z,2023-03-24T15:45:00Z,0.06350633637121694,3.199541654439873,3.136035318068656,1
2023-03-24T15:44:55Z,2023-03-24T15:45:00Z,0.06884167619158532,3.2080223368731624,3.139180660681577,1
2023-03-24T15:44:55Z,2023-03-24T15:45:00Z,0.06623454361383851,3.2091885903690702,3.1429540467552317,1
2023-03-24T15:44:55Z,2023-03-24T15:45:00Z,0.0720051316262329,3.2203725489979997,3.148367417371767,1
2023-03-24T15:44:55Z,2023-03-24T15:45:00Z,0.04153153671356602,3.19585705234225,3.154325515628684,1
2023-03-24T15:44:55Z,2023-03-24T15:45:00Z,0.010580050520546003,3.1712492396910097,3.1606691891704637,1
2023-03-24T15:44:55Z,2023-03-24T15:45:00Z,0.003942536019769349,3.1621107407410007,3.16605327676077,1
2023-03-24T15:44:55Z,2023-03-24T15:45:00Z,0.022987920444613952,3.14667422088019,3.169662141324804,1
2023-03-24T15:44:55Z,2023-03-24T15:45:00Z,0.04163636550753891,3.131154065204686,3.172790430712225,1
2023-03-24T15:44:55Z,2023-03-24T15:45:00Z,0.05113962874026834,3.123333425161745,3.1744730539020134,1
2023-03-24T15:44:55Z,2023-03-24T15:45:00Z,0.06490951241756315,3.1098026160248153,3.1747121284423785,1
2023-03-24T15:44:55Z,2023-03-24T15:45:00Z,0.07834005040162495,3.0957810540674116,3.1741211044690365,1
2023-03-24T15:44:55Z,2023-03-24T15:45:00Z,0.10176324340631204,3.069272314326706,3.1710355577330183,1
2023-03-24T15:45:55Z,2023-03-24T15:46:00Z,0.11079958692892866,3.0555590647249575,3.166358651653886,1
2023-03-24T15:45:55Z,2023-03-24T15:46:00Z,0.12368797716152402,3.036739654757949,3.160427631919473,1
2023-03-24T15:45:55Z,2023-03-24T15:46:00Z,0.13165395067808605,3.0207862458978565,3.1524401965759425,1
2023-03-24T15:45:55Z,2023-03-24T15:46:00Z,0.10606077846601591,3.036249793440839,3.142310571906855,1
2023-03-24T15:45:55Z,2023-03-24T15:46:00Z,0.10262003710188505,3.027773507568836,3.130393544670721,1
2023-03-24T15:45:55Z,2023-03-24T15:46:00Z,0.10978847667417257,3.0091535651010606,3.118942041775233,1
2023-03-24T15:45:55Z,2023-03-24T15:46:00Z,0.11841160811330464,2.9884360948085793,3.106847702921884,1
2023-03-24T15:45:55Z,2023-03-24T15:46:00Z,0.10969487144285761,2.983071565885897,3.0927664373287547,1
2023-03-24T15:45:55Z,2023-03-24T15:46:00Z,0.09502866020569423,2.9839097132874817,3.078938373493176,1
2023-03-24T15:45:55Z,2023-03-24T15:46:00Z,0.08525071711481891,2.9811424781246827,3.0663931952395016,1
2023-03-24T15:45:55Z,2023-03-24T15:46:00Z,0.08390921210530777,2.9706039146372927,3.0545131267426004,1
2023-03-24T15:45:55Z,2023-03-24T15:46:00Z,0.06235803623894798,2.981119640986619,3.043477677225567,1
2023-03-24T15:46:55Z,2023-03-24T15:47:00Z,0.03919095318779542,2.9935833806666112,3.0327743338544066,1
2023-03-24T15:46:55Z,2023-03-24T15:47:00Z,0.020185578370454316,3.0031078365389448,3.023293414909399,1
2023-03-24T15:46:55Z,2023-03-24T15:47:00Z,0.01241996079333596,3.003125505092183,3.015545465885519,1
2023-03-24T15:46:55Z,2023-03-24T15:47:00Z,0.023572525519077736,2.9857947258645434,3.009367251383621,1
2023-03-24T15:46:55Z,2023-03-24T15:47:00Z,0.046085597337876205,2.9588718667634435,3.0049574641013197,1
2023-03-24T15:46:55Z,2023-03-24T15:47:00Z,0.07498320390907764,2.9253233042682143,3.000306508177292,1
2023-03-24T15:46:55Z,2023-03-24T15:47:00Z,0.10121729301506877,2.8938980292959235,2.9951153223109923,1
2023-03-24T15:46:55Z,2023-03-24T15:47:00Z,0.13699764967932415,2.851753476523025,2.988751126202349,1
2023-03-24T15:46:55Z,2023-03-24T15:47:00Z,0.17000759135301502,2.8092534172396726,2.9792610085926876,1
2023-03-24T15:46:55Z,2023-03-24T15:47:00Z,0.30452626018923645,2.6630000796670634,2.9675263398563,1
2023-03-24T15:46:55Z,2023-03-24T15:47:00Z,0.20928347841704875,2.744916184915158,2.954199663332207,1
2023-03-24T15:46:55Z,2023-03-24T15:47:00Z,0.10920495333617986,2.82329897565326,2.9325039289894397,1
2023-03-24T15:47:55Z,2023-03-24T15:48:00Z,0.026462296877392433,2.890164606713998,2.9166269035913905,0
2023-03-24T15:47:55Z,2023-03-24T15:48:00Z,0.08326618763807137,2.989185708720514,2.9059195210824424,0
2023-03-24T15:47:55Z,2023-03-24T15:48:00Z,0.22140030038606806,3.1212546300411312,2.899854329655063,0
2023-03-24T15:47:55Z,2023-03-24T15:48:00Z,0.33613556860497384,3.2372286845322513,2.9010931159272775,0
2023-03-24T15:47:55Z,2023-03-24T15:48:00Z,0.44235134781714525,3.3527867963480573,2.910435448530912,0
2023-03-24T15:47:55Z,2023-03-24T15:48:00Z,0.5716778864932137,3.4983563552818358,2.926678468788622,0
2023-03-24T15:47:55Z,2023-03-24T15:48:00Z,0.6376451140764097,3.5876355135189724,2.9499903994425627,0
2023-03-24T15:47:55Z,2023-03-24T15:48:00Z,0.6485671460191291,3.631572935474335,2.983005789455206,0
2023-03-24T15:47:55Z,2023-03-24T15:48:00Z,0.5873257167259647,3.610454225358133,3.023128508632168,0
2023-03-24T15:47:55Z,2023-03-24T15:48:00Z,0.437212180069793,3.5051874266160206,3.0679752465462276,0
2023-03-24T15:47:55Z,2023-03-24T15:48:00Z,0.4035247101733601,3.5171753514589157,3.1136506412855556,0
2023-03-24T15:47:55Z,2023-03-24T15:48:00Z,0.3676070665243465,3.5220103342979083,3.154403267773562,0
2023-03-24T15:48:55Z,2023-03-24T15:49:00Z,0.32119616772893833,3.51996089383156,3.1987647261026217,0
2023-03-24T15:48:55Z,2023-03-24T15:49:00Z,0.25623744110480695,3.5025192950113104,3.2462818539065035,0
2023-03-24T15:48:55Z,2023-03-24T15:49:00Z,0.1433493060925115,3.4467618809433147,3.303412574850803,0
2023-03-24T15:48:55Z,2023-03-24T15:49:00Z,0.0674748174946247,3.421394266351838,3.3539194488572135,0
2023-03-24T15:48:55Z,2023-03-24T15:49:00Z,0.035328950925826774,3.430812593469044,3.3954836425432173,0
2023-03-24T15:48:55Z,2023-03-24T15:49:00Z,0.0026997449593704204,3.43359869814511,3.4308989531857397,0
2023-03-24T15:48:55Z,2023-03-24T15:49:00Z,0.028913811633044517,3.431426933869264,3.4603407455023083,0
2023-03-24T15:48:55Z,2023-03-24T15:49:00Z,0.056520273907687546,3.4246434094682194,3.481163683375907,0
2023-03-24T15:48:55Z,2023-03-24T15:49:00Z,0.057645753199631056,3.4364644801320767,3.494110233331708,0
2023-03-24T15:48:55Z,2023-03-24T15:49:00Z,0.04057991952880924,3.4583207546775756,3.498900674206385,0
2023-03-24T15:48:55Z,2023-03-24T15:49:00Z,0.04230503996101387,3.452469509235387,3.494774549196401,0
2023-03-24T15:48:55Z,2023-03-24T15:49:00Z,0.047320902189490255,3.438832663084151,3.486153565273641,0
2023-03-24T15:49:55Z,2023-03-24T15:50:00Z,0.021744434383458522,3.4524689024742523,3.474213336857711,0
2023-03-24T15:49:55Z,2023-03-24T15:50:00Z,0.012915264265756843,3.4756871636385354,3.4627718993727785,0
2023-03-24T15:49:55Z,2023-03-24T15:50:00Z,0.01213222452292717,3.471389555619588,3.459257331096661,0
2023-03-24T15:49:55Z,2023-03-24T15:50:00Z,0.04722754517456318,3.503718997083199,3.4564914519086356,0
2023-03-24T15:49:55Z,2023-03-24T15:50:00Z,0.0778288096464288,3.5309455429765104,3.4531167333300816,0
2023-03-24T15:49:55Z,2023-03-24T15:50:00Z,0.06863648728780314,3.520670427501327,3.452033940213524,0
2023-03-24T15:49:55Z,2023-03-24T15:50:00Z,0.08506167523717512,3.5389906986483792,3.453929023411204,0
2023-03-24T15:49:55Z,2023-03-24T15:50:00Z,0.09944676022416843,3.5583030200725734,3.458856259848405,0
2023-03-24T15:49:55Z,2023-03-24T15:50:00Z,0.07746782438031685,3.5441638463818244,3.4666960220015075,0
2023-03-24T15:49:55Z,2023-03-24T15:50:00Z,0.049048892152532275,3.5242442759276082,3.475195383775076,0
2023-03-24T15:49:55Z,2023-03-24T15:50:00Z,0.0168223979723372,3.499388791629861,3.4825663936575237,0
2023-03-24T15:49:55Z,2023-03-24T15:50:00Z,0.008817297411384928,3.479936919050029,3.488754216461414,0
2023-03-24T15:50:55Z,2023-03-24T15:51:00Z,0.019447502615508316,3.4742897393233485,3.493737241938857,0
2023-03-24T15:50:55Z,2023-03-24T15:51:00Z,0.031544932039456075,3.4650904724939298,3.496635404533386,0
2023-03-24T15:50:55Z,2023-03-24T15:51:00Z,0.019607380033954236,3.4780926234758174,3.4977000035097716,0
2023-03-24T15:50:55Z,2023-03-24T15:51:00Z,0.035029381020883044,3.4635120200394574,3.4985414010603404,0
2023-03-24T15:50:55Z,2023-03-24T15:51:00Z,0.04611462981287584,3.4550441019402425,3.5011587317531183,0
2023-03-24T15:50:55Z,2023-03-24T15:51:00Z,0.04050846208025227,3.4613864775105463,3.5018949395907986,0
2023-03-24T15:50:55Z,2023-03-24T15:51:00Z,0.03519437136851655,3.4653243641090627,3.5005187354775793,0
2023-03-24T15:50:55Z,2023-03-24T15:51:00Z,0.04470536063695496,3.455146502966689,3.4998518636036438,0
2023-03-24T15:50:55Z,2023-03-24T15:51:00Z,0.037046758139877234,3.460245463265491,3.497292221405368,0
2023-03-24T15:50:55Z,2023-03-24T15:51:00Z,0.01682166824960518,3.475417283821775,3.4922389520713804,0
2023-03-24T15:50:55Z,2023-03-24T15:51:00Z,0.006629242840227256,3.4815813782820975,3.4882106211223247,0
2023-03-24T15:51:55Z,2023-03-24T15:52:00Z,0.00551191485271163,3.489484308319929,3.4839723934672175,0
2023-03-24T15:51:55Z,2023-03-24T15:52:00Z,0.012167539941951855,3.491025157289804,3.478857617347852,0
2023-03-24T15:51:55Z,2023-03-24T15:52:00Z,0.03922129718148737,3.51443361199188,3.475212314810393,0
2023-03-24T15:51:55Z,2023-03-24T15:52:00Z,0.0792827830298739,3.5522804899310794,3.4729977069012055,0
2023-03-24T15:51:55Z,2023-03-24T15:52:00Z,0.05558253828338433,3.5295832332087254,3.474000694925341,0
2023-03-24T15:51:55Z,2023-03-24T15:52:00Z,0.03247495430216407,3.511298553952908,3.478823599650744,0
2023-03-24T15:51:55Z,2023-03-24T15:52:00Z,0.006856697307836779,3.489366529884272,3.482509832576435,0
2023-03-24T15:51:55Z,2023-03-24T15:52:00Z,0.008592561215244654,3.476997810125122,3.4855903713403666,0
2023-03-24T15:51:55Z,2023-03-24T15:52:00Z,0.03598382648148224,3.450358138619449,3.486341965100931,0
2023-03-24T15:51:55Z,2023-03-24T15:52:00Z,0.04389822610635985,3.443342791666948,3.4872410177733077,0
2023-03-24T15:51:55Z,2023-03-24T15:52:00Z,0.07172876525888006,3.4151998549597087,3.4869286202185887,0
2023-03-24T15:51:55Z,2023-03-24T15:52:00Z,0.06241990039233292,3.423305807436682,3.485725707829015,0
2023-03-24T15:51:55Z,2023-03-24T15:52:00Z,0.042956665536936445,3.439427408348789,3.4823840738857252,0
2023-03-24T15:52:55Z,2023-03-24T15:53:00Z,0.05654148263512804,3.423719878215264,3.480261360850392,0
2023-03-24T15:52:55Z,2023-03-24T15:53:00Z,0.08000936285273141,3.39886412766988,3.4788734905226115,0
2023-03-24T15:52:55Z,2023-03-24T15:53:00Z,0.13787837642006018,3.337548620395451,3.475426996815511,0
2023-03-24T15:52:55Z,2023-03-24T15:53:00Z,0.15526003996378712,3.3146524734775764,3.4699125134413635,0
2023-03-24T15:52:55Z,2023-03-24T15:53:00Z,0.1392067020082055,3.3205767655715257,3.459783467579731,0
2023-03-24T15:52:55Z,2023-03-24T15:53:00Z,0.13554247810632347,3.312482810552593,3.4480252886589167,0
2023-03-24T15:52:55Z,2023-03-24T15:53:00Z,0.1335493024170784,3.301552196480481,3.4351014988975592,0
2023-03-24T15:52:55Z,2023-03-24T15:53:00Z,0.08251460645824027,3.336600380480753,3.419114986938993,0
2023-03-24T15:52:55Z,2023-03-24T15:53:00Z,0.07722611190402695,3.3266868059197496,3.4039129178237766,0
2023-03-24T15:52:55Z,2023-03-24T15:53:00Z,0.04582301761889429,3.346443355306739,3.3922663729256333,0
2023-03-24T15:52:55Z,2023-03-24T15:53:00Z,0.05847102738484056,3.3229500306098245,3.381421057994665,0
2023-03-24T15:53:55Z,2023-03-24T15:54:00Z,0.0714494731732862,3.301267954500153,3.372717427673439,0
2023-03-24T15:53:55Z,2023-03-24T15:54:00Z,0.04116148561052757,3.3230620681956036,3.364223553806131,0
2023-03-24T15:53:55Z,2023-03-24T15:54:00Z,0.037145827248855845,3.317606070746155,3.354751897995011,0
2023-03-24T15:53:55Z,2023-03-24T15:54:00Z,0.007196581761729881,3.341412797115675,3.3486093788774047,0
2023-03-24T15:53:55Z,2023-03-24T15:54:00Z,0.03109748974769655,3.372660219512399,3.3415627297647026,0
2023-03-24T15:53:55Z,2023-03-24T15:54:00Z,0.06382989916786919,3.3988583215170305,3.3350284223491613,0
2023-03-24T15:53:55Z,2023-03-24T15:54:00Z,0.08630086611952903,3.4179253112218326,3.3316244451023036,0
2023-03-24T15:53:55Z,2023-03-24T15:54:00Z,0.0867831883382908,3.4184072463637385,3.3316240580254477,0
2023-03-24T15:53:55Z,2023-03-24T15:54:00Z,0.07031873244440812,3.407301236524948,3.33698250408054,0
2023-03-24T15:53:55Z,2023-03-24T15:54:00Z,0.06608326644975238,3.40998275538937,3.3438994889396176,0
2023-03-24T15:53:55Z,2023-03-24T15:54:00Z,0.0659856447842575,3.4156667651207697,3.349681120336512,0
2023-03-24T15:53:55Z,2023-03-24T15:54:00Z,0.06204486312422741,3.4182259797831915,3.356181116658964,0
2023-03-24T15:53:55Z,2023-03-24T15:54:00Z,0.06611087738118249,3.4298996319494996,3.363788754568317,0
2023-03-24T15:54:55Z,2023-03-24T15:55:00Z,0.06886777225486806,3.4380982334433474,3.3692304611884794,0
2023-03-24T15:54:55Z,2023-03-24T15:55:00Z,0.05398063289352084,3.43009194915065,3.3761113162571292,0
2023-03-24T15:54:55Z,2023-03-24T15:55:00Z,0.02460196316695873,3.406823604633195,3.382221641466236,0
2023-03-24T15:54:55Z,2023-03-24T15:55:00Z,5.027029001869465e-05,3.3893141657456063,3.389364436035625,0
2023-03-24T15:54:55Z,2023-03-24T15:55:00Z,0.03366396498690749,3.3627375143909197,3.396401479377827,0
2023-03-24T15:54:55Z,2023-03-24T15:55:00Z,0.03542243254252453,3.365395853338636,3.4008182858811606,0
2023-03-24T15:54:55Z,2023-03-24T15:55:00Z,0.041284334609466455,3.3625427141813455,3.403827048790812,0
2023-03-24T15:54:55Z,2023-03-24T15:55:00Z,0.06430103620570327,3.3411248829999725,3.4054259192056757,0
2023-03-24T15:54:55Z,2023-03-24T15:55:00Z,0.068123544833953,3.3366278740163193,3.4047514188502723,0
2023-03-24T15:54:55Z,2023-03-24T15:55:00Z,0.0752441138031541,3.32565840914598,3.400902522949134,0
2023-03-24T15:54:55Z,2023-03-24T15:55:00Z,0.05799414426963878,3.337488549532462,3.395482693802101,0
2023-03-24T15:54:55Z,2023-03-24T15:55:00Z,0.057535328775103256,3.3317641092124797,3.389299437987583,0
2023-03-24T15:55:55Z,2023-03-24T15:56:00Z,0.09670011867614381,3.287945140178607,3.384645258854751,0
2023-03-24T15:55:55Z,2023-03-24T15:56:00Z,0.08301201625433619,3.296418666188622,3.3794306824429583,0
2023-03-24T15:55:55Z,2023-03-24T15:56:00Z,0.07485327425895161,3.296062633187862,3.370915907446814,0
2023-03-24T15:55:55Z,2023-03-24T15:56:00Z,0.05061690754610382,3.3121785123277387,3.3627954198738426,0
2023-03-24T15:55:55Z,2023-03-24T15:56:00Z,0.006403832742791327,3.3474691205469416,3.353872953289733,0
2023-03-24T15:55:55Z,2023-03-24T15:56:00Z,0.014047123711261378,3.359525428926621,3.3454783052153596,0
2023-03-24T15:55:55Z,2023-03-24T15:56:00Z,0.02863339022989564,3.3686035068716746,3.339970116641779,0
2023-03-24T15:55:55Z,2023-03-24T15:56:00Z,0.0452788094465304,3.3820957143745383,3.336816904928008,0
2023-03-24T15:55:55Z,2023-03-24T15:56:00Z,0.031135946800962433,3.366572141137375,3.3354361943364124,0
2023-03-24T15:55:55Z,2023-03-24T15:56:00Z,0.05216240406141237,3.388889145063399,3.3367267410019865,0
2023-03-24T15:55:55Z,2023-03-24T15:56:00Z,0.0632098346142067,3.400014994802776,3.336805160188569,0
2023-03-24T15:55:55Z,2023-03-24T15:56:00Z,0.02608625312703916,3.364647842041079,3.3385615889140396,0
2023-03-24T15:56:55Z,2023-03-24T15:57:00Z,0.03797647107658353,3.380464067444143,3.3424875963675595,0
2023-03-24T15:56:55Z,2023-03-24T15:57:00Z,0.03826085507866184,3.382616449314539,3.344355594235877,0
2023-03-24T15:56:55Z,2023-03-24T15:57:00Z,0.028423338901491402,3.3764326436905794,3.348009304789088,0
2023-03-24T15:56:55Z,2023-03-24T15:57:00Z,0.008432421244885635,3.3594502526861123,3.3510178314412267,0
2023-03-24T15:56:55Z,2023-03-24T15:57:00Z,0.018360347791522624,3.335635385948244,3.3539957337397666,0
2023-03-24T15:56:55Z,2023-03-24T15:57:00Z,0.05626231024162909,3.302500430998638,3.358762741240267,0
2023-03-24T15:56:55Z,2023-03-24T15:57:00Z,0.08125074251690245,3.2801264467073388,3.3613771892242412,0
2023-03-24T15:56:55Z,2023-03-24T15:57:00Z,0.11866126513576836,3.2431451106091918,3.36180637574496,0
2023-03-24T15:56:55Z,2023-03-24T15:57:00Z,0.11763158643233718,3.2420379849379293,3.3596695713702664,0
2023-03-24T15:56:55Z,2023-03-24T15:57:00Z,0.13752660197250632,3.2151880354019107,3.352714637374417,0
2023-03-24T15:56:55Z,2023-03-24T15:57:00Z,0.13908066183672085,3.205801479271783,3.3448821411085037,0
2023-03-24T15:56:55Z,2023-03-24T15:57:00Z,0.13078599624489184,3.203868446765628,3.33465444301052,0
2023-03-24T15:57:55Z,2023-03-24T15:58:00Z,0.129876122777961,3.193025371225708,3.322901494003669,0
2023-03-24T15:57:55Z,2023-03-24T15:58:00Z,0.11791598959957073,3.1941385914459817,3.3120545810455524,0
2023-03-24T15:57:55Z,2023-03-24T15:58:00Z,0.11098851600044757,3.1880084801225923,3.29899699612304,0
2023-03-24T15:57:55Z,2023-03-24T15:58:00Z,0.08925967731392559,3.1960122252519945,3.28527190256592,0
2023-03-24T15:57:55Z,2023-03-24T15:58:00Z,0.06653889906406363,3.2069570460406243,3.273495945104688,0
2023-03-24T15:57:55Z,2023-03-24T15:58:00Z,0.03899955943391431,3.222199596191297,3.2611991556252113,0
2023-03-24T15:57:55Z,2023-03-24T15:58:00Z,0.02113163422676223,3.2283568945135213,3.2494885287402835,0
2023-03-24T15:57:55Z,2023-03-24T15:58:00Z,0.016825461695658017,3.2560317872693223,3.2392063255736643,0
2023-03-24T15:57:55Z,2023-03-24T15:58:00Z,0.010504603967614656,3.240971372329773,3.230466768362158,0
2023-03-24T15:57:55Z,2023-03-24T15:58:00Z,0.019183644308039316,3.2443435060916035,3.225159861783564,0
2023-03-24T15:57:55Z,2023-03-24T15:58:00Z,0.002776144034800865,3.2238340685737743,3.2210579245389734,0
2023-03-24T15:58:55Z,2023-03-24T15:59:00Z,0.0005994476127608728,3.2192718427773515,3.2186723951645906,0
2023-03-24T15:58:55Z,2023-03-24T15:59:00Z,0.031783454596791216,3.249168446959021,3.2173849923622297,0
2023-03-24T15:58:55Z,2023-03-24T15:59:00Z,0.039318239453724146,3.2551854890052487,3.2158672495515246,0
2023-03-24T15:58:55Z,2023-03-24T15:59:00Z,0.05193790740602289,3.2700705177280214,3.2181326103219985,0
2023-03-24T15:58:55Z,2023-03-24T15:59:00Z,0.0353296218613246,3.256754499498887,3.2214248776375625,0
2023-03-24T15:58:55Z,2023-03-24T15:59:00Z,0.017490018606705515,3.2433283676417615,3.225838349035056,0
2023-03-24T15:58:55Z,2023-03-24T15:59:00Z,0.011559507035507455,3.2416464646221086,3.230086957586601,0
2023-03-24T15:58:55Z,2023-03-24T15:59:00Z,0.03803081147758025,3.271397087477233,3.2333662759996527,0
2023-03-24T15:58:55Z,2023-03-24T15:59:00Z,0.040095395622914864,3.2770375372558687,3.236942141632954,0
2023-03-24T15:58:55Z,2023-03-24T15:59:00Z,0.07403540963371391,3.316003208748351,3.241967799114637,0
2023-03-24T15:58:55Z,2023-03-24T15:59:00Z,0.09108030182786431,3.337720133690184,3.2466398318623195,0
2023-03-24T15:58:55Z,2023-03-24T15:59:00Z,0.10694808346482265,3.3598414894976125,3.25289340603279,0
2023-03-24T15:58:55Z,2023-03-24T15:59:00Z,0.12208722701268071,3.382271515657248,3.260184288644567,0
2023-03-24T15:59:55Z,2023-03-24T16:00:00Z,0.10696366770677912,3.374068603166566,3.2671049354597868,0
2023-03-24T15:59:55Z,2023-03-24T16:00:00Z,0.07691547917820873,3.35344042419316,3.2765249450149514,0
2023-03-24T15:59:55Z,2023-03-24T16:00:00Z,0.0610609189419371,3.3462342037618855,3.2851732848199484,0
2023-03-24T15:59:55Z,2023-03-24T16:00:00Z,0.05771922889702763,3.3515329374249356,3.293813708527908,0
2023-03-24T15:59:55Z,2023-03-24T16:00:00Z,0.06848060889038754,3.370758474817265,3.3022778659268774,0
2023-03-24T15:59:55Z,2023-03-24T16:00:00Z,0.06919415407912721,3.3782963193703983,3.309102165291271,0
2023-03-24T15:59:55Z,2023-03-24T16:00:00Z,0.04162896004821004,3.358435991060283,3.3168070310120727,0
2023-03-24T15:59:55Z,2023-03-24T16:00:00Z,0.056508261074700084,3.3805303455295976,3.3240220844548976,0
2023-03-24T15:59:55Z,2023-03-24T16:00:00Z,0.06723626020698381,3.398037110765975,3.330800850558991,0
2023-03-24T15:59:55Z,2023-03-24T16:00:00Z,0.03874160027131168,3.3786892493561584,3.3399476490848468,0
2023-03-24T15:59:55Z,2023-03-24T16:00:00Z,0.0291055349951872,3.379479227156292,3.3503736921611047,0
2023-03-24T15:59:55Z,2023-03-24T16:00:00Z,0.020093726606770446,3.3776202295598035,3.357526502953033,0
2023-03-24T16:00:55Z,2023-03-24T16:01:00Z,0.03041198367784448,3.3947679326242386,3.364355948946394,0
2023-03-24T16:00:55Z,2023-03-24T16:01:00Z,0.027307949972243062,3.3957717003060677,3.3684637503338246,0
2023-03-24T16:00:55Z,2023-03-24T16:01:00Z,0.03434836419876319,3.4066153011281908,3.3722669369294276,0
2023-03-24T16:00:55Z,2023-03-24T16:01:00Z,0.0424988633249046,3.4171611476415626,3.374662284316658,0
2023-03-24T16:00:55Z,2023-03-24T16:01:00Z,0.03534885461365889,3.411634057961714,3.376285203348055,0
2023-03-24T16:00:55Z,2023-03-24T16:01:00Z,0.04232669118891774,3.4214847308353065,3.3791580396463887,0
2023-03-24T16:00:55Z,2023-03-24T16:01:00Z,0.04450846488631255,3.427546080117271,3.3830376152309585,0
2023-03-24T16:00:55Z,2023-03-24T16:01:00Z,0.018982516690567053,3.40703683372642,3.388054317035853,0
2023-03-24T16:00:55Z,2023-03-24T16:01:00Z,0.00441589211433735,3.3887059677676707,3.393121859882008,0
2023-03-24T16:00:55Z,2023-03-24T16:01:00Z,0.011135902464939562,3.384404514677679,3.3955404171426187,0
2023-03-24T16:00:55Z,2023-03-24T16:01:00Z,0.02123355480768252,3.3750008388947546,3.396234393702437,0
2023-03-24T16:00:55Z,2023-03-24T16:01:00Z,0.031129045050474424,3.3668365835597887,3.397965628610263,0
2023-03-24T16:01:55Z,2023-03-24T16:02:00Z,0.035648571434857335,3.36194842339975,3.397596994834607,0
2023-03-24T16:01:55Z,2023-03-24T16:02:00Z,0.039539152736255634,3.3559778069512722,3.395516959687528,0
2023-03-24T16:01:55Z,2023-03-24T16:02:00Z,0.05217060108652838,3.3422303035372387,3.394400904623767,0
2023-03-24T16:01:55Z,2023-03-24T16:02:00Z,0.06391940656987494,3.328914736706891,3.392834143276766,0
2023-03-24T16:01:55Z,2023-03-24T16:02:00Z,0.07405729552106788,3.316417519354194,3.3904748148752617,0
2023-03-24T16:01:55Z,2023-03-24T16:02:00Z,0.07937048743150354,3.306714114382602,3.3860846018141055,0
2023-03-24T16:01:55Z,2023-03-24T16:02:00Z,0.07642577819927832,3.3043685448847024,3.3807943230839808,0
2023-03-24T16:01:55Z,2023-03-24T16:02:00Z,0.06769183663680556,3.306442407330803,3.3741342439676085,0
2023-03-24T16:01:55Z,2023-03-24T16:02:00Z,0.07761275525475586,3.2890019818623943,3.36661473711715,0
2023-03-24T16:01:55Z,2023-03-24T16:02:00Z,0.0626718224127858,3.2969301379956377,3.3596019604084235,0
2023-03-24T16:01:55Z,2023-03-24T16:02:00Z,0.08646288443034145,3.2643068927132206,3.350769777143562,0
2023-03-24T16:02:55Z,2023-03-24T16:03:00Z,0.0846517302751888,3.257410317393598,3.342062047668787,0
2023-03-24T16:02:55Z,2023-03-24T16:03:00Z,0.06160035348474846,3.2709463647831583,3.3325467182679067,0
2023-03-24T16:02:55Z,2023-03-24T16:03:00Z,0.04773563715547802,3.2760580377541575,3.3237936749096355,0
2023-03-24T16:02:55Z,2023-03-24T16:03:00Z,0.02416203088358415,3.292067767366416,3.31622979825,0
2023-03-24T16:02:55Z,2023-03-24T16:03:00Z,0.035059227015282524,3.274574384492011,3.3096336115072935,0
2023-03-24T16:02:55Z,2023-03-24T16:03:00Z,0.0169522586209383,3.287696765140131,3.3046490237610695,0
2023-03-24T16:02:55Z,2023-03-24T16:03:00Z,0.01651953099014447,3.282304556843742,3.2988240878338866,0
2023-03-24T16:02:55Z,2023-03-24T16:03:00Z,0.013273217499759404,3.280998800880051,3.2942720183798104,0
2023-03-24T16:02:55Z,2023-03-24T16:03:00Z,0.012599077397912328,3.2776778912023317,3.290276968600244,0
2023-03-24T16:02:55Z,2023-03-24T16:03:00Z,0.006808216579281101,3.280274356299173,3.2870825728784543,0
2023-03-24T16:02:55Z,2023-03-24T16:03:00Z,0.0221093326458055,3.262390598355858,3.2844999310016636,0
2023-03-24T16:02:55Z,2023-03-24T16:03:00Z,0.0020414339559993167,3.280695846506769,3.282737280462768,0
2023-03-24T16:03:55Z,2023-03-24T16:04:00Z,0.009090163231327164,3.289028913925506,3.279938750694179,0
2023-03-24T16:03:55Z,2023-03-24T16:04:00Z,0.001391690552145164,3.2768306227537645,3.2782223133059096,0
2023-03-24T16:03:55Z,2023-03-24T16:04:00Z,0.006598833553163264,3.27162527522362,3.2782241087767834,0
2023-03-24T16:03:55Z,2023-03-24T16:04:00Z,0.009982796250662673,3.26690134484333,3.276884141093993,0
2023-03-24T16:03:55Z,2023-03-24T16:04:00Z,0.0025593381543922433,3.2799313714157443,3.277372033261352,0
2023-03-24T16:03:55Z,2023-03-24T16:04:00Z,0.022520887806091405,3.3005256562307594,3.278004768424668,0
2023-03-24T16:03:55Z,2023-03-24T16:04:00Z,0.04195919481176702,3.320562963678607,3.27860376886684,0
2023-03-24T16:03:55Z,2023-03-24T16:04:00Z,0.04407220204858131,3.3243071454805286,3.2802349434319473,0
2023-03-24T16:03:55Z,2023-03-24T16:04:00Z,0.05857063073285795,3.3407052539189515,3.2821346231860935,0
2023-03-24T16:03:55Z,2023-03-24T16:04:00Z,0.08693037410390936,3.372380514689237,3.285450140585328,0
2023-03-24T16:03:55Z,2023-03-24T16:04:00Z,0.10286869147512068,3.3918527313123703,3.2889840398372496,0
2023-03-24T16:03:55Z,2023-03-24T16:04:00Z,0.09813003780950513,3.393119141503121,3.294989103693616,0
2023-03-24T16:03:55Z,2023-03-24T16:04:00Z,0.1038851691418099,3.406264534864247,3.302379365722437,0
2023-03-24T16:04:55Z,2023-03-24T16:05:00Z,0.08196441406419863,3.3920398631400217,3.310075449075823,0
2023-03-24T16:04:55Z,2023-03-24T16:05:00Z,0.11891774605812744,3.437392540371622,3.3184747943134947,0
2023-03-24T16:04:55Z,2023-03-24T16:05:00Z,0.10969518883765694,3.4368132674700953,3.3271180786324384,0
2023-03-24T16:04:55Z,2023-03-24T16:05:00Z,0.0977971816025196,3.435361706492615,3.3375645248900954,0
2023-03-24T16:04:55Z,2023-03-24T16:05:00Z,0.10128132881055318,3.448698143936954,3.347416815126401,0
2023-03-24T16:04:55Z,2023-03-24T16:05:00Z,0.09698831032801403,3.4549738643703383,3.3579855540423242,0
2023-03-24T16:04:55Z,2023-03-24T16:05:00Z,0.09942746809451819,3.469217880051065,3.3697904119565467,0
2023-03-24T16:04:55Z,2023-03-24T16:05:00Z,0.08729347310209468,3.4696220530271087,3.382328579925014,0
2023-03-24T16:04:55Z,2023-03-24T16:05:00Z,0.08412614567492183,3.4790738261756236,3.3949476805007017,0
2023-03-24T16:04:55Z,2023-03-24T16:05:00Z,0.034984162046387546,3.441204935666846,3.4062207736204586,0
2023-03-24T16:04:55Z,2023-03-24T16:05:00Z,0.026540863684844762,3.4433290281384377,3.416788164453593,0
2023-03-24T16:04:55Z,2023-03-24T16:05:00Z,0.002415093406886726,3.422166257059127,3.424581350466014,0
2023-03-24T16:05:55Z,2023-03-24T16:06:00Z,0.01522787148472693,3.416195063929253,3.43142293541398,0
2023-03-24T16:05:55Z,2023-03-24T16:06:00Z,0.15928234554455756,3.275459639360748,3.4347419849053056,0
2023-03-24T16:05:55Z,2023-03-24T16:06:00Z,0.24884621626491876,3.187518590814846,3.4363648070797645,0
2023-03-24T16:05:55Z,2023-03-24T16:06:00Z,0.29103312925851954,3.1374877110117536,3.428520840270273,0
2023-03-24T16:05:55Z,2023-03-24T16:06:00Z,0.15940599074836515,3.254531786585281,3.413937777333646,0
2023-03-24T16:05:55Z,2023-03-24T16:06:00Z,0.06769160190698553,3.329276031951443,3.3969676338584285,0
2023-03-24T16:05:55Z,2023-03-24T16:06:00Z,0.04352264934863248,3.3412542675907067,3.384776916939339,0
2023-03-24T16:05:55Z,2023-03-24T16:06:00Z,0.05146850919462276,3.32613925871014,3.3776077679047627,0
2023-03-24T16:05:55Z,2023-03-24T16:06:00Z,0.019222186826180376,3.3905561254708156,3.3713339386446353,0
2023-03-24T16:05:55Z,2023-03-24T16:06:00Z,0.031000861174604655,3.394164207470786,3.363163346296181,0
2023-03-24T16:05:55Z,2023-03-24T16:06:00Z,0.05356021679445355,3.412429047164,3.3588688303695466,0
2023-03-24T16:05:55Z,2023-03-24T16:06:00Z,0.08627186363337858,3.4401371158309066,3.353865252197528,0
2023-03-24T16:06:55Z,2023-03-24T16:07:00Z,0.10672637014960529,3.4567787552895926,3.3500523851399873,0
2023-03-24T16:06:55Z,2023-03-24T16:07:00Z,0.17000300724828854,3.517459611698628,3.3474566044503393,0
2023-03-24T16:06:55Z,2023-03-24T16:07:00Z,0.18482678404572583,3.533321643137582,3.348494859091856,0
2023-03-24T16:06:55Z,2023-03-24T16:07:00Z,0.17935493563512628,3.532791833630995,3.3534368979958686,0
2023-03-24T16:06:55Z,2023-03-24T16:07:00Z,0.11224518566182873,3.473092442729594,3.3608472570677654,0
2023-03-24T16:06:55Z,2023-03-24T16:07:00Z,0.1210419264286724,3.489662301476554,3.3686203750478816,0
2023-03-24T16:06:55Z,2023-03-24T16:07:00Z,0.11869126377960493,3.500487159052076,3.381795895272471,0
2023-03-24T16:06:55Z,2023-03-24T16:07:00Z,0.15101322200878142,3.5529520313253666,3.401938809316585,0
2023-03-24T16:06:55Z,2023-03-24T16:07:00Z,0.07835186314946041,3.504490635668734,3.426138772519274,0
2023-03-24T16:06:55Z,2023-03-24T16:07:00Z,0.11855668344042058,3.564590138942367,3.4460334555019463,0
2023-03-24T16:06:55Z,2023-03-24T16:07:00Z,0.08167339544976748,3.5393878245328665,3.457714429083099,0
2023-03-24T16:06:55Z,2023-03-24T16:07:00Z,0.06594527492619173,3.538548762099401,3.472603487173209,0
2023-03-24T16:07:55Z,2023-03-24T16:08:00Z,0.06998010045682612,3.5568001586848834,3.4868200582280573,0
2023-03-24T16:07:55Z,2023-03-24T16:08:00Z,0.022794505335893778,3.4738917286674034,3.496686234003297,0
2023-03-24T16:07:55Z,2023-03-24T16:08:00Z,0.19417114332863727,3.313357487422266,3.5075286307509033,0
2023-03-24T16:07:55Z,2023-03-24T16:08:00Z,0.08962097303145988,3.4220051698196703,3.51162614285113,0
2023-03-24T16:07:55Z,2023-03-24T16:08:00Z,0.058911437046417436,3.562085604670305,3.5031741676238877,0
2023-03-24T16:07:55Z,2023-03-24T16:08:00Z,0.06102021599599938,3.5618761445885587,3.5008559285925593,0
2023-03-24T16:07:55Z,2023-03-24T16:08:00Z,0.05010788044528702,3.5539388752359584,3.5038309947906714,0
2023-03-24T16:07:55Z,2023-03-24T16:08:00Z,0.013407579497522804,3.5191422077182595,3.5057346282207367,0
2023-03-24T16:07:55Z,2023-03-24T16:08:00Z,0.06588777773324095,3.5730322087276414,3.5071444309944004,0
2023-03-24T16:07:55Z,2023-03-24T16:08:00Z,0.06804183208039571,3.578256247407374,3.510214415326978,0
2023-03-24T16:07:55Z,2023-03-24T16:08:00Z,0.04638613252941104,3.5621585416731283,3.5157724091437172,0
2023-03-24T16:07:55Z,2023-03-24T16:08:00Z,0.06639526674290908,3.5873522817769796,3.5209570150340705,0
2023-03-24T16:08:55Z,2023-03-24T16:09:00Z,0.031055144594694717,3.5526259269852822,3.5215707823905875,0
2023-03-24T16:08:55Z,2023-03-24T16:09:00Z,0.005915123318052107,3.5330100154491895,3.5270948921311374,0
2023-03-24T16:08:55Z,2023-03-24T16:09:00Z,0.002615423292373631,3.528912701293039,3.526297278000665,0
2023-03-24T16:08:55Z,2023-03-24T16:09:00Z,0.01528434635718856,3.510587744371232,3.5258720907284204,0
2023-03-24T16:08:55Z,2023-03-24T16:09:00Z,0.01146820836239737,3.513761478312265,3.5252296866746624,0
2023-03-24T16:08:55Z,2023-03-24T16:09:00Z,0.09063466995178038,3.431514189101972,3.522148859053752,0
2023-03-24T16:08:55Z,2023-03-24T16:09:00Z,0.27146505354625194,3.2533417888171585,3.5248068423634105,0
2023-03-24T16:08:55Z,2023-03-24T16:09:00Z,0.5029872274330782,3.029696728375645,3.5326839558087233,0
2023-03-24T16:08:55Z,2023-03-24T16:09:00Z,0.6424740871468622,2.878965643261695,3.521439730408557,0
2023-03-24T16:08:55Z,2023-03-24T16:09:00Z,0.640729192979097,2.8452179456764823,3.4859471386555794,0
2023-03-24T16:08:55Z,2023-03-24T16:09:00Z,0.5729112243648302,2.867508547535624,3.440419771900454,0
2023-03-24T16:08:55Z,2023-03-24T16:09:00Z,0.5356247554500628,2.8575469544797603,3.393171709929823,0
2023-03-24T16:09:55Z,2023-03-24T16:10:00Z,0.4999371723524373,2.84979229356521,3.349729465917647,0
2023-03-24T16:09:55Z,2023-03-24T16:10:00Z,0.3549620122687971,2.947068436698991,3.302030448967788,0
2023-03-24T16:09:55Z,2023-03-24T16:10:00Z,0.1641733920933519,3.089292793284958,3.25346618537831,0
2023-03-24T16:09:55Z,2023-03-24T16:10:00Z,0.05148661969097157,3.263946798071006,3.2124601783800344,0
2023-03-24T16:09:55Z,2023-03-24T16:10:00Z,0.16094734434699642,3.3402035568275625,3.179256212480566,0
2023-03-24T16:09:55Z,2023-03-24T16:10:00Z,0.2523297315256112,3.4123406687452262,3.160010937219615,0
2023-03-24T16:09:55Z,2023-03-24T16:10:00Z,0.2841243356044436,3.4312815089159496,3.147157173311506,0
2023-03-24T16:09:55Z,2023-03-24T16:10:00Z,0.21919645953973532,3.35858216401472,3.139385704474985,0
2023-03-24T16:09:55Z,2023-03-24T16:10:00Z,0.14544864640894062,3.2795472685202407,3.1340986221113,0
2023-03-24T16:09:55Z,2023-03-24T16:10:00Z,0.15360334732195602,3.2773566818134197,3.1237533344914636,0
2023-03-24T16:09:55Z,2023-03-24T16:10:00Z,0.15014984641181428,3.2637720528644962,3.113622206452682,0
2023-03-24T16:09:55Z,2023-03-24T16:10:00Z,0.15639314917926184,3.271616348498361,3.1152231993190993,0
2023-03-24T16:10:55Z,2023-03-24T16:11:00Z,0.1612678491315318,3.2920960700832214,3.1308282209516896,0
2023-03-24T16:10:55Z,2023-03-24T16:11:00Z,0.12000147602720634,3.27700641066134,3.157004934634134,0
2023-03-24T16:10:55Z,2023-03-24T16:11:00Z,0.11441133485590038,3.3012081444504835,3.186796809594583,0
2023-03-24T16:10:55Z,2023-03-24T16:11:00Z,0.09681393746444567,3.3109106046007435,3.214096667136298,0
2023-03-24T16:10:55Z,2023-03-24T16:11:00Z,0.06760879312137114,3.3112828729223835,3.2436740798010124,0
2023-03-24T16:10:55Z,2023-03-24T16:11:00Z,0.04699784798316875,3.3214131485198837,3.274415300536715,0
2023-03-24T16:10:55Z,2023-03-24T16:11:00Z,0.016272858214906538,3.314969121166514,3.2986962629516077,0
2023-03-24T16:10:55Z,2023-03-24T16:11:00Z,0.000277641163599629,3.3138933121370027,3.3141709533006023,0
2023-03-24T16:10:55Z,2023-03-24T16:11:00Z,0.03086210209712359,3.348434543604093,3.3175724415069694,0
2023-03-24T16:10:55Z,2023-03-24T16:11:00Z,0.034435758312882925,3.350254183507148,3.3158184251942653,0
2023-03-24T16:10:55Z,2023-03-24T16:11:00Z,0.023221892972066893,3.33477990982359,3.311558016851523,0
2023-03-24T16:10:55Z,2023-03-24T16:11:00Z,0.02126020922394689,3.32741640438155,3.306156195157603,0
2023-03-24T16:11:55Z,2023-03-24T16:12:00Z,0.008577752650447579,3.29599162556108,3.3045693782115277,0
2023-03-24T16:11:55Z,2023-03-24T16:12:00Z,0.008715187748704167,3.2990454661869113,3.3077606539356155,0
2023-03-24T16:11:55Z,2023-03-24T16:12:00Z,0.014971712694827222,3.2940312708239654,3.3090029835187926,0
2023-03-24T16:11:55Z,2023-03-24T16:12:00Z,0.026466793234150465,3.284887751172803,3.3113545444069534,0
2023-03-24T16:11:55Z,2023-03-24T16:12:00Z,0.03849007738672494,3.274358795175269,3.312848872561994,0
2023-03-24T16:11:55Z,2023-03-24T16:12:00Z,0.04268794532022424,3.2696803726477417,3.312368317967966,0
2023-03-24T16:11:55Z,2023-03-24T16:12:00Z,0.013939565073652904,3.2982522451952416,3.3121918102688945,0
2023-03-24T16:11:55Z,2023-03-24T16:12:00Z,0.05847801973534228,3.3685679785507205,3.3100899588153783,0
2023-03-24T16:11:55Z,2023-03-24T16:12:00Z,0.04954870585586013,3.3587947740442052,3.309246068188345,0
2023-03-24T16:11:55Z,2023-03-24T16:12:00Z,0.049833655669191845,3.3628987308994263,3.3130650752302344,0
2023-03-24T16:11:55Z,2023-03-24T16:12:00Z,0.12316604474988191,3.438723228348404,3.3155571835985223,0
2023-03-24T16:12:55Z,2023-03-24T16:13:00Z,0.14421284035462412,3.462965331268674,3.31875249091405,0
2023-03-24T16:12:55Z,2023-03-24T16:13:00Z,0.15521830696211936,3.4822927922902625,3.327074485328143,0
2023-03-24T16:12:55Z,2023-03-24T16:13:00Z,0.15407530252159685,3.488785173694046,3.334709871172449,0
2023-03-24T16:12:55Z,2023-03-24T16:13:00Z,0.10439394906579791,3.4479063941571204,3.3435124450913225,0
2023-03-24T16:12:55Z,2023-03-24T16:13:00Z,0.011333609297162539,3.365113071979849,3.3537794626826867,0
2023-03-24T16:12:55Z,2023-03-24T16:13:00Z,0.09345917060628972,3.2683529580614348,3.3618121286677245,0
2023-03-24T16:12:55Z,2023-03-24T16:13:00Z,0.16982796660819321,3.19659225848745,3.366420225095643,0
2023-03-24T16:12:55Z,2023-03-24T16:13:00Z,0.1906896026023155,3.173684455284962,3.3643740578872774,0
2023-03-24T16:12:55Z,2023-03-24T16:13:00Z,0.13787388517691967,3.22000423855459,3.35787812373151,0
2023-03-24T16:12:55Z,2023-03-24T16:13:00Z,0.10688086414343001,3.2435837065288906,3.3504645706723206,0
2023-03-24T16:12:55Z,2023-03-24T16:13:00Z,0.08710624150584945,3.2597346920584256,3.346840933564275,0
2023-03-24T16:12:55Z,2023-03-24T16:13:00Z,0.009189275302758926,3.335911880520259,3.345101155823018,0
2023-03-24T16:12:55Z,2023-03-24T16:13:00Z,0.07033792132006011,3.4128712402672905,3.3425333189472304,0
2023-03-24T16:13:55Z,2023-03-24T16:14:00Z,0.11221119240832111,3.4525674381535203,3.340356245745199,0
2023-03-24T16:13:55Z,2023-03-24T16:14:00Z,0.11253948920292922,3.4565008326963342,3.343961343493405,0
2023-03-24T16:13:55Z,2023-03-24T16:14:00Z,0.050505578462959555,3.4004448357733046,3.349939257310345,0
2023-03-24T16:13:55Z,2023-03-24T16:14:00Z,0.007450915368715005,3.3436735155648254,3.3511244309335404,0
2023-03-24T16:13:55Z,2023-03-24T16:14:00Z,0.03639195168738496,3.310564446213131,3.346956397900516,0
2023-03-24T16:13:55Z,2023-03-24T16:14:00Z,0.033523741753323844,3.3041913710321635,3.3377151127854874,0
2023-03-24T16:13:55Z,2023-03-24T16:14:00Z,0.02621437313520225,3.299619357818224,3.325833730953426,0
2023-03-24T16:13:55Z,2023-03-24T16:14:00Z,0.017441524335024106,3.298811205076738,3.316252729411762,0
2023-03-24T16:13:55Z,2023-03-24T16:14:00Z,0.024454865238778822,3.2874316165622077,3.3118864818009865,0
2023-03-24T16:13:55Z,2023-03-24T16:14:00Z,0.03614241112809857,3.2777746204739087,3.3139170316020072,0
2023-03-24T16:13:55Z,2023-03-24T16:14:00Z,0.031247202977030764,3.2887257858299597,3.3199729888069904,0
2023-03-24T16:13:55Z,2023-03-24T16:14:00Z,0.034337227998160635,3.2925751051547594,3.32691233315292,0
2023-03-24T16:14:55Z,2023-03-24T16:15:00Z,0.05628437104025741,3.275209398597688,3.3314937696379454,0
2023-03-24T16:14:55Z,2023-03-24T16:15:00Z,0.05706537805708756,3.277694484822583,3.3347598628796704,0
2023-03-24T16:14:55Z,2023-03-24T16:15:00Z,0.042230505493793036,3.2935610044884944,3.3357915099822875,0
2023-03-24T16:14:55Z,2023-03-24T16:15:00Z,0.03305988741022414,3.2988504628588853,3.3319103502691094,0
2023-03-24T16:14:55Z,2023-03-24T16:15:00Z,0.013724513921902659,3.31023182062862,3.3239563345505228,0
2023-03-24T16:14:55Z,2023-03-24T16:15:00Z,0.03017117755127341,3.283537358646274,3.3137085361975473,0
2023-03-24T16:14:55Z,2023-03-24T16:15:00Z,0.003557622136719285,3.3003996465896472,3.3039572687263665,0
2023-03-24T16:14:55Z,2023-03-24T16:15:00Z,0.014220537456024918,3.3103839743739227,3.296163436917898,0
2023-03-24T16:14:55Z,2023-03-24T16:15:00Z,0.053312927110952035,3.3465914394305045,3.2932785123195525,0
2023-03-24T16:14:55Z,2023-03-24T16:15:00Z,0.09091693648239474,3.3841834173459997,3.293266480863605,0
2023-03-24T16:14:55Z,2023-03-24T16:15:00Z,0.10118785967624833,3.397281011766409,3.296093152090161,0
2023-03-24T16:14:55Z,2023-03-24T16:15:00Z,0.09496181898335232,3.396692575042032,3.3017307560586797,0
2023-03-24T16:15:55Z,2023-03-24T16:16:00Z,0.10947209637672506,3.4177675062147155,3.3082954098379904,0
2023-03-24T16:15:55Z,2023-03-24T16:16:00Z,0.11248412742953873,3.4280636011661847,3.315579473736646,0
2023-03-24T16:15:55Z,2023-03-24T16:16:00Z,0.10517786331027645,3.4300901960963093,3.324912332786033,0
2023-03-24T16:15:55Z,2023-03-24T16:16:00Z,0.08274167176878366,3.416943192243899,3.334201520475115,0
2023-03-24T16:15:55Z,2023-03-24T16:16:00Z,0.0809613949188619,3.4243305881234134,3.3433691932045515,0
2023-03-24T16:15:55Z,2023-03-24T16:16:00Z,0.08362932094319575,3.4364474337241613,3.3528181127809655,0
2023-03-24T16:15:55Z,2023-03-24T16:16:00Z,0.04507353408812742,3.4076673870891483,3.362593853001021,0
2023-03-24T16:15:55Z,2023-03-24T16:16:00Z,0.036977594128036806,3.409097209078102,3.372119614950065,0
2023-03-24T16:15:55Z,2023-03-24T16:16:00Z,0.006955192851639147,3.3863292694170553,3.379374076565416,0
2023-03-24T16:15:55Z,2023-03-24T16:16:00Z,0.0076350014001560496,3.3783301010618927,3.3859651024620487,0
2023-03-24T16:15:55Z,2023-03-24T16:16:00Z,0.02954970309852145,3.3632681934149122,3.3928178965134337,0
2023-03-24T16:15:55Z,2023-03-24T16:16:00Z,0.046819550013688094,3.3511937101312284,3.3980132601449164,0
2023-03-24T16:16:55Z,2023-03-24T16:17:00Z,0.08667746117437547,3.3148614135732735,3.401538874747649,0
2023-03-24T16:16:55Z,2023-03-24T16:17:00Z,0.08185247953431807,3.3199932132600463,3.4018456927943643,0
2023-03-24T16:16:55Z,2023-03-24T16:17:00Z,0.10535857828353956,3.2918656475926427,3.3972242258761822,0
2023-03-24T16:16:55Z,2023-03-24T16:17:00Z,0.08045170561024007,3.3116200003655183,3.3920717059757584,0
2023-03-24T16:16:55Z,2023-03-24T16:17:00Z,0.1008545320712182,3.2842287120745803,3.3850832441457985,0
2023-03-24T16:16:55Z,2023-03-24T16:17:00Z,0.10378296965416967,3.274223774101683,3.3780067437558525,0
2023-03-24T16:16:55Z,2023-03-24T16:17:00Z,0.08671431614200342,3.2817034350077416,3.368417751149745,0
2023-03-24T16:16:55Z,2023-03-24T16:17:00Z,0.07939304010851034,3.278633616241594,3.3580266563501042,0
2023-03-24T16:16:55Z,2023-03-24T16:17:00Z,0.03629172170076789,3.312718950833592,3.34901067253436,0
2023-03-24T16:16:55Z,2023-03-24T16:17:00Z,0.04003026929277098,3.299267271782801,3.339297541075572,0
2023-03-24T16:16:55Z,2023-03-24T16:17:00Z,0.02534228515522985,3.305706690394304,3.331048975549534,0
2023-03-24T16:16:55Z,2023-03-24T16:17:00Z,0.01306290807259991,3.310759393123178,3.323822301195778,0
2023-03-24T16:17:55Z,2023-03-24T16:18:00Z,0.006622519965071572,3.323552119915263,3.3169295999501913,0
2023-03-24T16:17:55Z,2023-03-24T16:18:00Z,0.024396341917383157,3.3362879501146487,3.3118916081972656,0
2023-03-24T16:17:55Z,2023-03-24T16:18:00Z,0.05556463528651978,3.3638043780740103,3.3082397427874906,0
2023-03-24T16:17:55Z,2023-03-24T16:18:00Z,0.043628843778726,3.3500699036795325,3.3064410599008065,0
2023-03-24T16:17:55Z,2023-03-24T16:18:00Z,0.058260069074940635,3.3655418401719324,3.3072817710969917,0
2023-03-24T16:17:55Z,2023-03-24T16:18:00Z,0.0648214208787321,3.374450424649474,3.309629003770742,0
2023-03-24T16:17:55Z,2023-03-24T16:18:00Z,0.07460707583935378,3.3872726547375547,3.312665578898201,0
2023-03-24T16:17:55Z,2023-03-24T16:18:00Z,0.06422350903855545,3.3823947397405454,3.31817123070199,0
2023-03-24T16:17:55Z,2023-03-24T16:18:00Z,0.030052972090565788,3.3532677130840254,3.3232147409934596,0
2023-03-24T16:17:55Z,2023-03-24T16:18:00Z,0.0221035001665566,3.3518626430044143,3.3297591428378577,0
2023-03-24T16:17:55Z,2023-03-24T16:18:00Z,0.004961917838111507,3.339990656608125,3.3350287387700135,0
2023-03-24T16:17:55Z,2023-03-24T16:18:00Z,0.009681088625037138,3.349387107928162,3.339706019303125,0
2023-03-24T16:18:55Z,2023-03-24T16:19:00Z,0.04482716405610265,3.388623652716996,3.3437964886608933,1
2023-03-24T16:18:55Z,2023-03-24T16:19:00Z,0.03461290955713103,3.380853942024329,3.346241032467198,1
2023-03-24T16:18:55Z,2023-03-24T16:19:00Z,0.05032717166643508,3.4025252961959125,3.3521981245294774,1
2023-03-24T16:18:55Z,2023-03-24T16:19:00Z,0.08574889930557639,3.442956840610389,3.3572079413048126,1
2023-03-24T16:18:55Z,2023-03-24T16:19:00Z,0.07065629386803263,3.433981962044361,3.363325668176328,1
2023-03-24T16:18:55Z,2023-03-24T16:19:00Z,0.08152012380359164,3.4528061066929285,3.371285982889337,1
2023-03-24T16:18:55Z,2023-03-24T16:19:00Z,0.08685156920633963,3.4646504862243237,3.377798917017984,1
2023-03-24T16:18:55Z,2023-03-24T16:19:00Z,0.051405719831182584,3.435138085423761,3.3837323655925786,1
2023-03-24T16:18:55Z,2023-03-24T16:19:00Z,0.028427885535016184,3.419798956630581,3.391371071095565,1
2023-03-24T16:18:55Z,2023-03-24T16:19:00Z,0.01135492474126254,3.407365745520282,3.3960108207790194,1
2023-03-24T16:18:55Z,2023-03-24T16:19:00Z,0.05194497690352984,3.347089079340897,3.399034056244427,1
2023-03-24T16:18:55Z,2023-03-24T16:19:00Z,0.09446789034066061,3.3059057052892813,3.400373595629942,1
2023-03-24T16:19:55Z,2023-03-24T16:20:00Z,0.020004209553208252,3.3780156753834234,3.3980198849366317,0
2023-03-24T16:19:55Z,2023-03-24T16:20:00Z,0.013750897588125532,3.381111520162191,3.3948624177503164,0
2023-03-24T16:19:55Z,2023-03-24T16:20:00Z,0.04296614728618886,3.439572100528439,3.39660595324225,0
2023-03-24T16:19:55Z,2023-03-24T16:20:00Z,0.04273956526368572,3.4420869094095408,3.399347344145855,0
2023-03-24T16:19:55Z,2023-03-24T16:20:00Z,0.062195412444600695,3.4675550894304736,3.405359676985873,0
2023-03-24T16:19:55Z,2023-03-24T16:20:00Z,0.03970634324008682,3.448630237338796,3.408923894098709,0
2023-03-24T16:19:55Z,2023-03-24T16:20:00Z,0.004639460581993937,3.419343431174447,3.414703970592453,0
2023-03-24T16:19:55Z,2023-03-24T16:20:00Z,0.02991100297961724,3.387866630355694,3.4177776333353114,0
2023-03-24T16:19:55Z,2023-03-24T16:20:00Z,0.038906621270531794,3.3772967847690496,3.4162034060395814,0
2023-03-24T16:19:55Z,2023-03-24T16:20:00Z,0.03077991026592697,3.3823491403277437,3.4131290505936707,0
2023-03-24T16:19:55Z,2023-03-24T16:20:00Z,0.000262933201243154,3.408358028999989,3.4080950957987457,0
2023-03-24T16:20:55Z,2023-03-24T16:21:00Z,0.010155727141012427,3.3924526122646275,3.40260833940564,0
2023-03-24T16:20:55Z,2023-03-24T16:21:00Z,0.02031183931741687,3.3805111629933053,3.400823002310722,0
2023-03-24T16:20:55Z,2023-03-24T16:21:00Z,0.03478257762279302,3.364217335063533,3.398999912686326,0
2023-03-24T16:20:55Z,2023-03-24T16:21:00Z,0.034644520623682507,3.3625650865608443,3.397209607184527,0
2023-03-24T16:20:55Z,2023-03-24T16:21:00Z,0.014656128845505823,3.383695362053864,3.39835149089937,0
2023-03-24T16:20:55Z,2023-03-24T16:21:00Z,0.04659039741706428,3.355538385567076,3.4021287829841405,0
2023-03-24T16:20:55Z,2023-03-24T16:21:00Z,0.06739508082966905,3.3351123479325,3.4025074287621693,0
2023-03-24T16:20:55Z,2023-03-24T16:21:00Z,0.07149598287101133,3.329306570251484,3.4008025531224955,0
2023-03-24T16:20:55Z,2023-03-24T16:21:00Z,0.12644401633404412,3.2673945532820547,3.393838569616099,0
2023-03-24T16:20:55Z,2023-03-24T16:21:00Z,0.14056319019197128,3.2457566901469237,3.386319880338895,0
2023-03-24T16:20:55Z,2023-03-24T16:21:00Z,0.13759132273633234,3.2353845218593342,3.3729758445956666,0
2023-03-24T16:20:55Z,2023-03-24T16:21:00Z,0.12472899395311066,3.234721947496432,3.3594509414495426,0
2023-03-24T16:21:55Z,2023-03-24T16:22:00Z,0.11491201559743924,3.2322749985644283,3.3471870141618676,0
2023-03-24T16:21:55Z,2023-03-24T16:22:00Z,0.10397851157844507,3.232998857059472,3.336977368637917,0
2023-03-24T16:21:55Z,2023-03-24T16:22:00Z,0.06223401434053599,3.2650752352170733,3.3273092495576093,0
2023-03-24T16:21:55Z,2023-03-24T16:22:00Z,0.042076409953458516,3.2752761540529325,3.317352564006391,0
2023-03-24T16:21:55Z,2023-03-24T16:22:00Z,0.00975796865004952,3.2980424091041476,3.307800377754197,0
2023-03-24T16:21:55Z,2023-03-24T16:22:00Z,0.011230014693598633,3.3112186285670155,3.299988613873417,0
2023-03-24T16:21:55Z,2023-03-24T16:22:00Z,0.025744332009566495,3.3202350289570397,3.294490696947473,0
2023-03-24T16:21:55Z,2023-03-24T16:22:00Z,0.036154172688223074,3.327111622535928,3.290957449847705,0
2023-03-24T16:21:55Z,2023-03-24T16:22:00Z,0.07741253426300032,3.3655479802704527,3.2881354460074523,0
2023-03-24T16:21:55Z,2023-03-24T16:22:00Z,0.13538589320505423,3.4197490899113108,3.2843631967062565,0
2023-03-24T16:21:55Z,2023-03-24T16:22:00Z,0.14359488703816048,3.428625390057976,3.2850305030198155,0
2023-03-24T16:21:55Z,2023-03-24T16:22:00Z,0.11902430822505261,3.4096972607101215,3.290672952485069,0
2023-03-24T16:22:55Z,2023-03-24T16:23:00Z,0.10046715590320954,3.397761363042045,3.2972942071388354,0
2023-03-24T16:22:55Z,2023-03-24T16:23:00Z,0.07500695778236244,3.381788012083069,3.3067810543007066,0
2023-03-24T16:22:55Z,2023-03-24T16:23:00Z,0.07008986888884206,3.3870045680492225,3.3169146991603804,0
2023-03-24T16:22:55Z,2023-03-24T16:23:00Z,0.02963752969981215,3.3563124615417754,3.3266749318419633,0
2023-03-24T16:22:55Z,2023-03-24T16:23:00Z,0.06634572597928656,3.4031728325247688,3.336827106545482,0
2023-03-24T16:22:55Z,2023-03-24T16:23:00Z,0.04457915632290543,3.389675427066878,3.3450962707439724,0
2023-03-24T16:22:55Z,2023-03-24T16:23:00Z,0.026481218999738765,3.382922421441397,3.3564412024416583,0
2023-03-24T16:22:55Z,2023-03-24T16:23:00Z,0.06411887658119975,3.428866758479512,3.364747881898312,0
2023-03-24T16:22:55Z,2023-03-24T16:23:00Z,0.02492048412390302,3.3968447838481124,3.3719242997242094,0
2023-03-24T16:22:55Z,2023-03-24T16:23:00Z,0.05845386146356679,3.322192061552334,3.380645923015901,0
2023-03-24T16:22:55Z,2023-03-24T16:23:00Z,0.11785913864210507,3.268495194725869,3.386354333367974,0
2023-03-24T16:22:55Z,2023-03-24T16:23:00Z,0.11295916369848502,3.2735256385091756,3.3864848022076606,0
2023-03-24T16:23:55Z,2023-03-24T16:24:00Z,0.13910472362144644,3.24347231673221,3.3825770403536564,0
2023-03-24T16:23:55Z,2023-03-24T16:24:00Z,0.09909947002826858,3.2773427475413026,3.376442217569571,0
2023-03-24T16:23:55Z,2023-03-24T16:24:00Z,0.0887331021546891,3.275957330536275,3.364690432690964,0
2023-03-24T16:23:55Z,2023-03-24T16:24:00Z,0.06632451284800212,3.2882804103418515,3.3546049231898536,0
2023-03-24T16:23:55Z,2023-03-24T16:24:00Z,0.018037131613912738,3.3637260594588425,3.3456889278449298,0
2023-03-24T16:23:55Z,2023-03-24T16:24:00Z,0.01983298798280142,3.3582231856477187,3.3383901976649173,0
2023-03-24T16:23:55Z,2023-03-24T16:24:00Z,0.01925856682255267,3.356444634312521,3.3371860674899683,0
2023-03-24T16:23:55Z,2023-03-24T16:24:00Z,0.004803802857439976,3.340071111520641,3.335267308663201,0
2023-03-24T16:23:55Z,2023-03-24T16:24:00Z,0.03296724615624713,3.302308874025004,3.335276120181251,0
2023-03-24T16:23:55Z,2023-03-24T16:24:00Z,0.033602248607045304,3.2974670901739307,3.331069338780976,0
2023-03-24T16:23:55Z,2023-03-24T16:24:00Z,0.03212950037363704,3.3573744022851546,3.3252449019115176,0
2023-03-24T16:23:55Z,2023-03-24T16:24:00Z,0.033895163168576214,3.3534430429955964,3.31954787982702,0
2023-03-24T16:23:55Z,2023-03-24T16:24:00Z,0.009795999151938961,3.324577721899335,3.314781722747396,0
2023-03-24T16:24:55Z,2023-03-24T16:25:00Z,0.015508369216129303,3.296379904141099,3.311888273357228,0
2023-03-24T16:24:55Z,2023-03-24T16:25:00Z,0.037323269613640075,3.2747240477667217,3.3120473173803617,0
2023-03-24T16:24:55Z,2023-03-24T16:25:00Z,0.04270641609154202,3.2711998819165014,3.3139062980080434,0
2023-03-24T16:24:55Z,2023-03-24T16:25:00Z,0.07384819008987398,3.240138001868673,3.313986191958547,0
2023-03-24T16:24:55Z,2023-03-24T16:25:00Z,0.07010473464537004,3.2457299616587965,3.3158346963041665,0
2023-03-24T16:24:55Z,2023-03-24T16:25:00Z,0.04566153246137805,3.267692847464613,3.313354379925991,0
2023-03-24T16:24:55Z,2023-03-24T16:25:00Z,0.03262321359533038,3.2787160084054956,3.311339222000826,0
2023-03-24T16:24:55Z,2023-03-24T16:25:00Z,0.05674313703066547,3.253223580778345,3.3099667178090106,0
2023-03-24T16:24:55Z,2023-03-24T16:25:00Z,0.09644150462013679,3.2078578764519836,3.3042993810721204,0
2023-03-24T16:24:55Z,2023-03-24T16:25:00Z,0.1651562057796654,3.1321432016344968,3.297299407414162,0
2023-03-24T16:24:55Z,2023-03-24T16:25:00Z,0.18874682826904232,3.0986467952877508,3.287393623556793,0
2023-03-24T16:25:55Z,2023-03-24T16:26:00Z,0.24506140120784226,3.0284703616898745,3.2735317628977167,1
2023-03-24T16:25:55Z,2023-03-24T16:26:00Z,0.2976514096151912,2.9623028813667087,3.2599542909819,1
2023-03-24T16:25:55Z,2023-03-24T16:26:00Z,0.3615046036656122,2.8805165720840167,3.242021175749629,1
2023-03-24T16:25:55Z,2023-03-24T16:26:00Z,0.39210028367647,2.823582790678596,3.215683074355066,1
2023-03-24T16:25:55Z,2023-03-24T16:26:00Z,0.3492072845247005,2.834947358436261,3.1841546429609613,1
2023-03-24T16:25:55Z,2023-03-24T16:26:00Z,0.3149882096771388,2.8357667712024393,3.150754980879578,1
2023-03-24T16:25:55Z,2023-03-24T16:26:00Z,0.26587270107776684,2.8541201100881555,3.1199928111659223,1
2023-03-24T16:25:55Z,2023-03-24T16:26:00Z,0.2918099486023933,2.7989190441259097,3.090728992728303,1
2023-03-24T16:25:55Z,2023-03-24T16:26:00Z,0.29349391249456236,2.769429762111851,3.0629236746064135,1
2023-03-24T16:25:55Z,2023-03-24T16:26:00Z,0.267527815113763,2.7659812623097992,3.0335090774235622,1
2023-03-24T16:25:55Z,2023-03-24T16:26:00Z,0.2773950202053217,2.7243607105817773,3.001755730787099,1
2023-03-24T16:25:55Z,2023-03-24T16:26:00Z,0.2978956328703455,2.670412658906433,2.9683082917767787,1
2023-03-24T16:25:55Z,2023-03-24T16:26:00Z,0.24905108133025733,2.6823001905916066,2.931351271921864,1
2023-03-24T16:26:55Z,2023-03-24T16:27:00Z,0.22693829282115718,2.66555891764258,2.892497210463737,1
2023-03-24T16:26:55Z,2023-03-24T16:27:00Z,0.22458517026353242,2.6328748611428456,2.857460031406378,1
2023-03-24T16:26:55Z,2023-03-24T16:27:00Z,0.2339377745487523,2.5924166379248317,2.826354412473584,1
2023-03-24T16:26:55Z,2023-03-24T16:27:00Z,0.21183038980016455,2.583472560397092,2.7953029501972564,1
2023-03-24T16:26:55Z,2023-03-24T16:27:00Z,0.21104944312703022,2.555183258819224,2.766232701946254,1
2023-03-24T16:26:55Z,2023-03-24T16:27:00Z,0.22074392647735452,2.5202334207375916,2.740977347214946,1
2023-03-24T16:26:55Z,2023-03-24T16:27:00Z,0.20360331153033373,2.5156851481336266,2.7192884596639604,1
2023-03-24T16:26:55Z,2023-03-24T16:27:00Z,0.20448313845672006,2.4945820298778405,2.6990651683345606,1
2023-03-24T16:26:55Z,2023-03-24T16:27:00Z,0.19585825897830755,2.4819227620027435,2.677781020981051,1
2023-03-24T16:26:55Z,2023-03-24T16:27:00Z,0.18211690916923207,2.472918462390179,2.655035371559411,1
2023-03-24T16:26:55Z,2023-03-24T16:27:00Z,0.16792404632705304,2.4622981686933305,2.6302222150203836,1
2023-03-24T16:26:55Z,2023-03-24T16:27:00Z,0.2062061181227013,2.402282724781967,2.608488842904668,1
2023-03-24T16:27:55Z,2023-03-24T16:28:00Z,0.19881262431577973,2.3892007790276537,2.5880134033434334,1
2023-03-24T16:27:55Z,2023-03-24T16:28:00Z,0.16651384634702193,2.3972529878278896,2.5637668341749116,1
2023-03-24T16:27:55Z,2023-03-24T16:28:00Z,0.13612919610247198,2.405293642635498,2.54142283873797,1
2023-03-24T16:27:55Z,2023-03-24T16:28:00Z,0.145897853249064,2.377314340750336,2.5232121939994,1
2023-03-24T16:27:55Z,2023-03-24T16:28:00Z,0.1354665072384269,2.3692785835638994,2.5047450908023263,1
2023-03-24T16:27:55Z,2023-03-24T16:28:00Z,0.1208794465412506,2.364649339134926,2.4855287856761765,1
2023-03-24T16:27:55Z,2023-03-24T16:28:00Z,0.09309414270179328,2.3748615578024537,2.467955700504247,1
2023-03-24T16:27:55Z,2023-03-24T16:28:00Z,0.07540566225337564,2.3773655516648775,2.452771213918253,1
2023-03-24T16:27:55Z,2023-03-24T16:28:00Z,0.08436572646378959,2.354498087281488,2.4388638137452774,1
2023-03-24T16:27:55Z,2023-03-24T16:28:00Z,0.07451752049636617,2.3524917794386213,2.4270092999349875,1
2023-03-24T16:27:55Z,2023-03-24T16:28:00Z,0.05278450239545407,2.3631757753091263,2.4159602777045803,1
2023-03-24T16:27:55Z,2023-03-24T16:28:00Z,0.0358507156353145,2.3692300041562655,2.40508071979158,1
2023-03-24T16:28:55Z,2023-03-24T16:29:00Z,0.03557936586319688,2.3607409369571357,2.3963203028203326,1
2023-03-24T16:28:55Z,2023-03-24T16:29:00Z,0.20586295602814886,2.1829444962690854,2.3888074522972342,1
2023-03-24T16:28:55Z,2023-03-24T16:29:00Z,0.2736590161202326,2.1076699344814656,2.381328950601698,1
2023-03-24T16:28:55Z,2023-03-24T16:29:00Z,0.17631077074887136,2.1863946016912106,2.362705372440082,1
2023-03-24T16:28:55Z,2023-03-24T16:29:00Z,0.06150417086809856,2.281560348885283,2.3430645197533817,1
2023-03-24T16:28:55Z,2023-03-24T16:29:00Z,0.06028947701663645,2.389833584947588,2.3295441079309516,1
2023-03-24T16:28:55Z,2023-03-24T16:29:00Z,0.20140064422641224,2.5232319095611904,2.321831265334778,1
2023-03-24T16:28:55Z,2023-03-24T16:29:00Z,0.33091832493883766,2.651718919761089,2.320800594822251,1
2023-03-24T16:28:55Z,2023-03-24T16:29:00Z,0.4847293755733335,2.8152578083163076,2.330528432742974,1
2023-03-24T16:28:55Z,2023-03-24T16:29:00Z,0.6166830141765289,2.966040802665983,2.349357788489454,1
2023-03-24T16:28:55Z,2023-03-24T16:29:00Z,0.7345015824580821,3.113899935559628,2.379398353101546,1
2023-03-24T16:28:55Z,2023-03-24T16:29:00Z,0.848446196955221,3.2672564997143354,2.4188103027591144,1
2023-03-24T16:29:55Z,2023-03-24T16:30:00Z,0.9088017495173584,3.376714344536123,2.4679125950187646,0
2023-03-24T16:29:55Z,2023-03-24T16:30:00Z,0.8517956600567205,3.3805588159043416,2.528763155847621,0
2023-03-24T16:29:55Z,2023-03-24T16:30:00Z,0.6404305430159853,3.23747520320344,2.597044660187455,0
2023-03-24T16:29:55Z,2023-03-24T16:30:00Z,0.5596176033372009,3.2244877995643364,2.6648701962271355,0
2023-03-24T16:29:55Z,2023-03-24T16:30:00Z,0.5060227722588739,3.2287759817558213,2.7227532094969473,0
2023-03-24T16:29:55Z,2023-03-24T16:30:00Z,0.45785417139532525,3.2381905050660853,2.78033633367076,0
2023-03-24T16:29:55Z,2023-03-24T16:30:00Z,0.39837146449380834,3.248429897197018,2.8500584327032095,0
2023-03-24T16:29:55Z,2023-03-24T16:30:00Z,0.3196887517153759,3.24511522245756,2.925426470742184,0
2023-03-24T16:29:55Z,2023-03-24T16:30:00Z,0.2565478358992146,3.2527766596751198,2.996228823775905,0
2023-03-24T16:29:55Z,2023-03-24T16:30:00Z,0.22959113862335911,3.29005695397075,3.0604658153473907,0
2023-03-24T16:29:55Z,2023-03-24T16:30:00Z,0.15106654101571815,3.269061894678277,3.117995353662559,0
2023-03-24T16:29:55Z,2023-03-24T16:30:00Z,0.09772411267753345,3.2668411359673963,3.169117023289863,0
2023-03-24T16:30:55Z,2023-03-24T16:31:00Z,0.08446020992649483,3.2947334315441696,3.210273221617675,0
2023-03-24T16:30:55Z,2023-03-24T16:31:00Z,0.026122365898725963,3.2665011426931403,3.2403787767944143,0
2023-03-24T16:30:55Z,2023-03-24T16:31:00Z,0.022199020371127087,3.2400925983484994,3.2622916187196265,0
2023-03-24T16:30:55Z,2023-03-24T16:31:00Z,0.03539496680440424,3.2370700657241227,3.272465032528527,0
2023-03-24T16:30:55Z,2023-03-24T16:31:00Z,0.04437054937823426,3.22628355639257,3.270654105770804,0
2023-03-24T16:30:55Z,2023-03-24T16:31:00Z,0.030978914286436066,3.2923234014697744,3.2613444871833384,0
2023-03-24T16:30:55Z,2023-03-24T16:31:00Z,0.05461868619435695,3.3056781560769104,3.2510594698825535,0
2023-03-24T16:30:55Z,2023-03-24T16:31:00Z,0.027710725817269743,3.2824267422509115,3.2547160164336417,0
2023-03-24T16:30:55Z,2023-03-24T16:31:00Z,0.03485463142035927,3.294983338288173,3.2601287068678135,0
2023-03-24T16:30:55Z,2023-03-24T16:31:00Z,0.026522093511009093,3.2371833307231443,3.2637054242341534,0
2023-03-24T16:30:55Z,2023-03-24T16:31:00Z,0.04473780223982127,3.2227538108758043,3.2674916131156255,0
2023-03-24T16:30:55Z,2023-03-24T16:31:00Z,0.05314477140341278,3.2135970706139547,3.2667418420173675,0
2023-03-24T16:31:55Z,2023-03-24T16:32:00Z,0.07582929729890431,3.1894217839463463,3.2652510812452507,0
2023-03-24T16:31:55Z,2023-03-24T16:32:00Z,0.12247155083449135,3.1401675578066817,3.262639108641173,0
2023-03-24T16:31:55Z,2023-03-24T16:32:00Z,0.15252101818765862,3.103409079118554,3.2559300973062126,0
2023-03-24T16:31:55Z,2023-03-24T16:32:00Z,0.12820004569219767,3.119137095822575,3.2473371415147727,0
2023-03-24T16:31:55Z,2023-03-24T16:32:00Z,0.07141085708356654,3.1650308139746173,3.236441671058184,0
2023-03-24T16:31:55Z,2023-03-24T16:32:00Z,0.06776120637450234,3.156974042302242,3.2247352486767444,0
2023-03-24T16:31:55Z,2023-03-24T16:32:00Z,0.06381205020589809,3.154158509889611,3.2179705600955093,0
2023-03-24T16:31:55Z,2023-03-24T16:32:00Z,0.06146379627639398,3.1509655267493653,3.2124293230257592,0
2023-03-24T16:31:55Z,2023-03-24T16:32:00Z,0.06280870933416072,3.1440931766359643,3.206901885970125,0
2023-03-24T16:31:55Z,2023-03-24T16:32:00Z,0.018275008574620166,3.183605675419291,3.2018806839939113,0
2023-03-24T16:31:55Z,2023-03-24T16:32:00Z,0.025527630084501318,3.166471038920489,3.1919986690049904,0
2023-03-24T16:31:55Z,2023-03-24T16:32:00Z,0.012228174728142971,3.1716323288996735,3.1838605036278165,0
2023-03-24T16:32:55Z,2023-03-24T16:33:00Z,0.0035524594562148515,3.179682582862003,3.176130123405788,0
2023-03-24T16:32:55Z,2023-03-24T16:33:00Z,0.022831075311088078,3.1907377980909764,3.1679067227798883,0
2023-03-24T16:32:55Z,2023-03-24T16:33:00Z,0.035056119873326796,3.1991294594624717,3.164073339589145,0
2023-03-24T16:32:55Z,2023-03-24T16:33:00Z,0.026753481303416482,3.18869242004024,3.1619389387368235,0
2023-03-24T16:32:55Z,2023-03-24T16:33:00Z,0.010300880876721763,3.1712753122034454,3.1609744313267236,0
2023-03-24T16:32:55Z,2023-03-24T16:33:00Z,0.0011960218411908308,3.162121828907508,3.160925807066317,0
2023-03-24T16:32:55Z,2023-03-24T16:33:00Z,0.013487047369143745,3.1764867047285783,3.1629996573594346,0
2023-03-24T16:32:55Z,2023-03-24T16:33:00Z,0.04311266746057063,3.210026508139269,3.1669138406786983,0
2023-03-24T16:32:55Z,2023-03-24T16:33:00Z,0.047677989079164096,3.2184151370182628,3.1707371479390987,0
2023-03-24T16:32:55Z,2023-03-24T16:33:00Z,0.0403301952597257,3.214067056143135,3.1737368608834093,0
2023-03-24T16:32:55Z,2023-03-24T16:33:00Z,0.0394793308429886,3.2173122647074655,3.177832933864477,0
2023-03-24T16:32:55Z,2023-03-24T16:33:00Z,0.04590228930594442,3.2277291262539896,3.181826836948045,0
2023-03-24T16:33:55Z,2023-03-24T16:34:00Z,0.03678468128076817,3.2230346340926865,3.1862499528119184,0
2023-03-24T16:33:55Z,2023-03-24T16:34:00Z,0.021280395491296122,3.2131060782777494,3.1918256827864533,0
2023-03-24T16:33:55Z,2023-03-24T16:34:00Z,0.01839805892651114,3.212852338957857,3.194454280031346,0
2023-03-24T16:33:55Z,2023-03-24T16:34:00Z,0.03368915672966333,3.2312524393848263,3.197563282655163,0
2023-03-24T16:33:55Z,2023-03-24T16:34:00Z,0.03856203465166974,3.238873317977379,3.2003112833257092,0
2023-03-24T16:33:55Z,2023-03-24T16:34:00Z,0.04215881052170367,3.2459080842822674,3.2037492737605637,0
2023-03-24T16:33:55Z,2023-03-24T16:34:00Z,0.040251125310734714,3.2472094337303923,3.2069583084196576,0
2023-03-24T16:33:55Z,2023-03-24T16:34:00Z,0.03829168959291884,3.248368573000563,3.2100768834076443,0
2023-03-24T16:33:55Z,2023-03-24T16:34:00Z,0.033925317705890023,3.247903335359544,3.213978017653654,0
2023-03-24T16:33:55Z,2023-03-24T16:34:00Z,0.023093729836580756,3.2422112982100426,3.219117568373462,0
2023-03-24T16:33:55Z,2023-03-24T16:34:00Z,0.028225489143897775,3.253061824614162,3.2248363354702643,0
2023-03-24T16:33:55Z,2023-03-24T16:34:00Z,0.03472307243558159,3.263941047471277,3.2292179750356955,0
2023-03-24T16:34:55Z,2023-03-24T16:35:00Z,0.02985507907398599,3.2619420752080077,3.2320869961340217,0
2023-03-24T16:34:55Z,2023-03-24T16:35:00Z,0.04250144726379679,3.277623504094686,3.2351220568308894,0
2023-03-24T16:34:55Z,2023-03-24T16:35:00Z,0.048998726698426864,3.2873124514669745,3.2383137247685476,0
2023-03-24T16:34:55Z,2023-03-24T16:35:00Z,0.01379695997457242,3.256131434035601,3.2423344740610287,0
2023-03-24T16:34:55Z,2023-03-24T16:35:00Z,0.011830036214797612,3.258136731956692,3.2463066957418945,0
2023-03-24T16:34:55Z,2023-03-24T16:35:00Z,0.021315232808750473,3.2698283818801723,3.248513149071422,0
2023-03-24T16:34:55Z,2023-03-24T16:35:00Z,0.020203828406965663,3.2717190210569833,3.2515151926500176,0
2023-03-24T16:34:55Z,2023-03-24T16:35:00Z,0.03235825392275071,3.2876718494342563,3.2553135955115056,0
2023-03-24T16:34:55Z,2023-03-24T16:35:00Z,0.04465441475053611,3.302665782373519,3.258011367622983,0
2023-03-24T16:34:55Z,2023-03-24T16:35:00Z,0.06655997426052496,3.327824577313966,3.261264603053441,0
2023-03-24T16:34:55Z,2023-03-24T16:35:00Z,0.05896082886720233,3.32400927846006,3.265048449592858,0
2023-03-24T16:34:55Z,2023-03-24T16:35:00Z,0.055828113366861665,3.326250905865291,3.2704227924984295,0
2023-03-24T16:35:55Z,2023-03-24T16:36:00Z,0.10823840530867956,3.383703911504409,3.2754655061957294,0
2023-03-24T16:35:55Z,2023-03-24T16:36:00Z,0.11621615028040067,3.39690482784318,3.2806886775627793,0
2023-03-24T16:35:55Z,2023-03-24T16:36:00Z,0.10703355339618525,3.397155071845256,3.290121518449071,0
2023-03-24T16:35:55Z,2023-03-24T16:36:00Z,0.12742420234872442,3.427135254346397,3.2997110519976727,0
2023-03-24T16:35:55Z,2023-03-24T16:36:00Z,0.09969340073043309,3.408285387686371,3.3085919869559377,0
2023-03-24T16:35:55Z,2023-03-24T16:36:00Z,0.05349038767447212,3.3730952532396348,3.3196048655651627,0
2023-03-24T16:35:55Z,2023-03-24T16:36:00Z,0.002472731866716149,3.3258429259378923,3.3283156578046085,0
2023-03-24T16:35:55Z,2023-03-24T16:36:00Z,0.09897801073579648,3.2350565005203227,3.334034511256119,0
2023-03-24T16:35:55Z,2023-03-24T16:36:00Z,0.04458784054643328,3.2940941035031717,3.338681944049605,0
2023-03-24T16:35:55Z,2023-03-24T16:36:00Z,0.004426887062189078,3.3415701490160363,3.3371432619538473,0
2023-03-24T16:35:55Z,2023-03-24T16:36:00Z,0.020704454593612365,3.3180565221351013,3.3387609767287136,0
2023-03-24T16:35:55Z,2023-03-24T16:36:00Z,0.04303059466956416,3.300387123923086,3.3434177185926504,0
2023-03-24T16:36:55Z,2023-03-24T16:37:00Z,0.001203923243350058,3.344239440196023,3.345443363439373,0
2023-03-24T16:36:55Z,2023-03-24T16:37:00Z,0.012378896252357219,3.332912556623654,3.3452914528760114,0
2023-03-24T16:36:55Z,2023-03-24T16:37:00Z,0.025029951228272118,3.3213558258398765,3.3463857770681487,0
2023-03-24T16:36:55Z,2023-03-24T16:37:00Z,0.04023169575356089,3.3067476331921606,3.3469793289457215,0
2023-03-24T16:36:55Z,2023-03-24T16:37:00Z,0.036678840516696454,3.3099741497606643,3.3466529902773607,0
2023-03-24T16:36:55Z,2023-03-24T16:37:00Z,0.0037970464700789464,3.3377255252531315,3.3415225717232104,0
2023-03-24T16:36:55Z,2023-03-24T16:37:00Z,0.014809385321578272,3.3209178078627977,3.335727193184376,0
2023-03-24T16:36:55Z,2023-03-24T16:37:00Z,0.031782520176349305,3.2999827032352185,3.3317652234115678,0
2023-03-24T16:36:55Z,2023-03-24T16:37:00Z,0.004378453733344667,3.3290625140460066,3.324684060312662,0
2023-03-24T16:36:55Z,2023-03-24T16:37:00Z,0.019137667648081003,3.336601548997332,3.317463881349251,0
2023-03-24T16:36:55Z,2023-03-24T16:37:00Z,0.050848727542643246,3.365377092945653,3.3145283654030098,0
2023-03-24T16:36:55Z,2023-03-24T16:37:00Z,0.10141875384757659,3.416664360787882,3.3152456069403056,0
2023-03-24T16:37:55Z,2023-03-24T16:38:00Z,0.13829088795925326,3.4622245343945806,3.3239336464353273,0
2023-03-24T16:37:55Z,2023-03-24T16:38:00Z,0.23307082861153594,3.5651758255325103,3.3321049969209744,0
2023-03-24T16:37:55Z,2023-03-24T16:38:00Z,0.2926616330919547,3.6328102557048325,3.340148622612878,0
2023-03-24T16:37:55Z,2023-03-24T16:38:00Z,0.3190927431915802,3.675715986030952,3.3566232428393716,0
2023-03-24T16:37:55Z,2023-03-24T16:38:00Z,0.31259989187455783,3.6913846768327128,3.378784784958155,0
2023-03-24T16:37:55Z,2023-03-24T16:38:00Z,0.2838466860103783,3.6847299073575286,3.4008832213471503,0
2023-03-24T16:37:55Z,2023-03-24T16:38:00Z,0.26742137548860967,3.6922027381830302,3.4247813626944206,0
2023-03-24T16:37:55Z,2023-03-24T16:38:00Z,0.26988549713688714,3.7188917985991514,3.4490063014622643,0
2023-03-24T16:37:55Z,2023-03-24T16:38:00Z,0.240810173957287,3.715513482418942,3.474703308461655,0
2023-03-24T16:37:55Z,2023-03-24T16:38:00Z,0.21414580401135286,3.716110289062241,3.501964485050888,0
2023-03-24T16:37:55Z,2023-03-24T16:38:00Z,0.2032148323944214,3.7303651812563636,3.5271503488619422,0
2023-03-24T16:38:55Z,2023-03-24T16:39:00Z,0.18496305442673355,3.738459568701972,3.5534965142752384,0
2023-03-24T16:38:55Z,2023-03-24T16:39:00Z,0.22129280477943203,3.8034814842560802,3.582188679476648,0
2023-03-24T16:38:55Z,2023-03-24T16:39:00Z,0.1815126454567788,3.7909944619104916,3.609481816453713,0
2023-03-24T16:38:55Z,2023-03-24T16:39:00Z,0.1474869296256891,3.788094075096651,3.640607145470962,0
2023-03-24T16:38:55Z,2023-03-24T16:39:00Z,0.1218605239552546,3.7908421606905396,3.668981636735285,0
2023-03-24T16:38:55Z,2023-03-24T16:39:00Z,0.1063539433667926,3.800097561055995,3.6937436176892025,0
2023-03-24T16:38:55Z,2023-03-24T16:39:00Z,0.11889712551828557,3.834548584960552,3.7156514594422663,0
2023-03-24T16:38:55Z,2023-03-24T16:39:00Z,0.1219508177451254,3.853263726222291,3.7313129084771655,0
2023-03-24T16:38:55Z,2023-03-24T16:39:00Z,0.1110509484597717,3.8558130788873184,3.7447621304275467,0
2023-03-24T16:38:55Z,2023-03-24T16:39:00Z,0.12796696181734024,3.8845656082576427,3.7565986464403025,0
2023-03-24T16:38:55Z,2023-03-24T16:39:00Z,0.11642048268544247,3.883981022596052,3.7675605399106096,0
2023-03-24T16:38:55Z,2023-03-24T16:39:00Z,0.09157346505971153,3.872456385030328,3.7808829199706167,0
2023-03-24T16:38:55Z,2023-03-24T16:39:00Z,0.06392812907194845,3.8575962680034337,3.7936681389314852,0
2023-03-24T16:39:55Z,2023-03-24T16:40:00Z,0.0825020235474021,3.8864078015742987,3.8039057780268966,0
2023-03-24T16:39:55Z,2023-03-24T16:40:00Z,0.10827839102247028,3.921656354755,3.81337796373253,0
2023-03-24T16:39:55Z,2023-03-24T16:40:00Z,0.08982791199552187,3.9145590432288557,3.824731131233334,0
2023-03-24T16:39:55Z,2023-03-24T16:40:00Z,0.07509806713797662,3.9125819432712197,3.837483876133243,0
2023-03-24T16:39:55Z,2023-03-24T16:40:00Z,0.04566489193613066,3.894888733037833,3.8492238411017023,0
2023-03-24T16:39:55Z,2023-03-24T16:40:00Z,0.010840728986010184,3.8456564760500345,3.8564972050360447,0
2023-03-24T16:39:55Z,2023-03-24T16:40:00Z,0.1482060619116412,3.715217427866226,3.863423489777867,0
2023-03-24T16:39:55Z,2023-03-24T16:40:00Z,0.18481059144379985,3.68245039173096,3.8672609831747597,0
2023-03-24T16:39:55Z,2023-03-24T16:40:00Z,0.12657617723747006,3.735643157082335,3.8622193343198052,0
2023-03-24T16:39:55Z,2023-03-24T16:40:00Z,0.11056998714763333,3.743806202550503,3.854376189698136,0
2023-03-24T16:39:55Z,2023-03-24T16:40:00Z,0.11396363912995744,3.7338188553762977,3.847782494506255,0
2023-03-24T16:40:55Z,2023-03-24T16:41:00Z,0.09774675773659958,3.74273856852487,3.8404853262614695,0
2023-03-24T16:40:55Z,2023-03-24T16:41:00Z,0.026430301671792833,3.8059220763556088,3.8323523780274016,0
2023-03-24T16:40:55Z,2023-03-24T16:41:00Z,0.05089027444041916,3.7720069676047974,3.8228972420452165,0
2023-03-24T16:40:55Z,2023-03-24T16:41:00Z,0.05858223979721977,3.7591110724986336,3.8176933122958534,0
2023-03-24T16:40:55Z,2023-03-24T16:41:00Z,0.06367932366512807,3.7473173608023562,3.8109966844674843,0
2023-03-24T16:40:55Z,2023-03-24T16:41:00Z,0.030571561518957235,3.7738594432482078,3.804431004767165,0
2023-03-24T16:40:55Z,2023-03-24T16:41:00Z,0.059681841847159856,3.735476466868542,3.7951583087157017,0
2023-03-24T16:40:55Z,2023-03-24T16:41:00Z,0.08057341927939543,3.70473176200252,3.7853051812819154,0
2023-03-24T16:40:55Z,2023-03-24T16:41:00Z,0.044147916700303824,3.729218426157591,3.7733663428578947,0
2023-03-24T16:40:55Z,2023-03-24T16:41:00Z,0.019492892627708702,3.7400167714789387,3.7595096641066474,0
2023-03-24T16:40:55Z,2023-03-24T16:41:00Z,0.019777779811791962,3.7286871971695064,3.7484649769812983,0
2023-03-24T16:40:55Z,2023-03-24T16:41:00Z,0.011116305049105435,3.7525386350589978,3.7414223300098923,0
2023-03-24T16:40:55Z,2023-03-24T16:41:00Z,0.006682246581358076,3.7490025612114697,3.7423203146301116,0
2023-03-24T16:41:55Z,2023-03-24T16:42:00Z,0.020637241490758296,3.767630105676072,3.7469928641853136,0
2023-03-24T16:41:55Z,2023-03-24T16:42:00Z,0.034088949897615795,3.781972441024872,3.747883491127256,0
2023-03-24T16:41:55Z,2023-03-24T16:42:00Z,0.04369183103680374,3.793163582372431,3.7494717513356273,0
2023-03-24T16:41:55Z,2023-03-24T16:42:00Z,0.053004589605702535,3.805686579984568,3.7526819903788655,0
2023-03-24T16:41:55Z,2023-03-24T16:42:00Z,0.015044181646508559,3.771087839615211,3.7560436579687027,0
2023-03-24T16:41:55Z,2023-03-24T16:42:00Z,0.0033156221123902263,3.7527123360982424,3.7560279582106326,0
2023-03-24T16:41:55Z,2023-03-24T16:42:00Z,0.0016778168290940698,3.7542888661822333,3.7559666830113274,0
2023-03-24T16:41:55Z,2023-03-24T16:42:00Z,0.007528222763419468,3.7630683233480537,3.7555401005846343,0
2023-03-24T16:41:55Z,2023-03-24T16:42:00Z,0.024158176368615614,3.731846691241344,3.7560048676099598,0
2023-03-24T16:41:55Z,2023-03-24T16:42:00Z,0.010814242670513341,3.7444712169461027,3.755285459616616,0
2023-03-24T16:41:55Z,2023-03-24T16:42:00Z,0.025465356638199488,3.729578117936604,3.7550434745748036,0
2023-03-24T16:41:55Z,2023-03-24T16:42:00Z,0.005182430540726646,3.762875202111769,3.757692771571042,0
2023-03-24T16:42:55Z,2023-03-24T16:43:00Z,0.018224690442145253,3.775941441465122,3.7577167510229765,0
2023-03-24T16:42:55Z,2023-03-24T16:43:00Z,0.023110148889914583,3.782350795288413,3.7592406463984984,0
2023-03-24T16:42:55Z,2023-03-24T16:43:00Z,0.017455547239286773,3.7798464765908264,3.7623909293515396,0
2023-03-24T16:42:55Z,2023-03-24T16:43:00Z,0.02691183373324213,3.7912902404334097,3.7643784067001675,0
2023-03-24T16:42:55Z,2023-03-24T16:43:00Z,0.040169780360659324,3.806604448086117,3.766434667725458,0
2023-03-24T16:42:55Z,2023-03-24T16:43:00Z,0.04221696737343983,3.810228977416054,3.768012010042614,0
2023-03-24T16:42:55Z,2023-03-24T16:43:00Z,0.01660661064505664,3.7862607544917535,3.769654143846697,0
2023-03-24T16:42:55Z,2023-03-24T16:43:00Z,0.005830069668008697,3.776621906517614,3.770791836849605,0
2023-03-24T16:42:55Z,2023-03-24T16:43:00Z,0.03663357206747042,3.806130353884221,3.7694967818167506,0
2023-03-24T16:42:55Z,2023-03-24T16:43:00Z,0.013078778177306294,3.7829444977875504,3.769865719610244,0
2023-03-24T16:42:55Z,2023-03-24T16:43:00Z,0.04838863525767323,3.8218155560536493,3.773426920795976,0
2023-03-24T16:42:55Z,2023-03-24T16:43:00Z,0.08438661027006367,3.8597239065063937,3.77533729623633,0
2023-03-24T16:43:55Z,2023-03-24T16:44:00Z,0.0596271962629884,3.8388809746796917,3.7792537784167033,0
2023-03-24T16:43:55Z,2023-03-24T16:44:00Z,0.058535971242482,3.846314897343522,3.78777892610104,0
2023-03-24T16:43:55Z,2023-03-24T16:44:00Z,0.05091408858478497,3.8449869985347305,3.7940729099499455,0
2023-03-24T16:43:55Z,2023-03-24T16:44:00Z,0.01626302345593089,3.7855923384544763,3.801855361910407,0
2023-03-24T16:43:55Z,2023-03-24T16:44:00Z,0.04240442005463452,3.764925061617303,3.8073294816719376,0
2023-03-24T16:43:55Z,2023-03-24T16:44:00Z,0.13160044914244118,3.6763724256621204,3.8079728748045616,0
2023-03-24T16:43:55Z,2023-03-24T16:44:00Z,0.1748222232269816,3.6319889359995066,3.806811159226488,0
2023-03-24T16:43:55Z,2023-03-24T16:44:00Z,0.21608178685284551,3.5838311023117284,3.799912889164574,0
2023-03-24T16:43:55Z,2023-03-24T16:44:00Z,0.19461792884081053,3.5946748733615035,3.789292802202314,0
2023-03-24T16:43:55Z,2023-03-24T16:44:00Z,0.15174031970094237,3.6227009261164125,3.774441245817355,0
2023-03-24T16:43:55Z,2023-03-24T16:44:00Z,0.008635042755862354,3.751435929457856,3.760070972213718,0
2023-03-24T16:43:55Z,2023-03-24T16:44:00Z,0.09458248523483714,3.8437494688901994,3.7491669836553623,0
2023-03-24T16:44:55Z,2023-03-24T16:45:00Z,0.12145571091741347,3.8689436294354587,3.747487918518045,0
2023-03-24T16:44:55Z,2023-03-24T16:45:00Z,0.1276658335910139,3.8776616931094576,3.7499958595184437,0
2023-03-24T16:44:55Z,2023-03-24T16:45:00Z,0.15003183560768418,3.9057609705693217,3.7557291349616375,0
2023-03-24T16:44:55Z,2023-03-24T16:45:00Z,0.10780305829955772,3.867255269064916,3.759452210765358,0
2023-03-24T16:44:55Z,2023-03-24T16:45:00Z,0.10064147241744914,3.863162820787002,3.7625213483695528,0
2023-03-24T16:44:55Z,2023-03-24T16:45:00Z,0.09405560546905756,3.8584685734642914,3.764412967995234,0
2023-03-24T16:44:55Z,2023-03-24T16:45:00Z,0.12994055491106904,3.895476717802535,3.765536162891466,0
2023-03-24T16:44:55Z,2023-03-24T16:45:00Z,0.19068858995587323,3.95712352450931,3.7664349345534367,0
2023-03-24T16:44:55Z,2023-03-24T16:45:00Z,0.20667010501074623,3.9804306648540537,3.7737605598433075,0
2023-03-24T16:44:55Z,2023-03-24T16:45:00Z,0.2018729843727396,3.9884467750755146,3.786573790702775,0
2023-03-24T16:44:55Z,2023-03-24T16:45:00Z,0.15916201390106766,3.9660063538833046,3.806844339982237,0
2023-03-24T16:45:55Z,2023-03-24T16:46:00Z,0.1366151869923824,3.9672233829130206,3.830608195920638,0
2023-03-24T16:45:55Z,2023-03-24T16:46:00Z,0.09197409399562329,3.9480606400210325,3.8560865460254092,0
2023-03-24T16:45:55Z,2023-03-24T16:46:00Z,0.033876189658602396,3.914799302987446,3.8809231133288438,0
2023-03-24T16:45:55Z,2023-03-24T16:46:00Z,0.024119355779467888,3.878494405143017,3.9026137609224847,0
2023-03-24T16:45:55Z,2023-03-24T16:46:00Z,0.039760260240119916,3.8737443922510044,3.9135046524911243,0
2023-03-24T16:45:55Z,2023-03-24T16:46:00Z,0.04706125644285697,3.8687597251317882,3.915820981574645,0
2023-03-24T16:45:55Z,2023-03-24T16:46:00Z,0.025787066077053833,3.8903539663519613,3.916141032429015,0
2023-03-24T16:45:55Z,2023-03-24T16:46:00Z,0.0026717587086162453,3.912875809188554,3.9155475678971703,0
2023-03-24T16:45:55Z,2023-03-24T16:46:00Z,0.036951152702178636,3.877569281580501,3.9145204342826796,0
2023-03-24T16:45:55Z,2023-03-24T16:46:00Z,0.040849118351523384,3.8767126852727323,3.9175618036242557,0
2023-03-24T16:45:55Z,2023-03-24T16:46:00Z,0.04412948221650659,3.874392752127316,3.9185222343438224,0
2023-03-24T16:45:55Z,2023-03-24T16:46:00Z,0.007616933586104047,3.9121215748782805,3.9197385084643845,0
2023-03-24T16:45:55Z,2023-03-24T16:46:00Z,0.0014014516488676243,3.9169314591038353,3.918332910752703,0
2023-03-24T16:46:55Z,2023-03-24T16:47:00Z,0.028135215612790532,3.943467996390092,3.9153327807773013,0
2023-03-24T16:46:55Z,2023-03-24T16:47:00Z,0.06601144704682627,3.9771109474407798,3.9110995003939535,0
2023-03-24T16:46:55Z,2023-03-24T16:47:00Z,0.10129201849017111,4.00939293363843,3.9081009151482586,0
2023-03-24T16:46:55Z,2023-03-24T16:47:00Z,0.1459157116603249,4.0547569330457485,3.9088412213854236,0
2023-03-24T16:46:55Z,2023-03-24T16:47:00Z,0.1595826821885895,4.071235206955707,3.911652524767118,0
2023-03-24T16:46:55Z,2023-03-24T16:47:00Z,0.1588356765956842,4.077601287564449,3.918765610968765,0
2023-03-24T16:46:55Z,2023-03-24T16:47:00Z,0.14156334148857574,4.070758012721892,3.929194671233316,0
2023-03-24T16:46:55Z,2023-03-24T16:47:00Z,0.09153234030060275,4.034000803695347,3.9424684633947447,0
2023-03-24T16:46:55Z,2023-03-24T16:47:00Z,0.07831776020224046,4.033920464961711,3.9556027047594706,0
2023-03-24T16:46:55Z,2023-03-24T16:47:00Z,0.02868407527786143,3.99530285194157,3.9666187766637084,0
2023-03-24T16:46:55Z,2023-03-24T16:47:00Z,0.012041523304643587,3.9641483532663813,3.976189876571025,0
2023-03-24T16:47:55Z,2023-03-24T16:48:00Z,0.026762383806319345,4.008447396560879,3.9816850127545593,0
2023-03-24T16:47:55Z,2023-03-24T16:48:00Z,0.027843778611044367,4.015300729477995,3.987456950866951,0
2023-03-24T16:47:55Z,2023-03-24T16:48:00Z,0.04774811134027557,4.043987376293103,3.9962392649528273,0
2023-03-24T16:47:55Z,2023-03-24T16:48:00Z,0.05450784061421032,4.06014097072375,4.00563313010954,0
2023-03-24T16:47:55Z,2023-03-24T16:48:00Z,0.041067234643776374,4.055491418180971,4.014424183537194,0
2023-03-24T16:47:55Z,2023-03-24T16:48:00Z,0.007787761752354072,4.031759246064209,4.023971484311855,0
2023-03-24T16:47:55Z,2023-03-24T16:48:00Z,0.04514063228365561,3.9862990801475915,4.031439712431247,0
2023-03-24T16:47:55Z,2023-03-24T16:48:00Z,0.10425678071881839,3.9308261516206584,4.035082932339477,0
2023-03-24T16:47:55Z,2023-03-24T16:48:00Z,0.07602019459873288,3.9575231475080206,4.0335433421067535,0
2023-03-24T16:47:55Z,2023-03-24T16:48:00Z,0.1931140127312183,3.8321672772805284,4.025281290011747,0
2023-03-24T16:47:55Z,2023-03-24T16:48:00Z,0.18834966428775868,3.8293508217608103,4.017700486048569,0
2023-03-24T16:47:55Z,2023-03-24T16:48:00Z,0.17480508946641748,3.8265331292298894,4.001338218696307,0
2023-03-24T16:47:55Z,2023-03-24T16:48:00Z,0.007223501643254693,3.9924679076088228,3.985244405965568,0
2023-03-24T16:48:55Z,2023-03-24T16:49:00Z,0.08235073806500814,4.0537639657328794,3.9714132276678713,0
2023-03-24T16:48:55Z,2023-03-24T16:49:00Z,0.12218853184956213,4.090838255693907,3.9686497238443446,0
2023-03-24T16:48:55Z,2023-03-24T16:49:00Z,0.10537167892565824,4.07791881035609,3.972547131430432,0
2023-03-24T16:48:55Z,2023-03-24T16:49:00Z,0.08228542083968238,4.063278545765282,3.9809931249256,0
2023-03-24T16:48:55Z,2023-03-24T16:49:00Z,0.03608171299360974,4.021706265505558,3.9856245525119482,0
2023-03-24T16:48:55Z,2023-03-24T16:49:00Z,0.009288660305695196,3.9795344132920714,3.9888230735977666,0
2023-03-24T16:48:55Z,2023-03-24T16:49:00Z,0.039613864187991066,3.947723802023939,3.98733766621193,0
2023-03-24T16:48:55Z,2023-03-24T16:49:00Z,0.04587430194447206,3.936089593772013,3.981963895716485,0
2023-03-24T16:48:55Z,2023-03-24T16:49:00Z,0.06718392279611152,3.9075954651765716,3.974779387972683,0
2023-03-24T16:48:55Z,2023-03-24T16:49:00Z,0.055152893082164756,3.9132485180710384,3.968401411153203,0
2023-03-24T16:48:55Z,2023-03-24T16:49:00Z,0.03874658366064976,3.924407919827819,3.9631545034884685,0
2023-03-24T16:49:55Z,2023-03-24T16:50:00Z,0.013308104270274068,3.948674556981554,3.961982661251828,0
2023-03-24T16:49:55Z,2023-03-24T16:50:00Z,0.04951223330812926,3.910262746098352,3.959774979406481,0
2023-03-24T16:49:55Z,2023-03-24T16:50:00Z,0.06894149504894465,3.8986006363376045,3.967542131386549,0
2023-03-24T16:49:55Z,2023-03-24T16:50:00Z,0.08030609342763606,3.892630166248083,3.972936259675719,0
2023-03-24T16:49:55Z,2023-03-24T16:50:00Z,0.06896197305605734,3.908778787093509,3.9777407601495662,0
2023-03-24T16:49:55Z,2023-03-24T16:50:00Z,0.03997370029112757,3.93111121043439,3.9710849107255175,0
2023-03-24T16:49:55Z,2023-03-24T16:50:00Z,0.012346459286652234,3.949072772862907,3.9614192321495594,0
2023-03-24T16:49:55Z,2023-03-24T16:50:00Z,0.03045067450178962,3.9812214369673815,3.950770762465592,0
2023-03-24T16:49:55Z,2023-03-24T16:50:00Z,0.058865693636311,4.001046720269024,3.9421810266327126,0
2023-03-24T16:49:55Z,2023-03-24T16:50:00Z,0.05352346112724282,3.9902340138400954,3.9367105527128525,0
2023-03-24T16:49:55Z,2023-03-24T16:50:00Z,0.04623962611513255,3.981572875812216,3.9353332496970834,0
2023-03-24T16:49:55Z,2023-03-24T16:50:00Z,0.03639116031741452,3.9724377167176996,3.936046556400285,0
2023-03-24T16:49:55Z,2023-03-24T16:50:00Z,0.023392574372862462,3.961695735692366,3.9383031613195034,0
2023-03-24T16:50:55Z,2023-03-24T16:51:00Z,0.03517012655255769,3.9758964960684406,3.940726369515883,0
2023-03-24T16:50:55Z,2023-03-24T16:51:00Z,0.05174649640407125,3.996079550621007,3.9443330542169357,0
2023-03-24T16:50:55Z,2023-03-24T16:51:00Z,0.066278312435061,4.014787898518491,3.94850958608343,0
2023-03-24T16:50:55Z,2023-03-24T16:51:00Z,0.055513743873170984,4.008801438676146,3.953287694802975,0
2023-03-24T16:50:55Z,2023-03-24T16:51:00Z,0.04651196448998629,4.004207215395424,3.957695250905438,0
2023-03-24T16:50:55Z,2023-03-24T16:51:00Z,0.04387609984814134,4.008140596925432,3.9642644970772905,0
2023-03-24T16:50:55Z,2023-03-24T16:51:00Z,0.0542358042185902,4.025540739899736,3.9713049356811454,0
2023-03-24T16:50:55Z,2023-03-24T16:51:00Z,0.03852391806329036,4.0175295491229255,3.979005631059635,0
2023-03-24T16:50:55Z,2023-03-24T16:51:00Z,0.05339237676998776,4.0401821380167044,3.9867897612467167,0
2023-03-24T16:50:55Z,2023-03-24T16:51:00Z,0.05636146228798289,4.048912446113936,3.9925509838259527,0
2023-03-24T16:50:55Z,2023-03-24T16:51:00Z,0.07085999750001681,4.06948493900289,3.998624941502873,0
2023-03-24T16:51:55Z,2023-03-24T16:52:00Z,0.07378837819742579,4.076926053643402,4.003137675445976,0
2023-03-24T16:51:55Z,2023-03-24T16:52:00Z,0.0638395836273471,4.071539806988915,4.007700223361568,0
2023-03-24T16:51:55Z,2023-03-24T16:52:00Z,0.11755174483777164,4.131031437519559,4.013479692681788,0
2023-03-24T16:51:55Z,2023-03-24T16:52:00Z,0.10903121607546762,4.128508704169036,4.019477488093568,0
2023-03-24T16:51:55Z,2023-03-24T16:52:00Z,0.10610774684081203,4.136158149654504,4.030050402813692,0
2023-03-24T16:51:55Z,2023-03-24T16:52:00Z,0.09316321224548041,4.134334479624284,4.041171267378804,0
2023-03-24T16:51:55Z,2023-03-24T16:52:00Z,0.038911143625660394,4.090766521243535,4.0518553776178745,0
2023-03-24T16:51:55Z,2023-03-24T16:52:00Z,0.018591181291012226,4.0424811915937475,4.06107237288476,0
2023-03-24T16:51:55Z,2023-03-24T16:52:00Z,0.041147611505873094,4.024990002893889,4.0661376143997625,0
2023-03-24T16:51:55Z,2023-03-24T16:52:00Z,0.051817683725992936,4.016565247534944,4.0683829312609365,0
2023-03-24T16:51:55Z,2023-03-24T16:52:00Z,0.07057688266147544,3.999191567766025,4.0697684504275005,0
2023-03-24T16:51:55Z,2023-03-24T16:52:00Z,0.06778774716479408,4.002542346636673,4.070330093801467,0
2023-03-24T16:51:55Z,2023-03-24T16:52:00Z,0.23311305832345486,3.8354604240024317,4.068573482325887,0
2023-03-24T16:52:55Z,2023-03-24T16:53:00Z,0.22799828239302622,3.8395760531004437,4.06757433549347,0
2023-03-24T16:52:55Z,2023-03-24T16:53:00Z,0.004337760615507058,4.049588460610345,4.0539262212258524,0
2023-03-24T16:52:55Z,2023-03-24T16:53:00Z,0.013609935860475098,4.053580397552094,4.0399704616916186,0
2023-03-24T16:52:55Z,2023-03-24T16:53:00Z,0.014450174715757491,4.05309420451454,4.038644029798783,0
2023-03-24T16:52:55Z,2023-03-24T16:53:00Z,0.03085988565316189,4.06794753837919,4.037087652726028,0
2023-03-24T16:52:55Z,2023-03-24T16:53:00Z,0.00608745242005071,4.029770493474353,4.035857945894404,0
2023-03-24T16:52:55Z,2023-03-24T16:53:00Z,0.005619287075759871,4.037271639694139,4.031652352618379,0
2023-03-24T16:52:55Z,2023-03-24T16:53:00Z,0.002592030205341267,4.022477775033392,4.025069805238734,0
2023-03-24T16:52:55Z,2023-03-24T16:53:00Z,0.016235778006002732,4.034713149247379,4.018477371241376,0
2023-03-24T16:52:55Z,2023-03-24T16:53:00Z,0.036455106227737843,4.0474753638297205,4.011020257601983,0
2023-03-24T16:52:55Z,2023-03-24T16:53:00Z,0.001081514120430782,4.0083648802560035,4.007283366135573,0
2023-03-24T16:53:55Z,2023-03-24T16:54:00Z,0.05134611185663118,3.9562701990946723,4.007616310951303,0
2023-03-24T16:53:55Z,2023-03-24T16:54:00Z,0.05559338816991177,3.9509145812721997,4.0065079694421115,0
2023-03-24T16:53:55Z,2023-03-24T16:54:00Z,0.05472724946955587,3.9477610500765383,4.002488299546094,0
2023-03-24T16:53:55Z,2023-03-24T16:54:00Z,0.03794182742803809,3.961328006351801,3.999269833779839,0
2023-03-24T16:53:55Z,2023-03-24T16:54:00Z,0.05306151861020991,3.942556228732286,3.995617747342496,0
2023-03-24T16:53:55Z,2023-03-24T16:54:00Z,0.07413072464200932,3.929878194857111,4.00400891949912,0
2023-03-24T16:53:55Z,2023-03-24T16:54:00Z,0.056487767737746886,3.9543864968034965,4.010874264541243,0
2023-03-24T16:53:55Z,2023-03-24T16:54:00Z,0.0490060023394574,3.953887577818237,4.002893580157695,0
2023-03-24T16:53:55Z,2023-03-24T16:54:00Z,0.05753709975706478,3.9387435536840565,3.9962806534411213,0
2023-03-24T16:53:55Z,2023-03-24T16:54:00Z,0.06817573109693953,3.921491147231095,3.9896668783280345,0
2023-03-24T16:53:55Z,2023-03-24T16:54:00Z,0.07519782083231963,3.9058554585160388,3.9810532793483584,0
2023-03-24T16:53:55Z,2023-03-24T16:54:00Z,0.05325542928519722,3.9205792269802773,3.9738346562654745,0
2023-03-24T16:54:55Z,2023-03-24T16:55:00Z,0.048126551572994725,3.916947025947273,3.965073577520268,0
2023-03-24T16:54:55Z,2023-03-24T16:55:00Z,0.04663473401654494,3.911645606966849,3.9582803409833938,0
2023-03-24T16:54:55Z,2023-03-24T16:55:00Z,0.05634930568124741,3.8940799604154726,3.95042926609672,0
2023-03-24T16:54:55Z,2023-03-24T16:55:00Z,0.059227991761439114,3.8821459572110895,3.9413739489725286,0
2023-03-24T16:54:55Z,2023-03-24T16:55:00Z,0.04619122399856668,3.887563730317927,3.933754954316494,0
2023-03-24T16:54:55Z,2023-03-24T16:55:00Z,0.03743861066329224,3.891374727527629,3.9288133381909214,0
2023-03-24T16:54:55Z,2023-03-24T16:55:00Z,0.017352020829731085,3.9072379272975724,3.9245899481273034,0
2023-03-24T16:54:55Z,2023-03-24T16:55:00Z,0.027514523574005967,3.89331633638337,3.920830859957376,0
2023-03-24T16:54:55Z,2023-03-24T16:55:00Z,0.006778089337904358,3.9240029440249984,3.917224854687094,0
2023-03-24T16:54:55Z,2023-03-24T16:55:00Z,0.023620878925870503,3.937563074123037,3.9139421951971665,0
2023-03-24T16:54:55Z,2023-03-24T16:55:00Z,0.03483709402231483,3.9483876058306735,3.9135505118083587,0
2023-03-24T16:54:55Z,2023-03-24T16:55:00Z,0.06809884170634284,3.980527792002671,3.912428950296328,0
2023-03-24T16:54:55Z,2023-03-24T16:55:00Z,0.04235431386383093,3.954416599360988,3.912062285497157,0
2023-03-24T16:55:55Z,2023-03-24T16:56:00Z,0.027328395883910783,3.9421762972689756,3.9148479013850648,0
2023-03-24T16:55:55Z,2023-03-24T16:56:00Z,0.023250449751651026,3.9402933812787087,3.9170429315270576,0
2023-03-24T16:55:55Z,2023-03-24T16:56:00Z,0.08011404332410699,3.8393502774531463,3.9194643207772533,0
2023-03-24T16:55:55Z,2023-03-24T16:56:00Z,0.13265125477916007,3.788127342951322,3.920778597730482,0
2023-03-24T16:55:55Z,2023-03-24T16:56:00Z,0.12690637439271368,3.7886991067714937,3.9156054811642074,0
2023-03-24T16:55:55Z,2023-03-24T16:56:00Z,0.030825861329433657,3.938196791559272,3.9073709302298383,0
2023-03-24T16:55:55Z,2023-03-24T16:56:00Z,0.05783210489322066,3.9581776448801276,3.900345539986907,0
2023-03-24T16:55:55Z,2023-03-24T16:56:00Z,0.054221346318160446,3.958303608594947,3.9040822622767863,0
2023-03-24T16:55:55Z,2023-03-24T16:56:00Z,0.04697948273517705,3.9557693393161095,3.9087898565809325,0
2023-03-24T16:55:55Z,2023-03-24T16:56:00Z,0.03990561407898108,3.9531573960644013,3.9132517819854202,0
2023-03-24T16:55:55Z,2023-03-24T16:56:00Z,0.06325134208956662,3.979738551542889,3.9164872094533223,0
2023-03-24T16:55:55Z,2023-03-24T16:56:00Z,0.04058486706211406,3.961061480494172,3.920476613432058,0
2023-03-24T16:56:55Z,2023-03-24T16:57:00Z,0.04799392129005975,3.972186241889977,3.9241923205999174,0
2023-03-24T16:56:55Z,2023-03-24T16:57:00Z,0.04719265559638819,3.9729515366210473,3.925758881024659,0
2023-03-24T16:56:55Z,2023-03-24T16:57:00Z,0.004432047321855759,3.9229134094400906,3.9273454567619464,0
2023-03-24T16:56:55Z,2023-03-24T16:57:00Z,0.021507006386410232,3.9053333666834282,3.9268403730698385,0
2023-03-24T16:56:55Z,2023-03-24T16:57:00Z,0.01509253196695548,3.9096476284414896,3.924740160408445,0
2023-03-24T16:56:55Z,2023-03-24T16:57:00Z,0.011003507360622944,3.9112804576754523,3.9222839650360752,0
2023-03-24T16:56:55Z,2023-03-24T16:57:00Z,0.017595214826108485,3.9026457000208192,3.9202409148469277,0
2023-03-24T16:56:55Z,2023-03-24T16:57:00Z,0.023277111842160192,3.9017591483529213,3.9250362601950815,0
2023-03-24T16:56:55Z,2023-03-24T16:57:00Z,0.02551748429610967,3.907153333036938,3.932670817333048,0
2023-03-24T16:56:55Z,2023-03-24T16:57:00Z,0.0021176562069440408,3.942325809645421,3.9402081534384767,0
2023-03-24T16:56:55Z,2023-03-24T16:57:00Z,0.041917026125097845,3.980055615662086,3.938138589536988,0
2023-03-24T16:57:55Z,2023-03-24T16:58:00Z,0.05662293242917249,3.993704732950513,3.9370818005213404,0
2023-03-24T16:57:55Z,2023-03-24T16:58:00Z,0.0616425971033987,4.000174531429215,3.938531934325816,0
2023-03-24T16:57:55Z,2023-03-24T16:58:00Z,0.07172221441175353,4.012783174979863,3.9410609605681097,0
2023-03-24T16:57:55Z,2023-03-24T16:58:00Z,0.07252544507823933,4.016720881337337,3.9441954362590974,0
2023-03-24T16:57:55Z,2023-03-24T16:58:00Z,0.09535558500657482,4.041753996161471,3.9463984111548958,0
2023-03-24T16:57:55Z,2023-03-24T16:58:00Z,0.11743669363267273,4.067545731510446,3.9501090378777732,0
2023-03-24T16:57:55Z,2023-03-24T16:58:00Z,0.13214651401292699,4.086893402175466,3.954746888162539,0
2023-03-24T16:57:55Z,2023-03-24T16:58:00Z,0.16049155451646158,4.121544722338294,3.9610531678218326,0
2023-03-24T16:57:55Z,2023-03-24T16:58:00Z,0.15282310512841768,4.124808272465941,3.9719851673375235,0
2023-03-24T16:57:55Z,2023-03-24T16:58:00Z,0.1456136642837791,4.132012921998294,3.986399257714515,0
2023-03-24T16:57:55Z,2023-03-24T16:58:00Z,0.1163512525224899,4.1170945531719685,4.000743300649479,0
2023-03-24T16:57:55Z,2023-03-24T16:58:00Z,0.0777924390216791,4.093251237292681,4.015458798271002,0
2023-03-24T16:58:55Z,2023-03-24T16:59:00Z,0.08370240049016697,4.113457788971244,4.029755388481077,1
2023-03-24T16:58:55Z,2023-03-24T16:59:00Z,0.08952493174962672,4.132046459493355,4.0425215277437285,1
2023-03-24T16:58:55Z,2023-03-24T16:59:00Z,0.08228079113082476,4.138555949270174,4.056275158139349,1
2023-03-24T16:58:55Z,2023-03-24T16:59:00Z,0.06603525578785963,4.134958457250405,4.068923201462545,1
2023-03-24T16:58:55Z,2023-03-24T16:59:00Z,0.030373950784410297,4.109863841154162,4.079489890369752,1
2023-03-24T16:58:55Z,2023-03-24T16:59:00Z,0.006797402768318861,4.082109402554758,4.088906805323077,1
2023-03-24T16:58:55Z,2023-03-24T16:59:00Z,0.03230951403671156,4.063909911934696,4.096219425971408,1
2023-03-24T16:58:55Z,2023-03-24T16:59:00Z,0.08508879829750793,4.015752376178892,4.1008411744763995,1
2023-03-24T16:58:55Z,2023-03-24T16:59:00Z,0.11059491955010614,3.993392190299451,4.103987109849557,1
2023-03-24T16:58:55Z,2023-03-24T16:59:00Z,0.1423976790976833,3.9598559894197023,4.102253668517386,1
2023-03-24T16:58:55Z,2023-03-24T16:59:00Z,0.19852632915208757,3.898783769951231,4.097310099103319,1
2023-03-24T16:58:55Z,2023-03-24T16:59:00Z,0.19568226640627806,3.893158671846656,4.088840938252934,1
2023-03-24T16:58:55Z,2023-03-24T16:59:00Z,0.10030663293492825,3.9736835751588693,4.0739902080937975,1
2023-03-24T16:59:55Z,2023-03-24T17:00:00Z,0.0690532588091477,3.9894936425766963,4.058546901385844,1
2023-03-24T16:59:55Z,2023-03-24T17:00:00Z,0.0774902485183886,3.9705013630781605,4.047991611596549,1
2023-03-24T16:59:55Z,2023-03-24T17:00:00Z,0.09926219417551696,3.9402226900480155,4.0394848842235325,1
2023-03-24T16:59:55Z,2023-03-24T17:00:00Z,0.06871663224553837,3.9625849270303592,4.031301559275898,1
2023-03-24T16:59:55Z,2023-03-24T17:00:00Z,0.042019866940829154,3.977732685740186,4.019752552681015,1
2023-03-24T16:59:55Z,2023-03-24T17:00:00Z,0.052510331693023105,4.060965448876505,4.008455117183482,1
2023-03-24T16:59:55Z,2023-03-24T17:00:00Z,0.07307604921629718,4.0708096154977795,3.9977335662814824,1
2023-03-24T16:59:55Z,2023-03-24T17:00:00Z,0.1682716597223921,4.161072358778949,3.9928006990565565,1
2023-03-24T16:59:55Z,2023-03-24T17:00:00Z,0.19027432336332462,4.180471407376122,3.9901970840127974,1
2023-03-24T16:59:55Z,2023-03-24T17:00:00Z,0.1934955707360171,4.188956851830427,3.9954612810944097,1
2023-03-24T16:59:55Z,2023-03-24T17:00:00Z,0.19715204446785517,4.200384091925026,4.003232047457171,1
2023-03-24T17:00:55Z,2023-03-24T17:01:00Z,0.2211074317078099,4.235886444208417,4.0147790125006075,0
2023-03-24T17:00:55Z,2023-03-24T17:01:00Z,0.07749177864794365,4.106070251256924,4.02857847260898,0
2023-03-24T17:00:55Z,2023-03-24T17:01:00Z,0.14098570404771182,3.905994798880515,4.046980502928227,0
2023-03-24T17:00:55Z,2023-03-24T17:01:00Z,0.21043657105555846,3.8503630306263807,4.060799601681939,0
2023-03-24T17:00:55Z,2023-03-24T17:01:00Z,0.2482018614232815,3.813453482060915,4.061655343484197,0
2023-03-24T17:00:55Z,2023-03-24T17:01:00Z,0.2543815374752869,3.799052436373411,4.053433973848698,0
2023-03-24T17:00:55Z,2023-03-24T17:01:00Z,0.2527016943192786,3.7889962688283667,4.041697963147645,0
2023-03-24T17:00:55Z,2023-03-24T17:01:00Z,0.25695821002204644,3.773309824678616,4.030268034700662,0
2023-03-24T17:00:55Z,2023-03-24T17:01:00Z,0.2537973906346287,3.76638888265139,4.0201862732860185,0
2023-03-24T17:00:55Z,2023-03-24T17:01:00Z,0.24635856538469936,3.7612093677445357,4.007567933129235,0
2023-03-24T17:00:55Z,2023-03-24T17:01:00Z,0.2277286746231595,3.76574967163349,3.9934783462566497,0
2023-03-24T17:00:55Z,2023-03-24T17:01:00Z,0.1917593396411923,3.781735267873326,3.9734946075145183,0
2023-03-24T17:00:55Z,2023-03-24T17:01:00Z,0.12391818310749514,4.077075461031061,3.953157277923566,0
2023-03-24T17:01:55Z,2023-03-24T17:02:00Z,0.18161897594151677,4.109487114471374,3.9278681385298575,1
2023-03-24T17:01:55Z,2023-03-24T17:02:00Z,0.12859094866489462,4.049566024105082,3.9209750754401873,1
2023-03-24T17:01:55Z,2023-03-24T17:02:00Z,0.11855713458131278,4.034234227530896,3.915677092949583,1
2023-03-24T17:01:55Z,2023-03-24T17:02:00Z,0.10016393113113908,4.00578648622606,3.905622555094921,1
2023-03-24T17:01:55Z,2023-03-24T17:02:00Z,0.13005477199018411,4.02223384597327,3.892179073983086,1
2023-03-24T17:01:55Z,2023-03-24T17:02:00Z,0.1374718953915477,4.022965385039242,3.8854934896476947,1
2023-03-24T17:01:55Z,2023-03-24T17:02:00Z,0.10361323072691064,3.996855990180789,3.8932427594538783,1
2023-03-24T17:01:55Z,2023-03-24T17:02:00Z,0.07595676474062962,3.980706347822032,3.9047495830814025,1
2023-03-24T17:01:55Z,2023-03-24T17:02:00Z,0.04332952276490021,3.9603059397209606,3.9169764169560604,1
2023-03-24T17:01:55Z,2023-03-24T17:02:00Z,0.006555748032215369,3.9356424257515177,3.9290866777193023,1
2023-03-24T17:01:55Z,2023-03-24T17:02:00Z,0.015167352575280457,3.9253399698701945,3.940507322445475,1
2023-03-24T17:02:55Z,2023-03-24T17:03:00Z,0.04120502597433484,3.910124469876,3.951329495850335,1
2023-03-24T17:02:55Z,2023-03-24T17:03:00Z,0.11353630314729601,3.848389931850959,3.961926234998255,1
2023-03-24T17:02:55Z,2023-03-24T17:03:00Z,0.11990342540380183,3.8519504830698854,3.9718539084736872,1
2023-03-24T17:02:55Z,2023-03-24T17:03:00Z,0.10932577082064254,3.8680374883342092,3.977363259154852,1
2023-03-24T17:02:55Z,2023-03-24T17:03:00Z,0.11525056182291582,3.866793711678372,3.982044273501288,1
2023-03-24T17:02:55Z,2023-03-24T17:03:00Z,0.09365336407023106,3.8744550445846,3.9681084086548313,1
2023-03-24T17:02:55Z,2023-03-24T17:03:00Z,0.0738361770227649,3.8780926714458666,3.9519288484686315,1
2023-03-24T17:02:55Z,2023-03-24T17:03:00Z,0.05136752282814827,3.888887260339118,3.940254783167266,1
2023-03-24T17:02:55Z,2023-03-24T17:03:00Z,0.05144123679997126,3.878404109294959,3.9298453460949303,1
2023-03-24T17:02:55Z,2023-03-24T17:03:00Z,0.05352372752398038,3.868528336845154,3.9220520643691343,1
2023-03-24T17:02:55Z,2023-03-24T17:03:00Z,0.06593779488237539,3.8465256203748717,3.912463415257247,1
2023-03-24T17:02:55Z,2023-03-24T17:03:00Z,0.12024480292475914,3.7819228091195485,3.9021676120443076,1
2023-03-24T17:03:55Z,2023-03-24T17:04:00Z,0.15828103632984636,3.733864551060733,3.8921455873905795,1
2023-03-24T17:03:55Z,2023-03-24T17:04:00Z,0.18693622126914544,3.691957130207936,3.8788933514770814,1
2023-03-24T17:03:55Z,2023-03-24T17:04:00Z,0.20386476089175654,3.6599324980079757,3.8637972588997322,1
2023-03-24T17:03:55Z,2023-03-24T17:04:00Z,0.254698989964552,3.592852582565609,3.847551572530161,1
2023-03-24T17:03:55Z,2023-03-24T17:04:00Z,0.261061370124243,3.5687963709484363,3.8298577410726793,1
2023-03-24T17:03:55Z,2023-03-24T17:04:00Z,0.3026859284983563,3.506020353420297,3.8087062819186532,1
2023-03-24T17:03:55Z,2023-03-24T17:04:00Z,0.2351273215269596,3.5549393896648587,3.7900667111918183,1
2023-03-24T17:03:55Z,2023-03-24T17:04:00Z,0.2224892033407726,3.5445154992077397,3.7670047025485123,1
2023-03-24T17:03:55Z,2023-03-24T17:04:00Z,0.22328595993204337,3.5228455360385125,3.746131495970556,1
2023-03-24T17:03:55Z,2023-03-24T17:04:00Z,0.21972599158680017,3.504920290219047,3.724646281805847,1
2023-03-24T17:03:55Z,2023-03-24T17:04:00Z,0.18892988626763696,3.512275761635137,3.701205647902774,1
2023-03-24T17:03:55Z,2023-03-24T17:04:00Z,0.1739255496307921,3.502401939523527,3.676327489154319,1
2023-03-24T17:03:55Z,2023-03-24T17:04:00Z,0.12669080022797718,3.5245292556794103,3.6512200559073875,1
2023-03-24T17:04:55Z,2023-03-24T17:05:00Z,0.06846473475864467,3.5576885098306477,3.6261532445892923,1
2023-03-24T17:04:55Z,2023-03-24T17:05:00Z,0.035879425124988096,3.567340547386588,3.603219972511576,1
2023-03-24T17:04:55Z,2023-03-24T17:05:00Z,0.028741343807335173,3.555222821334626,3.5839641651419614,1
2023-03-24T17:04:55Z,2023-03-24T17:05:00Z,0.026571581806875688,3.5430870992195547,3.5696586810264304,1
2023-03-24T17:04:55Z,2023-03-24T17:05:00Z,0.05226445119248435,3.5054847811855385,3.557749232378023,1
2023-03-24T17:04:55Z,2023-03-24T17:05:00Z,0.06825043811671261,3.479574125528752,3.5478245636454644,1
2023-03-24T17:04:55Z,2023-03-24T17:05:00Z,0.08058054760770705,3.4569475015829276,3.5375280491906347,1
2023-03-24T17:04:55Z,2023-03-24T17:05:00Z,0.0841936984917333,3.445782453563111,3.5299761520548443,1
2023-03-24T17:04:55Z,2023-03-24T17:05:00Z,0.09051106285042998,3.4320084979133805,3.5225195607638105,1
2023-03-24T17:04:55Z,2023-03-24T17:05:00Z,0.13111263391668526,3.387391066856646,3.5185037007733313,1
2023-03-24T17:04:55Z,2023-03-24T17:05:00Z,0.14896275766371936,3.3613455503261807,3.5103083079899,1
2023-03-24T17:05:55Z,2023-03-24T17:06:00Z,0.1818356924010205,3.317997653432139,3.4998333458331596,1
2023-03-24T17:05:55Z,2023-03-24T17:06:00Z,0.20477581229072328,3.284290867828281,3.4890666801190044,1
2023-03-24T17:05:55Z,2023-03-24T17:06:00Z,0.21865074424056496,3.257954426759312,3.476605170999877,1
2023-03-24T17:05:55Z,2023-03-24T17:06:00Z,0.22225068797894787,3.2391554901004724,3.4614061780794203,1
2023-03-24T17:05:55Z,2023-03-24T17:06:00Z,0.21612105624560796,3.228988620982865,3.445109677228473,1
2023-03-24T17:05:55Z,2023-03-24T17:06:00Z,0.20344384872436372,3.2226409107988467,3.4260847595232105,1
2023-03-24T17:05:55Z,2023-03-24T17:06:00Z,0.1673403814639971,3.2368310521360284,3.4041714336000255,1
2023-03-24T17:05:55Z,2023-03-24T17:06:00Z,0.10807311426077604,3.2731183435667335,3.3811914578275095,1
2023-03-24T17:05:55Z,2023-03-24T17:06:00Z,0.08085832192337028,3.2791070179575654,3.3599653398809357,1
2023-03-24T17:05:55Z,2023-03-24T17:06:00Z,0.03895743040934496,3.3030099924280694,3.3419674228374143,1
2023-03-24T17:05:55Z,2023-03-24T17:06:00Z,0.004676823838733579,3.322198748116816,3.3268755719555494,1
2023-03-24T17:05:55Z,2023-03-24T17:06:00Z,0.017393780550002624,3.3324984102988395,3.315104629748837,1
2023-03-24T17:05:55Z,2023-03-24T17:06:00Z,0.08852863182348614,3.394650011341249,3.306121379517763,1
2023-03-24T17:06:55Z,2023-03-24T17:07:00Z,0.24445843954487234,3.543027549511684,3.2985691099668117,1
2023-03-24T17:06:55Z,2023-03-24T17:07:00Z,0.2324145353350633,3.5284930795303997,3.2960785441953364,1
2023-03-24T17:06:55Z,2023-03-24T17:07:00Z,0.21844946639653529,3.5249037761022075,3.3064543097056722,1
2023-03-24T17:06:55Z,2023-03-24T17:07:00Z,0.2088649708629009,3.5264624491821874,3.3175974783192865,1
2023-03-24T17:06:55Z,2023-03-24T17:07:00Z,0.1907249023059694,3.5221161221365938,3.3313912198306244,1
2023-03-24T17:06:55Z,2023-03-24T17:07:00Z,0.15988631586320912,3.5074223077840943,3.347535991920885,1
2023-03-24T17:06:55Z,2023-03-24T17:07:00Z,0.11704813463741814,3.4821949062501223,3.365146771612704,1
2023-03-24T17:06:55Z,2023-03-24T17:07:00Z,0.08781238615846965,3.4708436122834154,3.383031226124946,1
2023-03-24T17:06:55Z,2023-03-24T17:07:00Z,0.05226719853549611,3.4521788436782592,3.399911645142763,1
2023-03-24T17:06:55Z,2023-03-24T17:07:00Z,0.023904921610364394,3.440363413518765,3.4164584919084007,1
2023-03-24T17:06:55Z,2023-03-24T17:07:00Z,0.006787194391000728,3.424027816953549,3.4308150113445497,1
2023-03-24T17:07:55Z,2023-03-24T17:08:00Z,0.08206985837023639,3.359894824304449,3.4419646826746852,1
2023-03-24T17:07:55Z,2023-03-24T17:08:00Z,0.23780680019208056,3.213819269082337,3.4516260692744174,1
2023-03-24T17:07:55Z,2023-03-24T17:08:00Z,0.21837875884608637,3.2370396325534228,3.455418391399509,1
2023-03-24T17:07:55Z,2023-03-24T17:08:00Z,0.21376487582075265,3.2344282169764575,3.44819309279721,1
2023-03-24T17:07:55Z,2023-03-24T17:08:00Z,0.2206810978206879,3.221148076460161,3.441829174280849,1
2023-03-24T17:07:55Z,2023-03-24T17:08:00Z,0.20140335100975548,3.22974437031344,3.4311477213231956,1
2023-03-24T17:07:55Z,2023-03-24T17:08:00Z,0.18525691660801735,3.2244321731784105,3.409689089786428,1
2023-03-24T17:07:55Z,2023-03-24T17:08:00Z,0.16980487223799523,3.2199676369339683,3.3897725091719635,1
2023-03-24T17:07:55Z,2023-03-24T17:08:00Z,0.14494836902652564,3.2247926999505188,3.3697410689770444,1
2023-03-24T17:07:55Z,2023-03-24T17:08:00Z,0.12257153500976692,3.2267365464840627,3.3493080814938296,1
2023-03-24T17:07:55Z,2023-03-24T17:08:00Z,0.11448393906624643,3.2150025809485117,3.329486520014758,1
2023-03-24T17:07:55Z,2023-03-24T17:08:00Z,0.016614112258609204,3.29416002366948,3.310774135928089,1
2023-03-24T17:07:55Z,2023-03-24T17:08:00Z,0.12148548353888966,3.4144467977802053,3.2929613142413157,1
2023-03-24T17:08:55Z,2023-03-24T17:09:00Z,0.25910508313420477,3.5402874914679243,3.2811824083337195,0
2023-03-24T17:08:55Z,2023-03-24T17:09:00Z,0.37504935634929026,3.6537162949564728,3.2786669386071825,0
2023-03-24T17:08:55Z,2023-03-24T17:09:00Z,0.47747218545548087,3.762800729259274,3.285328543803793,0
2023-03-24T17:08:55Z,2023-03-24T17:09:00Z,0.5376509817841786,3.838292090788167,3.300641109003988,0
2023-03-24T17:08:55Z,2023-03-24T17:09:00Z,0.5555452581984528,3.883046760866096,3.3275015026676433,0
2023-03-24T17:08:55Z,2023-03-24T17:09:00Z,0.5213878304773725,3.890520854592071,3.3691330241146984,0
2023-03-24T17:08:55Z,2023-03-24T17:09:00Z,0.4453670423701581,3.8575672083723678,3.4122001660022097,0
2023-03-24T17:08:55Z,2023-03-24T17:09:00Z,0.35745977088486214,3.8133994460614464,3.4559396751765843,0
2023-03-24T17:08:55Z,2023-03-24T17:09:00Z,0.28691208624006403,3.7852797035441283,3.4983676173040643,0
2023-03-24T17:08:55Z,2023-03-24T17:09:00Z,0.2013517761294512,3.738629731816716,3.537277955687265,0
2023-03-24T17:08:55Z,2023-03-24T17:09:00Z,0.15407806270209745,3.7287458537470766,3.574667791044979,0
2023-03-24T17:08:55Z,2023-03-24T17:09:00Z,0.11831912932777344,3.727564393364936,3.6092452640371624,0
2023-03-24T17:09:55Z,2023-03-24T17:10:00Z,0.06453129077232589,3.7073734317292595,3.6428421409569336,0
2023-03-24T17:09:55Z,2023-03-24T17:10:00Z,0.0036021061549238453,3.6726285579274007,3.6762306640823246,0
2023-03-24T17:09:55Z,2023-03-24T17:10:00Z,0.0483528629223402,3.6607025245453677,3.709055387467708,0
2023-03-24T17:09:55Z,2023-03-24T17:10:00Z,0.06597537823961819,3.668311244845285,3.7342866230849032,0
2023-03-24T17:09:55Z,2023-03-24T17:10:00Z,0.09430976747806996,3.6563939040578437,3.7507036715359137,0
2023-03-24T17:09:55Z,2023-03-24T17:10:00Z,0.09709778840958405,3.6621408000181535,3.7592385884277375,0
2023-03-24T17:09:55Z,2023-03-24T17:10:00Z,0.0745978866570316,3.684819209044131,3.7594170957011626,0
2023-03-24T17:09:55Z,2023-03-24T17:10:00Z,0.06138519230587791,3.691321241445876,3.752706433751754,0
2023-03-24T17:09:55Z,2023-03-24T17:10:00Z,0.06740758226273025,3.6750673260394215,3.742474908302152,0
2023-03-24T17:09:55Z,2023-03-24T17:10:00Z,0.03879185850432387,3.690901348503147,3.729693207007471,0
2023-03-24T17:09:55Z,2023-03-24T17:10:00Z,0.005903713235193564,3.7094259252021002,3.715329638437294,0
2023-03-24T17:09:55Z,2023-03-24T17:10:00Z,0.01732466944375588,3.7215432505564343,3.7042185811126784,0
2023-03-24T17:10:55Z,2023-03-24T17:11:00Z,0.005152119548430534,3.7024391326038195,3.697287013055389,0
2023-03-24T17:10:55Z,2023-03-24T17:11:00Z,0.014925989311861176,3.707963905501404,3.693037916189543,0
2023-03-24T17:10:55Z,2023-03-24T17:11:00Z,0.026111649094669787,3.7167368586700205,3.6906252095753507,0
2023-03-24T17:10:55Z,2023-03-24T17:11:00Z,0.0028122364226956797,3.6920519827816674,3.6892397463589717,0
2023-03-24T17:10:55Z,2023-03-24T17:11:00Z,0.010372473469451915,3.6781454372431925,3.6885179107126445,0
2023-03-24T17:10:55Z,2023-03-24T17:11:00Z,0.01827860135851811,3.6692178794242865,3.6874964807828046,0
2023-03-24T17:10:55Z,2023-03-24T17:11:00Z,0.040117959030603334,3.647746313706588,3.6878642727371913,0
2023-03-24T17:10:55Z,2023-03-24T17:11:00Z,0.05391767369618927,3.6345142893662636,3.688431963062453,0
2023-03-24T17:10:55Z,2023-03-24T17:11:00Z,0.04073930994751063,3.646321657705695,3.687060967653206,0
2023-03-24T17:10:55Z,2023-03-24T17:11:00Z,0.05348135129557896,3.6321209753781885,3.6856023266737674,0
2023-03-24T17:10:55Z,2023-03-24T17:11:00Z,0.07009383947182757,3.614453877714443,3.6845477171862706,0
2023-03-24T17:10:55Z,2023-03-24T17:11:00Z,0.06735677820839037,3.613677723400151,3.6810345016085413,0
2023-03-24T17:11:55Z,2023-03-24T17:12:00Z,0.03473276524530711,3.6411772454478046,3.6759100106931117,0
2023-03-24T17:11:55Z,2023-03-24T17:12:00Z,0.020615438204157233,3.6512019323130036,3.671817370517161,0
2023-03-24T17:11:55Z,2023-03-24T17:12:00Z,0.013553025866707369,3.654949404446764,3.6685024303134712,0
2023-03-24T17:11:55Z,2023-03-24T17:12:00Z,0.020223889037769283,3.6848447198253007,3.6646208307875314,0
2023-03-24T17:11:55Z,2023-03-24T17:12:00Z,0.05744375191876028,3.7176249929656464,3.660181241046886,0
2023-03-24T17:11:55Z,2023-03-24T17:12:00Z,0.0503320618124814,3.709340342007466,3.6590082801949846,0
2023-03-24T17:11:55Z,2023-03-24T17:12:00Z,0.0806957156280168,3.740348068320618,3.6596523526926013,0
2023-03-24T17:11:55Z,2023-03-24T17:12:00Z,0.08370615491320166,3.7428654064949654,3.6591592515817637,0
2023-03-24T17:11:55Z,2023-03-24T17:12:00Z,0.1002216962655087,3.7626006868832027,3.662378990617694,0
2023-03-24T17:11:55Z,2023-03-24T17:12:00Z,0.10984100323539359,3.776534658469872,3.666693655234478,0
2023-03-24T17:11:55Z,2023-03-24T17:12:00Z,0.1183184890534612,3.7912376647852013,3.67291917573174,0
2023-03-24T17:12:55Z,2023-03-24T17:13:00Z,0.1072943540064224,3.788799419389048,3.6815050653826256,0
2023-03-24T17:12:55Z,2023-03-24T17:13:00Z,0.10022343404068401,3.7921767244512385,3.6919532904105545,0
2023-03-24T17:12:55Z,2023-03-24T17:13:00Z,0.10436332882836918,3.805815136684481,3.701451807856112,0
2023-03-24T17:12:55Z,2023-03-24T17:13:00Z,0.09826036681068473,3.810382557938333,3.7121221911276483,0
2023-03-24T17:12:55Z,2023-03-24T17:13:00Z,0.09408784644707513,3.818967454839393,3.724879608392318,0
2023-03-24T17:12:55Z,2023-03-24T17:13:00Z,0.07979332304445608,3.817786587072652,3.737993264028196,0
2023-03-24T17:12:55Z,2023-03-24T17:13:00Z,0.0838257463632952,3.8336716910175976,3.7498459446543024,0
2023-03-24T17:12:55Z,2023-03-24T17:13:00Z,0.05630660591735426,3.8172581942223,3.7609515883049456,0
2023-03-24T17:12:55Z,2023-03-24T17:13:00Z,0.05638596655711847,3.8292523739667863,3.772866407409668,0
2023-03-24T17:12:55Z,2023-03-24T17:13:00Z,0.0453780430714974,3.827072015440965,3.781693972369468,0
2023-03-24T17:12:55Z,2023-03-24T17:13:00Z,0.03609741350182194,3.825233211271366,3.789135797769544,0
2023-03-24T17:12:55Z,2023-03-24T17:13:00Z,0.015655644180399886,3.812640220178844,3.796984575998444,0
2023-03-24T17:12:55Z,2023-03-24T17:13:00Z,0.00437012241147805,3.7982734631170154,3.8026435855284935,0
2023-03-24T17:13:55Z,2023-03-24T17:14:00Z,0.004368707297948582,3.802926532476137,3.807295239774086,0
2023-03-24T17:13:55Z,2023-03-24T17:14:00Z,0.024311960611508976,3.785361464244831,3.80967342485634,0
2023-03-24T17:13:55Z,2023-03-24T17:14:00Z,0.02997989955882918,3.781452983564594,3.811432883123423,0
2023-03-24T17:13:55Z,2023-03-24T17:14:00Z,0.01805358494598641,3.7929875514747455,3.811041136420732,0
2023-03-24T17:13:55Z,2023-03-24T17:14:00Z,0.03263920633448647,3.7779121676979486,3.810551374032435,0
2023-03-24T17:13:55Z,2023-03-24T17:14:00Z,0.02210274137429158,3.788502687793044,3.8106054291673357,0
2023-03-24T17:13:55Z,2023-03-24T17:14:00Z,0.0062649758104558195,3.815010207045356,3.8087452312349,0
2023-03-24T17:13:55Z,2023-03-24T17:14:00Z,0.013952921068214774,3.8212394942934287,3.807286573225214,0
2023-03-24T17:13:55Z,2023-03-24T17:14:00Z,0.04320268619353129,3.8502254428991427,3.8070227567056114,0
2023-03-24T17:13:55Z,2023-03-24T17:14:00Z,0.04788146018120498,3.855134410701535,3.80725295052033,0
2023-03-24T17:13:55Z,2023-03-24T17:14:00Z,0.09103261132593099,3.899389145305031,3.8083565339791,0
2023-03-24T17:13:55Z,2023-03-24T17:14:00Z,0.14696331090124426,3.9578449259789603,3.810881615077716,0
2023-03-24T17:14:55Z,2023-03-24T17:15:00Z,0.16569127373998827,3.9812486735735875,3.815557399833599,0
2023-03-24T17:14:55Z,2023-03-24T17:15:00Z,0.16329023624577976,3.987565830115245,3.8242755938694653,0
2023-03-24T17:14:55Z,2023-03-24T17:15:00Z,0.15939910273696967,3.9940757274265835,3.834676624689614,0
2023-03-24T17:14:55Z,2023-03-24T17:15:00Z,0.14941842053008347,3.99575675254879,3.8463383320187066,0
2023-03-24T17:14:55Z,2023-03-24T17:15:00Z,0.14698896261588024,4.0063807789218915,3.8593918163060112,0
2023-03-24T17:14:55Z,2023-03-24T17:15:00Z,0.1267457633296054,3.9989929276404603,3.872247164310855,0
2023-03-24T17:14:55Z,2023-03-24T17:15:00Z,0.09297717173635833,3.979958957025685,3.8869817852893265,0
2023-03-24T17:14:55Z,2023-03-24T17:15:00Z,0.0802874622811709,3.981771910508888,3.901484448227717,0
2023-03-24T17:14:55Z,2023-03-24T17:15:00Z,0.04056619070949319,3.954515399307273,3.9139492085977796,0
2023-03-24T17:14:55Z,2023-03-24T17:15:00Z,0.01445859129109861,3.9419984494096076,3.927539858118509,0
2023-03-24T17:14:55Z,2023-03-24T17:15:00Z,0.0005386891413339256,3.938068683078124,3.938607372219458,0
2023-03-24T17:15:55Z,2023-03-24T17:16:00Z,0.04806081632730397,3.8990124387164373,3.9470732550437413,0
2023-03-24T17:15:55Z,2023-03-24T17:16:00Z,0.11366314195677374,3.841198725672614,3.9548618676293876,0
2023-03-24T17:15:55Z,2023-03-24T17:16:00Z,0.11421319384894613,3.8439011401682612,3.9581143340172074,0
2023-03-24T17:15:55Z,2023-03-24T17:16:00Z,0.12087657831369247,3.8363087100349196,3.957185288348612,0
2023-03-24T17:15:55Z,2023-03-24T17:16:00Z,0.11626535722431885,3.837220730781842,3.953486088006161,0
2023-03-24T17:15:55Z,2023-03-24T17:16:00Z,0.09388669965086915,3.8514969739590224,3.9453836736098915,0
2023-03-24T17:15:55Z,2023-03-24T17:16:00Z,0.08393752436940627,3.8518442863877023,3.9357818107571085,0
2023-03-24T17:15:55Z,2023-03-24T17:16:00Z,0.06889009917202227,3.8578204545080044,3.9267105536800266,0
2023-03-24T17:15:55Z,2023-03-24T17:16:00Z,0.06780199946652576,3.8494264581442423,3.917228457610768,0
2023-03-24T17:15:55Z,2023-03-24T17:16:00Z,0.05147411367667276,3.8565585907313764,3.908032704408049,0
2023-03-24T17:15:55Z,2023-03-24T17:16:00Z,0.010473142454274331,3.887095940568598,3.8975690830228724,0
2023-03-24T17:15:55Z,2023-03-24T17:16:00Z,0.005716378233468156,3.8823570823287987,3.888073460562267,0
2023-03-24T17:15:55Z,2023-03-24T17:16:00Z,0.0035713665217307344,3.8854539593201918,3.881882592798461,0
2023-03-24T17:16:55Z,2023-03-24T17:17:00Z,0.010756206557585468,3.8860111441440406,3.875254937586455,0
2023-03-24T17:16:55Z,2023-03-24T17:17:00Z,0.0010383843363017675,3.869612457251014,3.8706508415873158,0
2023-03-24T17:16:55Z,2023-03-24T17:17:00Z,0.010910556931906346,3.8778289115015188,3.8669183545696124,0
2023-03-24T17:16:55Z,2023-03-24T17:17:00Z,0.003534184360089565,3.8588204218210485,3.862354606181138,0
2023-03-24T17:16:55Z,2023-03-24T17:17:00Z,0.023344439870573108,3.8375979311629034,3.8609423710334765,0
2023-03-24T17:16:55Z,2023-03-24T17:17:00Z,0.03827727189170549,3.8238398788850003,3.862117150776706,0
2023-03-24T17:16:55Z,2023-03-24T17:17:00Z,0.04655941079877657,3.8151375260442393,3.861696936843016,0
2023-03-24T17:16:55Z,2023-03-24T17:17:00Z,0.04302542793211073,3.81784025350091,3.8608656814330207,0
2023-03-24T17:16:55Z,2023-03-24T17:17:00Z,0.0662631303822594,3.7931303374015877,3.859393467783847,0
2023-03-24T17:16:55Z,2023-03-24T17:17:00Z,0.08166347697993981,3.775486209440033,3.857149686419973,0
2023-03-24T17:16:55Z,2023-03-24T17:17:00Z,0.0988635580705286,3.7543718650837032,3.853235423154232,0
2023-03-24T17:16:55Z,2023-03-24T17:17:00Z,0.10941984120822168,3.738326632274812,3.8477464734830336,0
2023-03-24T17:17:55Z,2023-03-24T17:18:00Z,0.11641851335519782,3.724990987257133,3.8414095006123308,0
2023-03-24T17:17:55Z,2023-03-24T17:18:00Z,0.054920816981594456,3.7786065530669655,3.83352737004856,0
2023-03-24T17:17:55Z,2023-03-24T17:18:00Z,0.07351710728203864,3.74920326587909,3.8227203731611286,0
2023-03-24T17:17:55Z,2023-03-24T17:18:00Z,0.0677803881805561,3.748023283029784,3.81580367121034,0
2023-03-24T17:17:55Z,2023-03-24T17:18:00Z,0.07247129599950197,3.734248995648098,3.8067202916476,0
2023-03-24T17:17:55Z,2023-03-24T17:18:00Z,0.07736563411692154,3.7201554667897274,3.797521100906649,0
2023-03-24T17:17:55Z,2023-03-24T17:18:00Z,0.04738024457885448,3.7411166255542674,3.788496870133122,0
2023-03-24T17:17:55Z,2023-03-24T17:18:00Z,0.02590938897444328,3.752075918177892,3.7779853071523353,0
2023-03-24T17:17:55Z,2023-03-24T17:18:00Z,0.012203019812175864,3.7823414072133925,3.7701383874012167,0
2023-03-24T17:17:55Z,2023-03-24T17:18:00Z,0.024839629148976528,3.739597290719906,3.7644369198688827,0
2023-03-24T17:17:55Z,2023-03-24T17:18:00Z,0.1363130641118584,3.6253572909789176,3.761670355090776,0
2023-03-24T17:17:55Z,2023-03-24T17:18:00Z,0.31308396810829686,3.44355037129419,3.756634339402487,0
2023-03-24T17:18:55Z,2023-03-24T17:19:00Z,0.5160665325975788,3.2277356093034424,3.7438021419010212,0
2023-03-24T17:18:55Z,2023-03-24T17:19:00Z,0.7662894884507496,2.9542073223764453,3.720496810827195,0
2023-03-24T17:18:55Z,2023-03-24T17:19:00Z,0.9013592866164686,2.782620817534953,3.6839801041514217,0
2023-03-24T17:18:55Z,2023-03-24T17:19:00Z,0.9990069063071485,2.631628894997123,3.6306358013042717,0
2023-03-24T17:18:55Z,2023-03-24T17:19:00Z,1.0522955845423412,2.5146264957792726,3.5669220803216137,0
2023-03-24T17:18:55Z,2023-03-24T17:19:00Z,1.0665788916582932,2.4274523825126533,3.4940312741709465,0
2023-03-24T17:18:55Z,2023-03-24T17:19:00Z,1.037240268525652,2.372525668492782,3.409765937018434,0
2023-03-24T17:18:55Z,2023-03-24T17:19:00Z,0.9378574814645533,2.3837917299961187,3.321649211460672,0
2023-03-24T17:18:55Z,2023-03-24T17:19:00Z,0.833616769517239,2.3963326009742993,3.2299493704915383,0
2023-03-24T17:18:55Z,2023-03-24T17:19:00Z,0.7548425194936548,2.3850763666210844,3.139918886114739,0
2023-03-24T17:18:55Z,2023-03-24T17:19:00Z,0.684882616709555,2.3667814116841557,3.0516640283937106,0
2023-03-24T17:18:55Z,2023-03-24T17:19:00Z,0.6013010339097611,2.3599603105550706,2.9612613444648317,0
2023-03-24T17:19:55Z,2023-03-24T17:20:00Z,0.46884764635608445,2.400060731009165,2.8689083773652495,0
2023-03-24T17:19:55Z,2023-03-24T17:20:00Z,0.23663176722123236,2.537451203700128,2.7740829709213606,0
2023-03-24T17:19:55Z,2023-03-24T17:20:00Z,0.017763840912862428,2.6670166926944487,2.684780533607311,0
2023-03-24T17:19:55Z,2023-03-24T17:20:00Z,0.2053933306916691,2.8176467918137282,2.612253461122059,0
2023-03-24T17:19:55Z,2023-03-24T17:20:00Z,0.40938776221216466,2.969872311427574,2.5604845492154094,0
2023-03-24T17:19:55Z,2023-03-24T17:20:00Z,0.5691061038077048,3.1022513985237996,2.533145294716095,0
2023-03-24T17:19:55Z,2023-03-24T17:20:00Z,0.7618603766214269,3.296050003940931,2.534189627319504,0
2023-03-24T17:19:55Z,2023-03-24T17:20:00Z,0.9166383389562789,3.472136671675039,2.55549833271876,0
2023-03-24T17:19:55Z,2023-03-24T17:20:00Z,0.9882941511049466,3.588087224419961,2.5997930733150145,0
2023-03-24T17:19:55Z,2023-03-24T17:20:00Z,0.9655579863207335,3.6291850713621323,2.663627085041399,0
2023-03-24T17:19:55Z,2023-03-24T17:20:00Z,0.8766861163993682,3.6176888575679205,2.7410027411685522,0
2023-03-24T17:19:55Z,2023-03-24T17:20:00Z,0.7505165175787658,3.5752965522719413,2.8247800346931755,0
2023-03-24T17:20:55Z,2023-03-24T17:21:00Z,0.6332037008289193,3.5402435440268816,2.9070398431979623,0
2023-03-24T17:20:55Z,2023-03-24T17:21:00Z,0.5571789981406248,3.5428164380917635,2.9856374399511387,0
2023-03-24T17:20:55Z,2023-03-24T17:21:00Z,0.4995506407347645,3.5621992258462893,3.062648585111525,0
2023-03-24T17:20:55Z,2023-03-24T17:21:00Z,0.4061152405439983,3.547166160749364,3.1410509202053656,0
2023-03-24T17:20:55Z,2023-03-24T17:21:00Z,0.30935360491529185,3.5305537861400724,3.2212001812247806,0
2023-03-24T17:20:55Z,2023-03-24T17:21:00Z,0.24081792195801643,3.53849179849881,3.2976738765407934,0
2023-03-24T17:20:55Z,2023-03-24T17:21:00Z,0.2198747995373025,3.5837555149074256,3.363880715370123,0
2023-03-24T17:20:55Z,2023-03-24T17:21:00Z,0.1710284938071478,3.5930075495642284,3.4219790557570806,0
2023-03-24T17:20:55Z,2023-03-24T17:21:00Z,0.12409541742500307,3.5971483880549973,3.473052970629994,0
2023-03-24T17:20:55Z,2023-03-24T17:21:00Z,0.07949230438153743,3.5940876242206414,3.514595319839104,0
2023-03-24T17:20:55Z,2023-03-24T17:21:00Z,0.03433498617327091,3.581923438647788,3.547588452474517,0
2023-03-24T17:20:55Z,2023-03-24T17:21:00Z,0.009948823634180037,3.5774064507940113,3.5674576271598313,0
2023-03-24T17:21:55Z,2023-03-24T17:22:00Z,0.01118858194363792,3.5635881630143764,3.5747767449580143,0
2023-03-24T17:21:55Z,2023-03-24T17:22:00Z,0.005895763805909393,3.57996045718886,3.5740646933829505,0
2023-03-24T17:21:55Z,2023-03-24T17:22:00Z,0.004663545998604857,3.5650280201611624,3.5696915661597672,0
2023-03-24T17:21:55Z,2023-03-24T17:22:00Z,0.005887648100861398,3.5730639875686916,3.56717633946783,0
2023-03-24T17:21:55Z,2023-03-24T17:22:00Z,0.040071810975362165,3.6065635816358066,3.5664917706604444,0
2023-03-24T17:21:55Z,2023-03-24T17:22:00Z,0.039968786019165314,3.6086485862490645,3.568679800229899,0
2023-03-24T17:21:55Z,2023-03-24T17:22:00Z,0.016515605166094183,3.589445214965596,3.572929609799502,0
2023-03-24T17:21:55Z,2023-03-24T17:22:00Z,0.016756344691676972,3.592782578518031,3.576026233826354,0
2023-03-24T17:21:55Z,2023-03-24T17:22:00Z,0.001937110205567194,3.5769077272352017,3.578844837440769,0
2023-03-24T17:21:55Z,2023-03-24T17:22:00Z,0.025630830081472045,3.6086242536807718,3.5829934235992997,0
2023-03-24T17:21:55Z,2023-03-24T17:22:00Z,0.004828591154476758,3.5807258943605826,3.5855544855150594,0
2023-03-24T17:21:55Z,2023-03-24T17:22:00Z,0.01718260782117209,3.57002979361211,3.5872124014332822,0
2023-03-24T17:22:55Z,2023-03-24T17:23:00Z,0.01573820726008579,3.57065541715962,3.586393624419706,0
2023-03-24T17:22:55Z,2023-03-24T17:23:00Z,0.04341133459970692,3.5411743835238063,3.5845857181235132,0
2023-03-24T17:22:55Z,2023-03-24T17:23:00Z,0.0768805235120289,3.506143047474083,3.583023570986112,0
2023-03-24T17:22:55Z,2023-03-24T17:23:00Z,0.09440166315540122,3.485905304155778,3.5803069673111794,0
2023-03-24T17:22:55Z,2023-03-24T17:23:00Z,0.06544952214915822,3.510106551607359,3.575556073756517,0
2023-03-24T17:22:55Z,2023-03-24T17:23:00Z,0.06695529804763822,3.503421918451639,3.5703772164992773,0
2023-03-24T17:22:55Z,2023-03-24T17:23:00Z,0.04103149812983098,3.5246887913306795,3.5657202894605105,0
2023-03-24T17:22:55Z,2023-03-24T17:23:00Z,0.06081329150228054,3.500799924510929,3.5616132160132095,0
2023-03-24T17:22:55Z,2023-03-24T17:23:00Z,0.07278178798896118,3.4856064149417136,3.558388202930675,0
2023-03-24T17:22:55Z,2023-03-24T17:23:00Z,0.11431192447045335,3.43702536798523,3.5513372924556834,0
2023-03-24T17:22:55Z,2023-03-24T17:23:00Z,0.1003581265902529,3.4427763544449403,3.5431344810351932,0
2023-03-24T17:23:55Z,2023-03-24T17:24:00Z,0.10349186140272693,3.429481296500442,3.532973157903169,0
2023-03-24T17:23:55Z,2023-03-24T17:24:00Z,0.0976040378084102,3.4253687051565525,3.5229727429649627,0
2023-03-24T17:23:55Z,2023-03-24T17:24:00Z,0.10376909275775503,3.409375221491557,3.513144314249312,0
2023-03-24T17:23:55Z,2023-03-24T17:24:00Z,0.07663918743148024,3.42428809024955,3.50092727768103,0
2023-03-24T17:23:55Z,2023-03-24T17:24:00Z,0.055896568970881244,3.433607330518881,3.4895038994897623,0
2023-03-24T17:23:55Z,2023-03-24T17:24:00Z,0.10032707475574432,3.379460711176514,3.4797877859322583,0
2023-03-24T17:23:55Z,2023-03-24T17:24:00Z,0.06021113393560862,3.410440112887267,3.4706512468228756,0
2023-03-24T17:23:55Z,2023-03-24T17:24:00Z,0.07449830787841671,3.3853720274546397,3.4598703353330564,0
2023-03-24T17:23:55Z,2023-03-24T17:24:00Z,0.06822305592927247,3.3852670837646626,3.453490139693935,0
2023-03-24T17:23:55Z,2023-03-24T17:24:00Z,0.045834761880361174,3.4009531593668316,3.446787921247193,0
2023-03-24T17:23:55Z,2023-03-24T17:24:00Z,0.036182113531063376,3.4022831765266157,3.438465290057679,0
2023-03-24T17:23:55Z,2023-03-24T17:24:00Z,0.03844644083310822,3.3931875986189173,3.4316340394520255,0
2023-03-24T17:23:55Z,2023-03-24T17:24:00Z,0.03737668962304852,3.386096975508706,3.4234736651317546,0
2023-03-24T17:24:55Z,2023-03-24T17:25:00Z,0.030196347156339343,3.3861031629159477,3.416299510072287,0
2023-03-24T17:24:55Z,2023-03-24T17:25:00Z,0.004455105247188396,3.4052104421962315,3.40966554744342,0
2023-03-24T17:24:55Z,2023-03-24T17:25:00Z,0.004753129625240771,3.4110238633973755,3.4062707337721347,0
2023-03-24T17:24:55Z,2023-03-24T17:25:00Z,0.014985780298839124,3.4187521199210598,3.4037663396222206,0
2023-03-24T17:24:55Z,2023-03-24T17:25:00Z,0.016908778134145486,3.3856270659478707,3.402535844082016,0
2023-03-24T17:24:55Z,2023-03-24T17:25:00Z,0.05185237222032901,3.3502423661793213,3.4020947383996503,0
2023-03-24T17:24:55Z,2023-03-24T17:25:00Z,0.04792136802359348,3.352590160006478,3.4005115280300715,0
2023-03-24T17:24:55Z,2023-03-24T17:25:00Z,0.02814769017072294,3.3674274562546667,3.3955751464253896,0
2023-03-24T17:24:55Z,2023-03-24T17:25:00Z,0.020063254088269478,3.3701107476362933,3.3901740017245627,0
2023-03-24T17:24:55Z,2023-03-24T17:25:00Z,0.022197345960683457,3.36717443876909,3.3893717847297733,0
2023-03-24T17:24:55Z,2023-03-24T17:25:00Z,0.0033340614463770457,3.3900172218260853,3.3866831603797083,0
2023-03-24T17:24:55Z,2023-03-24T17:25:00Z,0.039578645859688066,3.4250486336603596,3.3854699878006715,0
2023-03-24T17:25:55Z,2023-03-24T17:26:00Z,0.04011731380961292,3.425903977481046,3.385786663671433,0
2023-03-24T17:25:55Z,2023-03-24T17:26:00Z,0.03260733093685797,3.420000359561193,3.3873930286243352,0
2023-03-24T17:25:55Z,2023-03-24T17:26:00Z,0.026392877017987537,3.415360625705951,3.3889677486879632,0
2023-03-24T17:25:55Z,2023-03-24T17:26:00Z,0.026248892036257132,3.4170041581203723,3.390755266084115,0
2023-03-24T17:25:55Z,2023-03-24T17:26:00Z,0.05750503081652125,3.450211206913786,3.3927061760972648,0
2023-03-24T17:25:55Z,2023-03-24T17:26:00Z,0.05211710005302894,3.4468833424972556,3.3947662424442266,0
2023-03-24T17:25:55Z,2023-03-24T17:26:00Z,0.04682646676897706,3.4445927601943738,3.3977662934253967,0
2023-03-24T17:25:55Z,2023-03-24T17:26:00Z,0.03915147506611616,3.439308400431505,3.4001569253653887,0
2023-03-24T17:25:55Z,2023-03-24T17:26:00Z,0.02615684035711663,3.4280364750740593,3.4018796347169427,0
2023-03-24T17:25:55Z,2023-03-24T17:26:00Z,0.030978502027999344,3.436436892377185,3.4054583903491857,0
2023-03-24T17:25:55Z,2023-03-24T17:26:00Z,0.015506194605528822,3.42615085888103,3.4106446642755013,0
2023-03-24T17:25:55Z,2023-03-24T17:26:00Z,0.0031010854766004847,3.413133360956948,3.4162344464335486,0
2023-03-24T17:26:55Z,2023-03-24T17:27:00Z,0.004730455102790021,3.4154188848391827,3.4201493399419727,0
2023-03-24T17:26:55Z,2023-03-24T17:27:00Z,0.005256564944638331,3.4282740791079878,3.4230175141633494,0
2023-03-24T17:26:55Z,2023-03-24T17:27:00Z,0.015325965211101078,3.4415597757791234,3.4262338105680223,0
2023-03-24T17:26:55Z,2023-03-24T17:27:00Z,0.006909450762909497,3.4356937184830585,3.428784267720149,0
2023-03-24T17:26:55Z,2023-03-24T17:27:00Z,0.021834529517771095,3.451719540045838,3.429885010528067,0
2023-03-24T17:26:55Z,2023-03-24T17:27:00Z,0.027664863283212604,3.4582025232114133,3.4305376599282007,0
2023-03-24T17:26:55Z,2023-03-24T17:27:00Z,0.02284741615859387,3.4554996881191045,3.4326522719605106,0
2023-03-24T17:26:55Z,2023-03-24T17:27:00Z,0.0332504187276883,3.468758817188563,3.4355083984608745,0
2023-03-24T17:26:55Z,2023-03-24T17:27:00Z,0.044172490082403204,3.4822472572098597,3.4380747671274565,0
2023-03-24T17:26:55Z,2023-03-24T17:27:00Z,0.03782651933457526,3.477137793813684,3.439311274479109,0
2023-03-24T17:26:55Z,2023-03-24T17:27:00Z,0.05445940597803656,3.4961282747713187,3.441668868793282,0
2023-03-24T17:26:55Z,2023-03-24T17:27:00Z,0.061456543090943505,3.505295080792179,3.4438385377012355,0
2023-03-24T17:27:55Z,2023-03-24T17:28:00Z,0.08439315467044883,3.532019683994339,3.44762652932389,0
2023-03-24T17:27:55Z,2023-03-24T17:28:00Z,0.08594007488866806,3.538717177927099,3.452777103038431,0
2023-03-24T17:27:55Z,2023-03-24T17:28:00Z,0.08246081198006205,3.541610101126304,3.459149289146242,0
2023-03-24T17:27:55Z,2023-03-24T17:28:00Z,0.08612170950489029,3.55277541992087,3.46665371041598,0
2023-03-24T17:27:55Z,2023-03-24T17:28:00Z,0.06321450117672,3.5384333276039905,3.4752188264272705,0
2023-03-24T17:27:55Z,2023-03-24T17:28:00Z,0.030320749320340123,3.5146966780863895,3.4843759287660494,0
2023-03-24T17:27:55Z,2023-03-24T17:28:00Z,0.017180134839447803,3.508900013505231,3.491719878665783,0
2023-03-24T17:27:55Z,2023-03-24T17:28:00Z,0.007001757671765585,3.5035974298246995,3.496595672152934,0
2023-03-24T17:27:55Z,2023-03-24T17:28:00Z,0.013219208747409006,3.5146953005684876,3.5014760918210786,0
2023-03-24T17:27:55Z,2023-03-24T17:28:00Z,0.01883646060904498,3.5237710784153813,3.5049346178063363,0
2023-03-24T17:27:55Z,2023-03-24T17:28:00Z,0.0006445971657820238,3.508056205797693,3.508700802963475,0
2023-03-24T17:28:55Z,2023-03-24T17:29:00Z,0.013005176881287106,3.5262574058645137,3.5132522289832266,0
2023-03-24T17:28:55Z,2023-03-24T17:29:00Z,0.0009476283624176851,3.514924426528084,3.515872054890502,0
2023-03-24T17:28:55Z,2023-03-24T17:29:00Z,0.00802497863958651,3.526831043440399,3.5188060648008124,0
2023-03-24T17:28:55Z,2023-03-24T17:29:00Z,0.024943577344811896,3.5462687509932502,3.5213251736484383,0
2023-03-24T17:28:55Z,2023-03-24T17:29:00Z,0.04929694735365331,3.572668972246697,3.523372024893044,0
2023-03-24T17:28:55Z,2023-03-24T17:29:00Z,0.09437016209829663,3.620473765004745,3.5261036029064483,0
2023-03-24T17:28:55Z,2023-03-24T17:29:00Z,0.14310174967400702,3.6719153051306126,3.5288135554566056,0
2023-03-24T17:28:55Z,2023-03-24T17:29:00Z,0.17146859442592488,3.70573258902104,3.5342639945951153,0
2023-03-24T17:28:55Z,2023-03-24T17:29:00Z,0.21421996529305742,3.75717097348846,3.5429510081954025,0
2023-03-24T17:28:55Z,2023-03-24T17:29:00Z,0.2462419792477153,3.799390132049796,3.5531481528020805,0
2023-03-24T17:28:55Z,2023-03-24T17:29:00Z,0.266488572515323,3.8342192350430353,3.5677306625277123,0
2023-03-24T17:28:55Z,2023-03-24T17:29:00Z,0.2759845394214677,3.8626947655467396,3.586710226125272,0
2023-03-24T17:28:55Z,2023-03-24T17:29:00Z,0.26550370974188864,3.8739018839696815,3.608398174227793,0
2023-03-24T17:29:55Z,2023-03-24T17:30:00Z,0.2366202477227004,3.8689582443319632,3.632337996609263,0
2023-03-24T17:29:55Z,2023-03-24T17:30:00Z,0.20104859953478726,3.857333701704129,3.656285102169342,0
2023-03-24T17:29:55Z,2023-03-24T17:30:00Z,0.1849979983208545,3.864295578217969,3.6792975798971144,0
2023-03-24T17:29:55Z,2023-03-24T17:30:00Z,0.16314872569205718,3.8657314719829334,3.7025827462908762,0
2023-03-24T17:29:55Z,2023-03-24T17:30:00Z,0.11796373215968847,3.843082356607462,3.7251186244477736,0
2023-03-24T17:29:55Z,2023-03-24T17:30:00Z,0.06193158284218736,3.8104373436536174,3.74850576081143,0
2023-03-24T17:29:55Z,2023-03-24T17:30:00Z,0.0020189788191573577,3.767570202870077,3.769589181689234,0
2023-03-24T17:29:55Z,2023-03-24T17:30:00Z,0.08387284480165524,3.7033275763982703,3.7872004211999255,0
2023-03-24T17:29:55Z,2023-03-24T17:30:00Z,0.12352632395921903,3.676667512615598,3.800193836574817,0
2023-03-24T17:29:55Z,2023-03-24T17:30:00Z,0.14630123643170911,3.6594161875693434,3.8057174240010525,0
2023-03-24T17:29:55Z,2023-03-24T17:30:00Z,0.15411226773070297,3.6519219701026815,3.8060342378333845,0
2023-03-24T17:29:55Z,2023-03-24T17:30:00Z,0.1851234831959121,3.6178229945406932,3.8029464777366053,0
2023-03-24T17:30:55Z,2023-03-24T17:31:00Z,0.1667689169281772,3.629160960582709,3.7959298775108863,0
2023-03-24T17:30:55Z,2023-03-24T17:31:00Z,0.17123273030694586,3.6125926713700007,3.7838254016769466,0
2023-03-24T17:30:55Z,2023-03-24T17:31:00Z,0.1863528675881727,3.5838019824580853,3.770154850046258,0
2023-03-24T17:30:55Z,2023-03-24T17:31:00Z,0.17975366081719457,3.573727716283948,3.7534813771011426,0
2023-03-24T17:30:55Z,2023-03-24T17:31:00Z,0.1800166794023479,3.554124704264688,3.734141383667036,0
2023-03-24T17:30:55Z,2023-03-24T17:31:00Z,0.15130974652629492,3.56314960193754,3.714459348463835,0
2023-03-24T17:30:55Z,2023-03-24T17:31:00Z,0.10789870006042612,3.586346715240779,3.694245415301205,0
2023-03-24T17:30:55Z,2023-03-24T17:31:00Z,0.04681559931593959,3.62735341756657,3.6741690168825096,0
2023-03-24T17:30:55Z,2023-03-24T17:31:00Z,0.012630092451344943,3.6681734588843775,3.6555433664330326,0
2023-03-24T17:30:55Z,2023-03-24T17:31:00Z,0.012135985319787768,3.6532974224834276,3.64116143716364,0
2023-03-24T17:30:55Z,2023-03-24T17:31:00Z,0.017770760619935988,3.64944793879896,3.631677178179024,0
2023-03-24T17:30:55Z,2023-03-24T17:31:00Z,0.004515032561646315,3.62857402538156,3.6240589928199136,0
2023-03-24T17:31:55Z,2023-03-24T17:32:00Z,0.023689726325540672,3.5967772906544186,3.6204670169799593,1
2023-03-24T17:31:55Z,2023-03-24T17:32:00Z,0.06335660837684687,3.5539041761208434,3.6172607844976903,1
2023-03-24T17:31:55Z,2023-03-24T17:32:00Z,0.12473463569237087,3.488350222344324,3.6130848580366948,1
2023-03-24T17:31:55Z,2023-03-24T17:32:00Z,0.1902188572032597,3.4163314812346464,3.606550338437906,1
2023-03-24T17:31:55Z,2023-03-24T17:32:00Z,0.2413725865751113,3.3565462337163705,3.597918820291482,1
2023-03-24T17:31:55Z,2023-03-24T17:32:00Z,0.32536702857188393,3.2583631597630607,3.5837301883349446,1
2023-03-24T17:31:55Z,2023-03-24T17:32:00Z,0.27750235374668186,3.28915807207802,3.566660425824702,1
2023-03-24T17:31:55Z,2023-03-24T17:32:00Z,0.20271770036009373,3.342246803951607,3.5449645043117006,1
2023-03-24T17:31:55Z,2023-03-24T17:32:00Z,0.1611277851841244,3.364865409513848,3.5259931946979726,1
2023-03-24T17:31:55Z,2023-03-24T17:32:00Z,0.1441947498291012,3.367673251514666,3.511868001343767,1
2023-03-24T17:31:55Z,2023-03-24T17:32:00Z,0.17175181898226688,3.32689723619992,3.4986490551821867,1
2023-03-24T17:32:55Z,2023-03-24T17:33:00Z,0.15199895174210099,3.332071872525012,3.484070824267113,1
2023-03-24T17:32:55Z,2023-03-24T17:33:00Z,0.14011018352054094,3.323930228655462,3.464040412176003,1
2023-03-24T17:32:55Z,2023-03-24T17:33:00Z,0.12873180545315943,3.3129018342988865,3.441633639752046,1
2023-03-24T17:32:55Z,2023-03-24T17:33:00Z,0.10720926881397386,3.312466558016207,3.419675826830181,1
2023-03-24T17:32:55Z,2023-03-24T17:33:00Z,0.10057375533644608,3.2966656645270636,3.3972394198635096,1
2023-03-24T17:32:55Z,2023-03-24T17:33:00Z,0.09785689046185775,3.2783086982439613,3.376165588705819,1
2023-03-24T17:32:55Z,2023-03-24T17:33:00Z,0.04960226140037838,3.3065558855636175,3.356158146963996,1
2023-03-24T17:32:55Z,2023-03-24T17:33:00Z,0.003959799400164776,3.3417449145057017,3.337785115105537,1
2023-03-24T17:32:55Z,2023-03-24T17:33:00Z,0.027205436705018737,3.3528709293585086,3.32566549265349,1
2023-03-24T17:32:55Z,2023-03-24T17:33:00Z,0.04793496053977098,3.368628015411331,3.32069305487156,1
2023-03-24T17:32:55Z,2023-03-24T17:33:00Z,0.034725690688746536,3.3551737252697826,3.320448034581036,1
2023-03-24T17:32:55Z,2023-03-24T17:33:00Z,0.030652427328098142,3.358451452285686,3.3277990249575877,1
2023-03-24T17:33:55Z,2023-03-24T17:34:00Z,0.03247222992550691,3.3646722984292117,3.3322000685037048,1
2023-03-24T17:33:55Z,2023-03-24T17:34:00Z,0.03570112041414042,3.3689814988067845,3.333280378392644,1
2023-03-24T17:33:55Z,2023-03-24T17:34:00Z,0.043962758873848706,3.3772302631941833,3.3332675043203346,1
2023-03-24T17:33:55Z,2023-03-24T17:34:00Z,0.05684956740990321,3.3902042882163785,3.3333547208064753,1
2023-03-24T17:33:55Z,2023-03-24T17:34:00Z,0.07735553168565756,3.4140657876250846,3.336710255939427,1
2023-03-24T17:33:55Z,2023-03-24T17:34:00Z,0.13772342042823027,3.4783091707470812,3.340585750318851,1
2023-03-24T17:33:55Z,2023-03-24T17:34:00Z,0.18427003006110354,3.5308648176445963,3.3465947875834927,1
2023-03-24T17:33:55Z,2023-03-24T17:34:00Z,0.18125237505286096,3.5388743183995666,3.3576219433467056,1
2023-03-24T17:33:55Z,2023-03-24T17:34:00Z,0.1532540418185584,3.5254358691404906,3.372181827321932,1
2023-03-24T17:33:55Z,2023-03-24T17:34:00Z,0.12551989558995924,3.513848966503391,3.3883290709134317,1
2023-03-24T17:33:55Z,2023-03-24T17:34:00Z,0.09932251805258785,3.5041267336924546,3.404804215639867,1
2023-03-24T17:33:55Z,2023-03-24T17:34:00Z,0.07510122643687778,3.493724980806063,3.418623754369185,1
2023-03-24T17:33:55Z,2023-03-24T17:34:00Z,0.06490185608376908,3.494351065065404,3.429449208981635,1
2023-03-24T17:34:55Z,2023-03-24T17:35:00Z,0.04510900883583302,3.4839484879139717,3.4388394790781387,1
2023-03-24T17:34:55Z,2023-03-24T17:35:00Z,0.034558620248839045,3.4817796359705824,3.4472210157217433,1
2023-03-24T17:34:55Z,2023-03-24T17:35:00Z,0.006756420594779211,3.462562420492802,3.455805999898023,1
2023-03-24T17:34:55Z,2023-03-24T17:35:00Z,0.019407544625267725,3.4446203341850814,3.464027878810349,1
2023-03-24T17:34:55Z,2023-03-24T17:35:00Z,0.09688493639855134,3.373668950549371,3.4705538869479224,1
2023-03-24T17:34:55Z,2023-03-24T17:35:00Z,0.207885860137631,3.2677106158355107,3.4755964759731417,1
2023-03-24T17:34:55Z,2023-03-24T17:35:00Z,0.26890174725878424,3.2064573078713705,3.4753590551301548,1
2023-03-24T17:34:55Z,2023-03-24T17:35:00Z,0.27084557732595993,3.196347232978804,3.467192810304764,1
2023-03-24T17:34:55Z,2023-03-24T17:35:00Z,0.2451641844159469,3.208188060571902,3.453352244987849,1
2023-03-24T17:34:55Z,2023-03-24T17:35:00Z,0.21703179268096306,3.217522989789001,3.4345547824699643,1
2023-03-24T17:34:55Z,2023-03-24T17:35:00Z,0.17891060000817394,3.2341323986569437,3.4130429986651176,1
2023-03-24T17:35:55Z,2023-03-24T17:36:00Z,0.13569791000886378,3.2559216667488826,3.3916195767577464,1
2023-03-24T17:35:55Z,2023-03-24T17:36:00Z,0.09475374268700998,3.277445602705167,3.372199345392177,1
2023-03-24T17:35:55Z,2023-03-24T17:36:00Z,0.06493045979298584,3.2900737322822238,3.3550041920752096,1
2023-03-24T17:35:55Z,2023-03-24T17:36:00Z,0.028333057545184115,3.311559059130873,3.339892116676057,1
2023-03-24T17:35:55Z,2023-03-24T17:36:00Z,0.019223383592286147,3.3070919831821817,3.326315366774468,1
2023-03-24T17:35:55Z,2023-03-24T17:36:00Z,0.0077864307599742055,3.306342802285525,3.3141292330454992,1
2023-03-24T17:35:55Z,2023-03-24T17:36:00Z,0.02699075445502208,3.329329553851735,3.302338799396713,1
2023-03-24T17:35:55Z,2023-03-24T17:36:00Z,0.04947674924281831,3.3401197597271937,3.2906430104843754,1
2023-03-24T17:35:55Z,2023-03-24T17:36:00Z,0.07999751926865173,3.3617583386436234,3.2817608193749717,1
2023-03-24T17:35:55Z,2023-03-24T17:36:00Z,0.08703784370215573,3.3618319581132687,3.274794114411113,1
2023-03-24T17:35:55Z,2023-03-24T17:36:00Z,0.12747447010609259,3.401474543723489,3.274000073617396,1
2023-03-24T17:35:55Z,2023-03-24T17:36:00Z,0.15259401050865717,3.432868840277904,3.280274829769247,1
2023-03-24T17:35:55Z,2023-03-24T17:36:00Z,0.11375892703719703,3.4070349058632514,3.2932759788260544,1
2023-03-24T17:36:55Z,2023-03-24T17:37:00Z,0.08777578557728205,3.39681987155661,3.3090440859793278,1
2023-03-24T17:36:55Z,2023-03-24T17:37:00Z,0.06467814565448737,3.3869786879865718,3.3223005423320844,1
2023-03-24T17:36:55Z,2023-03-24T17:37:00Z,0.040852379688432805,3.3751060474716907,3.334253667783258,1
2023-03-24T17:36:55Z,2023-03-24T17:37:00Z,0.025497459257602717,3.369940879662836,3.3444434204052333,1
2023-03-24T17:36:55Z,2023-03-24T17:37:00Z,0.00642918597128217,3.3588182317580353,3.352389045786753,1
2023-03-24T17:36:55Z,2023-03-24T17:37:00Z,0.013935424361910531,3.344619973222021,3.3585553975839315,1
2023-03-24T17:36:55Z,2023-03-24T17:37:00Z,0.030036169147112712,3.3331021950685393,3.363138364215652,1
2023-03-24T17:36:55Z,2023-03-24T17:37:00Z,0.038107598142978816,3.327234827012084,3.3653424251550628,1
2023-03-24T17:36:55Z,2023-03-24T17:37:00Z,0.029774188048770522,3.337302251232049,3.3670764392808197,1
2023-03-24T17:36:55Z,2023-03-24T17:37:00Z,0.057918084373822065,3.310551156555435,3.368469240929257,1
2023-03-24T17:36:55Z,2023-03-24T17:37:00Z,0.10049770639566002,3.2685030476922843,3.3690007540879443,1
2023-03-24T17:37:55Z,2023-03-24T17:38:00Z,0.09107202723377039,3.2759574866427235,3.367029513876494,1
2023-03-24T17:37:55Z,2023-03-24T17:38:00Z,0.08200469960779477,3.2788077948719434,3.360812494479738,1
2023-03-24T17:37:55Z,2023-03-24T17:38:00Z,0.07853064529065401,3.2765568844243806,3.3550875297150347,1
2023-03-24T17:37:55Z,2023-03-24T17:38:00Z,0.05673114582312966,3.2901786006351355,3.346909746458265,1
2023-03-24T17:37:55Z,2023-03-24T17:38:00Z,0.02761488299336623,3.3088740664079976,3.336488949401364,1
2023-03-24T17:37:55Z,2023-03-24T17:38:00Z,0.005249613979240841,3.323448915073582,3.328698529052823,1
2023-03-24T17:37:55Z,2023-03-24T17:38:00Z,0.00723841378493395,3.3155970615913146,3.3228354753762486,1
2023-03-24T17:37:55Z,2023-03-24T17:38:00Z,0.011342417976998753,3.3072577392050504,3.318600157182049,1
2023-03-24T17:37:55Z,2023-03-24T17:38:00Z,0.017088839814885404,3.2975440516418053,3.3146328914566907,1
2023-03-24T17:37:55Z,2023-03-24T17:38:00Z,0.006992039373345804,3.303461976052826,3.310454015426172,1
2023-03-24T17:37:55Z,2023-03-24T17:38:00Z,0.0069878032848871285,3.2993812668002027,3.30636907008509,1
2023-03-24T17:37:55Z,2023-03-24T17:38:00Z,0.009954764227217527,3.2936704393799254,3.303625203607143,1
2023-03-24T17:37:55Z,2023-03-24T17:38:00Z,0.021928304113451258,3.279448837609136,3.3013771417225874,1
2023-03-24T17:38:55Z,2023-03-24T17:39:00Z,0.021386497873554955,3.277753018006888,3.299139515880443,1
2023-03-24T17:38:55Z,2023-03-24T17:39:00Z,0.026878976869181503,3.322161598508098,3.2952826216389166,1
2023-03-24T17:38:55Z,2023-03-24T17:39:00Z,0.020789286870766865,3.3138853659397802,3.2930960790690134,1
2023-03-24T17:38:55Z,2023-03-24T17:39:00Z,0.025602875898171007,3.322276191688238,3.296673315790067,1
2023-03-24T17:38:55Z,2023-03-24T17:39:00Z,0.023683290694137327,3.322885131770675,3.299201841076538,1
2023-03-24T17:38:55Z,2023-03-24T17:39:00Z,0.02611534877118027,3.328215082968805,3.3020997341976246,1
2023-03-24T17:38:55Z,2023-03-24T17:39:00Z,0.025398700204581903,3.330586984225292,3.3051882840207103,1
2023-03-24T17:38:55Z,2023-03-24T17:39:00Z,0.025091561054844114,3.332815610564466,3.307724049509622,1
2023-03-24T17:38:55Z,2023-03-24T17:39:00Z,0.019170365605973405,3.3283419429700816,3.309171577364108,1
2023-03-24T17:38:55Z,2023-03-24T17:39:00Z,0.02611892877459354,3.3359149525047602,3.3097960237301667,1
2023-03-24T17:38:55Z,2023-03-24T17:39:00Z,0.06919450121609083,3.379840183704842,3.3106456824887514,1
2023-03-24T17:38:55Z,2023-03-24T17:39:00Z,0.08659016252046836,3.399146325895867,3.312556163375399,1
2023-03-24T17:39:55Z,2023-03-24T17:40:00Z,0.08943878447253972,3.407481356652141,3.318042572179601,1
2023-03-24T17:39:55Z,2023-03-24T17:40:00Z,0.04519677773422126,3.3696183065700254,3.324421528835804,1
2023-03-24T17:39:55Z,2023-03-24T17:40:00Z,0.03425021814983831,3.365878419642438,3.3316282014925998,1
2023-03-24T17:39:55Z,2023-03-24T17:40:00Z,0.024241251775294792,3.3609326444139014,3.3366913926386066,1
2023-03-24T17:39:55Z,2023-03-24T17:40:00Z,0.017518143939602382,3.359971508713762,3.3424533647741597,1
2023-03-24T17:39:55Z,2023-03-24T17:40:00Z,0.018407804605505618,3.3664064778068,3.3479986732012943,1
2023-03-24T17:39:55Z,2023-03-24T17:40:00Z,0.030253561367974857,3.3807728952496463,3.3505193338816714,1
2023-03-24T17:39:55Z,2023-03-24T17:40:00Z,0.04113344360525151,3.395154184944724,3.3540207413394727,1
2023-03-24T17:39:55Z,2023-03-24T17:40:00Z,0.06383215112228857,3.4217526726991885,3.3579205215769,1
2023-03-24T17:39:55Z,2023-03-24T17:40:00Z,0.057064899019637405,3.419803357474807,3.3627384584551696,1
2023-03-24T17:39:55Z,2023-03-24T17:40:00Z,0.009644036638254416,3.359330261132275,3.3689742977705293,1
2023-03-24T17:39:55Z,2023-03-24T17:40:00Z,0.04907066507764046,3.325851390909522,3.3749220559871627,1
2023-03-24T17:40:55Z,2023-03-24T17:41:00Z,0.06985680868387911,3.3068328906744715,3.3766896993583506,1
2023-03-24T17:40:55Z,2023-03-24T17:41:00Z,0.10271792533608304,3.27380573721823,3.376523662554313,1
2023-03-24T17:40:55Z,2023-03-24T17:41:00Z,0.132298751805612,3.2422861066266813,3.3745848584322933,1
2023-03-24T17:40:55Z,2023-03-24T17:41:00Z,0.15592851699276356,3.2115873783404223,3.367515895333186,1
2023-03-24T17:40:55Z,2023-03-24T17:41:00Z,0.16732164474616162,3.189736902635746,3.3570585473819077,1
2023-03-24T17:40:55Z,2023-03-24T17:41:00Z,0.17433032808843762,3.1696686207393556,3.3439989488277932,1
2023-03-24T17:40:55Z,2023-03-24T17:41:00Z,0.17429306673621614,3.157713788495958,3.332006855232174,1
2023-03-24T17:40:55Z,2023-03-24T17:41:00Z,0.18363625177179044,3.1352899502001788,3.318926201971969,1
2023-03-24T17:40:55Z,2023-03-24T17:41:00Z,0.2382581275700213,3.067120150674085,3.305378278244106,1
2023-03-24T17:40:55Z,2023-03-24T17:41:00Z,0.2425483708518139,3.04785113682472,3.290399507676534,1
2023-03-24T17:40:55Z,2023-03-24T17:41:00Z,0.2544172018539834,3.016029884013703,3.2704470858676866,1
2023-03-24T17:40:55Z,2023-03-24T17:41:00Z,0.2485571929484962,2.9996951090241954,3.2482523019726917,1
2023-03-24T17:41:55Z,2023-03-24T17:42:00Z,0.23786261718243296,2.985114731394857,3.22297734857729,1
2023-03-24T17:41:55Z,2023-03-24T17:42:00Z,0.22794040706780594,2.9668997705978177,3.1948401776656237,1
2023-03-24T17:41:55Z,2023-03-24T17:42:00Z,0.20595140269411694,2.9599095332328433,3.1658609359269603,1
2023-03-24T17:41:55Z,2023-03-24T17:42:00Z,0.19670472128825134,2.942994181936412,3.139698903224663,1
2023-03-24T17:41:55Z,2023-03-24T17:42:00Z,0.1812740174638443,2.9340287619157075,3.115302779379552,1
2023-03-24T17:41:55Z,2023-03-24T17:42:00Z,0.17385371149678397,2.917193153966897,3.091046865463681,1
2023-03-24T17:41:55Z,2023-03-24T17:42:00Z,0.17997634200537815,2.8884187251048012,3.0683950671101794,1
2023-03-24T17:41:55Z,2023-03-24T17:42:00Z,0.15681984166975793,2.889902361929769,3.046722203599527,1
2023-03-24T17:41:55Z,2023-03-24T17:42:00Z,0.13383405926458858,2.891343567452563,3.0251776267171517,1
2023-03-24T17:41:55Z,2023-03-24T17:42:00Z,0.1371906058659027,2.8679980514708503,3.005188657336753,1
2023-03-24T17:41:55Z,2023-03-24T17:42:00Z,0.1256443078807732,2.860989345903528,2.9866336537843012,1
2023-03-24T17:41:55Z,2023-03-24T17:42:00Z,0.10943923521202414,2.857880036103936,2.96731927131596,1
2023-03-24T17:42:55Z,2023-03-24T17:43:00Z,0.07557930769280796,2.873453256670042,2.94903256436285,1
2023-03-24T17:42:55Z,2023-03-24T17:43:00Z,0.053788684072252124,2.8812945393192546,2.9350832233915067,1
2023-03-24T17:42:55Z,2023-03-24T17:43:00Z,0.051275443032576806,2.8721812550152848,2.9234566980478616,1
2023-03-24T17:42:55Z,2023-03-24T17:43:00Z,0.06889921918578068,2.8455751225491173,2.914474341734898,1
2023-03-24T17:42:55Z,2023-03-24T17:43:00Z,0.08702127687207017,2.818952141262234,2.905973418134304,1
2023-03-24T17:42:55Z,2023-03-24T17:43:00Z,0.07631782964835354,2.820352947896234,2.8966707775445877,1
2023-03-24T17:42:55Z,2023-03-24T17:43:00Z,0.01683366494781602,2.869973937307733,2.886807602255549,1
2023-03-24T17:42:55Z,2023-03-24T17:43:00Z,0.013172715465267437,2.8643311144345076,2.877503829899775,1
2023-03-24T17:42:55Z,2023-03-24T17:43:00Z,0.0047543219954078175,2.8773901355866043,2.8726358135911965,1
2023-03-24T17:42:55Z,2023-03-24T17:43:00Z,0.036615583414065345,2.904604887173182,2.8679893037591166,1
2023-03-24T17:42:55Z,2023-03-24T17:43:00Z,0.06425046854137317,2.929586237741803,2.86533576920043,1
2023-03-24T17:42:55Z,2023-03-24T17:43:00Z,0.05136897681079722,2.917783823482453,2.8664148466716557,1
2023-03-24T17:43:55Z,2023-03-24T17:44:00Z,0.006123455721415372,2.8629369826710427,2.869060438392458,1
2023-03-24T17:43:55Z,2023-03-24T17:44:00Z,0.0473262509632848,2.9181493730910684,2.8708231221277836,1
2023-03-24T17:43:55Z,2023-03-24T17:44:00Z,0.03179168302527957,2.90227740056641,2.8704857175411305,1
2023-03-24T17:43:55Z,2023-03-24T17:44:00Z,0.023575628824254125,2.897872014844554,2.8742963860203,1
2023-03-24T17:43:55Z,2023-03-24T17:44:00Z,0.007127763022132694,2.884383973339931,2.8772562103177983,1
2023-03-24T17:43:55Z,2023-03-24T17:44:00Z,0.019552751208674835,2.8593313763207573,2.878884127529432,1
2023-03-24T17:43:55Z,2023-03-24T17:44:00Z,0.0836183766106493,2.795471713186828,2.879090089797477,1
2023-03-24T17:43:55Z,2023-03-24T17:44:00Z,0.12834643086591324,2.749887000351929,2.878233431217842,1
2023-03-24T17:43:55Z,2023-03-24T17:44:00Z,0.19519843289023564,2.6796947710367873,2.874893203927023,1
2023-03-24T17:43:55Z,2023-03-24T17:44:00Z,0.23214541330430372,2.6381434478953656,2.8702888611996693,1
2023-03-24T17:43:55Z,2023-03-24T17:44:00Z,0.2534382696301507,2.607473379778889,2.8609116494090396,1
2023-03-24T17:44:55Z,2023-03-24T17:45:00Z,0.2493453085708608,2.5961109748773543,2.845456283448215,1
2023-03-24T17:44:55Z,2023-03-24T17:45:00Z,0.23843624826688892,2.5898961862042844,2.8283324344711733,1
2023-03-24T17:44:55Z,2023-03-24T17:45:00Z,0.28458637059821656,2.524994119825674,2.8095804904238904,1
2023-03-24T17:44:55Z,2023-03-24T17:45:00Z,0.2765368474499099,2.512063062909387,2.788599910359297,1
2023-03-24T17:44:55Z,2023-03-24T17:45:00Z,0.2552494180839764,2.5063776844142454,2.7616271024982217,1
2023-03-24T17:44:55Z,2023-03-24T17:45:00Z,0.22670034991820875,2.507878701875142,2.7345790517933506,1
2023-03-24T17:44:55Z,2023-03-24T17:45:00Z,0.22738132525934862,2.483427106650215,2.7108084319095638,1
2023-03-24T17:44:55Z,2023-03-24T17:45:00Z,0.23485126779274035,2.448605786035762,2.6834570538285023,1
2023-03-24T17:44:55Z,2023-03-24T17:45:00Z,0.2604459205983889,2.3950877803023674,2.6555337009007562,1
2023-03-24T17:44:55Z,2023-03-24T17:45:00Z,0.2622323688138555,2.363350250166315,2.6255826189801703,1
2023-03-24T17:44:55Z,2023-03-24T17:45:00Z,0.27362500374690013,2.3193378690307664,2.5929628727776666,1
2023-03-24T17:44:55Z,2023-03-24T17:45:00Z,0.3163551406073899,2.24354232375998,2.5598974643673698,1
2023-03-24T17:45:55Z,2023-03-24T17:46:00Z,0.43374674860067763,2.094408459489621,2.5281552080902987,1
2023-03-24T17:45:55Z,2023-03-24T17:46:00Z,0.5538570654929762,1.9405418308245266,2.494398896317503,1
2023-03-24T17:45:55Z,2023-03-24T17:46:00Z,0.6451547392546735,1.8102250696263515,2.455379808881025,1
2023-03-24T17:45:55Z,2023-03-24T17:46:00Z,0.6898345343231309,1.719038500086505,2.408873034409636,1
2023-03-24T17:45:55Z,2023-03-24T17:46:00Z,0.7398688410186129,1.6158543060475195,2.3557231470661324,1
2023-03-24T17:45:55Z,2023-03-24T17:46:00Z,0.7432859200782829,1.5539657286684598,2.2972516487467427,1
2023-03-24T17:45:55Z,2023-03-24T17:46:00Z,0.652878188747563,1.5794373346553956,2.2323155234029586,1
2023-03-24T17:45:55Z,2023-03-24T17:46:00Z,0.5396948050473389,1.6278854922784718,2.1675802973258107,1
2023-03-24T17:45:55Z,2023-03-24T17:46:00Z,0.4058524880976824,1.6995527606778624,2.105405248775545,1
2023-03-24T17:45:55Z,2023-03-24T17:46:00Z,0.2719030210788693,1.7749360815542907,2.04683910263316,1
2023-03-24T17:45:55Z,2023-03-24T17:46:00Z,0.13915318040369873,1.8537975261496427,1.9929507065533414,1
2023-03-24T17:45:55Z,2023-03-24T17:46:00Z,0.007628214918445897,1.9533461864653923,1.9457179715469464,1
2023-03-24T17:46:55Z,2023-03-24T17:47:00Z,0.23739326014537876,2.143457347699917,1.9060640875545383,0
2023-03-24T17:46:55Z,2023-03-24T17:47:00Z,0.5723275308022384,2.448942178767645,1.8766146479654064,0
2023-03-24T17:46:55Z,2023-03-24T17:47:00Z,0.9999676681363177,2.8619227892706314,1.8619551211343137,0
2023-03-24T17:46:55Z,2023-03-24T17:47:00Z,1.4504119092825614,3.3210073177326667,1.8705954084501053,0
2023-03-24T17:46:55Z,2023-03-24T17:47:00Z,1.8225962686845074,3.7344170415019895,1.911820772817482,0
2023-03-24T17:46:55Z,2023-03-24T17:47:00Z,1.6783077616966775,3.6719017917303627,1.9935940300336852,0
2023-03-24T17:46:55Z,2023-03-24T17:47:00Z,1.533373434240418,3.646559144985934,2.113185710745516,0
2023-03-24T17:46:55Z,2023-03-24T17:47:00Z,1.4367692613679641,3.6740667535870806,2.2372974922191164,0
2023-03-24T17:46:55Z,2023-03-24T17:47:00Z,1.3473148687107943,3.7131137372565397,2.3657988685457454,0
2023-03-24T17:46:55Z,2023-03-24T17:47:00Z,1.2229571070413572,3.725970138756407,2.50301303171505,0
2023-03-24T17:46:55Z,2023-03-24T17:47:00Z,1.0857989838796613,3.732755216167249,2.6469562322875877,0
2023-03-24T17:46:55Z,2023-03-24T17:47:00Z,0.9455312988857125,3.735589718113368,2.7900584192276554,0
2023-03-24T17:47:55Z,2023-03-24T17:48:00Z,0.8277572598131466,3.758140327300054,2.9303830674869076,0
2023-03-24T17:47:55Z,2023-03-24T17:48:00Z,0.6974316081187419,3.7635504727680167,3.0661188646492747,0
2023-03-24T17:47:55Z,2023-03-24T17:48:00Z,0.5754150270520011,3.7737475080843264,3.1983324810323253,0
2023-03-24T17:47:55Z,2023-03-24T17:48:00Z,0.44476363048831935,3.770412974628536,3.3256493441402166,0
2023-03-24T17:47:55Z,2023-03-24T17:48:00Z,0.3110592965030645,3.7580687287512102,3.4470094322481457,0
2023-03-24T17:47:55Z,2023-03-24T17:48:00Z,0.20657943444653704,3.762052575156591,3.555473140710054,0
2023-03-24T17:47:55Z,2023-03-24T17:48:00Z,0.12448818264294381,3.7672364266852356,3.642748244042292,0
2023-03-24T17:47:55Z,2023-03-24T17:48:00Z,0.05329873049060385,3.7560556269252925,3.7027568964346886,0
2023-03-24T17:47:55Z,2023-03-24T17:48:00Z,0.023745906524677896,3.756251410222871,3.732505503698193,0
2023-03-24T17:47:55Z,2023-03-24T17:48:00Z,0.011137323525060694,3.745085399584808,3.733948076059747,0
2023-03-24T17:47:55Z,2023-03-24T17:48:00Z,0.012194904992636868,3.7273764789666104,3.7395713839592473,0
2023-03-24T17:47:55Z,2023-03-24T17:48:00Z,0.014588012788239624,3.7315517881442664,3.746139800932506,0
2023-03-24T17:47:55Z,2023-03-24T17:48:00Z,0.043031384279332396,3.7066623983451423,3.7496937826244747,0
2023-03-24T17:48:55Z,2023-03-24T17:49:00Z,0.053828097704654354,3.6970948883123356,3.75092298601699,0
2023-03-24T17:48:55Z,2023-03-24T17:49:00Z,0.05305081159142322,3.6965849917314824,3.7496358033229056,0
2023-03-24T17:48:55Z,2023-03-24T17:49:00Z,0.03881716832894755,3.7084412798036306,3.747258448132578,0
2023-03-24T17:48:55Z,2023-03-24T17:49:00Z,0.0452219111008878,3.6994362219395645,3.7446581330404523,0
2023-03-24T17:48:55Z,2023-03-24T17:49:00Z,0.053423756592451355,3.687921106614906,3.7413448632073574,0
2023-03-24T17:48:55Z,2023-03-24T17:49:00Z,0.03077660550365202,3.7062939743151415,3.7370705798187935,0
2023-03-24T17:48:55Z,2023-03-24T17:49:00Z,0.01625378474557504,3.7150950349752576,3.7313488197208327,0
2023-03-24T17:48:55Z,2023-03-24T17:49:00Z,0.026358683818762163,3.7007155358811774,3.7270742196999396,0
2023-03-24T17:48:55Z,2023-03-24T17:49:00Z,0.019814326231744506,3.7043949805497984,3.724209306781543,0
2023-03-24T17:48:55Z,2023-03-24T17:49:00Z,0.007509090123657636,3.712611080706191,3.7201201708298486,0
2023-03-24T17:48:55Z,2023-03-24T17:49:00Z,0.0011332409007289712,3.7147975001867573,3.7159307410874862,0
2023-03-24T17:48:55Z,2023-03-24T17:49:00Z,0.004208002531054245,3.717242440537267,3.7130344380062126,0
2023-03-24T17:49:55Z,2023-03-24T17:50:00Z,0.0004492482225164629,3.709821595781288,3.7102708440038046,0
2023-03-24T17:49:55Z,2023-03-24T17:50:00Z,0.0016544331311352245,3.7067602136028337,3.708414646733969,0
2023-03-24T17:49:55Z,2023-03-24T17:50:00Z,0.019341347815712062,3.687902973372568,3.70724432118828,0
2023-03-24T17:49:55Z,2023-03-24T17:50:00Z,0.008886652412046114,3.6967048971401386,3.7055915495521847,0
2023-03-24T17:49:55Z,2023-03-24T17:50:00Z,0.01669612860770986,3.6876447926129696,3.7043409212206795,0
2023-03-24T17:49:55Z,2023-03-24T17:50:00Z,0.04065658912448056,3.663658332684719,3.7043149218091997,0
2023-03-24T17:49:55Z,2023-03-24T17:50:00Z,0.07732697496570662,3.6263919335689256,3.7037189085346323,0
2023-03-24T17:49:55Z,2023-03-24T17:50:00Z,0.10055401829917132,3.6001793604275334,3.7007333787267047,0
2023-03-24T17:49:55Z,2023-03-24T17:50:00Z,0.09111246755425739,3.6047512919477382,3.6958637595019956,0
2023-03-24T17:49:55Z,2023-03-24T17:50:00Z,0.10160523021671031,3.5884090795394603,3.6900143097561706,0
2023-03-24T17:49:55Z,2023-03-24T17:50:00Z,0.1136076399862116,3.569637157612132,3.6832447975983436,0
2023-03-24T17:49:55Z,2023-03-24T17:50:00Z,0.11342693964726758,3.56137212758869,3.6747990672359574,0
2023-03-24T17:50:55Z,2023-03-24T17:51:00Z,0.1227697038015596,3.5432908048831284,3.666060508684688,0
2023-03-24T17:50:55Z,2023-03-24T17:51:00Z,0.1367791133755465,3.5197465384450677,3.656525651820614,0
2023-03-24T17:50:55Z,2023-03-24T17:51:00Z,0.1399977770011409,3.505239856431269,3.64523763343241,0
2023-03-24T17:50:55Z,2023-03-24T17:51:00Z,0.15476989700500488,3.477464338977959,3.632234235982964,0
2023-03-24T17:50:55Z,2023-03-24T17:51:00Z,0.1514212615286552,3.4666794688472424,3.6181007303758976,0
2023-03-24T17:50:55Z,2023-03-24T17:51:00Z,0.1434671730974637,3.4591430734915454,3.602610246589009,0
2023-03-24T17:50:55Z,2023-03-24T17:51:00Z,0.13506233369156417,3.4515425299137386,3.5866048636053027,0
2023-03-24T17:50:55Z,2023-03-24T17:51:00Z,0.12027115356221918,3.451083050051015,3.571354203613234,0
2023-03-24T17:50:55Z,2023-03-24T17:51:00Z,0.08740191246410722,3.467608133334034,3.555010045798141,0
2023-03-24T17:50:55Z,2023-03-24T17:51:00Z,0.049843662529774235,3.4893956004309032,3.5392392629606775,0
2023-03-24T17:50:55Z,2023-03-24T17:51:00Z,0.050756503278863274,3.4754127463917683,3.5261692496706316,0
2023-03-24T17:50:55Z,2023-03-24T17:51:00Z,0.054763802430323416,3.4622723583644404,3.5170361607947638,0
2023-03-24T17:51:55Z,2023-03-24T17:52:00Z,0.0577143326757068,3.451004053850006,3.5087183865257128,0
2023-03-24T17:51:55Z,2023-03-24T17:52:00Z,0.05179189513933524,3.4474278958141573,3.4992197909534926,0
2023-03-24T17:51:55Z,2023-03-24T17:52:00Z,0.050307161833219816,3.4397522940743093,3.490059455907529,0
2023-03-24T17:51:55Z,2023-03-24T17:52:00Z,0.012686556046225483,3.4692256157414385,3.481912171787664,0
2023-03-24T17:51:55Z,2023-03-24T17:52:00Z,0.0107705004167582,3.463033682469947,3.4738041828867052,0
2023-03-24T17:51:55Z,2023-03-24T17:52:00Z,0.013185949311292688,3.4556805542993,3.4688665036105926,0
2023-03-24T17:51:55Z,2023-03-24T17:52:00Z,0.00010360951992627321,3.465189256065511,3.465085646545585,0
2023-03-24T17:51:55Z,2023-03-24T17:52:00Z,0.04693713661656895,3.508718829686689,3.46178169307012,0
2023-03-24T17:51:55Z,2023-03-24T17:52:00Z,0.0033923383877887403,3.4643556925970795,3.460963354209291,0
2023-03-24T17:51:55Z,2023-03-24T17:52:00Z,0.02721553427879675,3.436550443986457,3.4637659782652537,0
2023-03-24T17:51:55Z,2023-03-24T17:52:00Z,0.01043418271005736,3.4536793034955657,3.464113486205623,0
2023-03-24T17:51:55Z,2023-03-24T17:52:00Z,0.009124039596560607,3.45398997421391,3.4631140138104706,0
2023-03-24T17:52:55Z,2023-03-24T17:53:00Z,0.01213323445441894,3.47542033182786,3.463287097373441,0
2023-03-24T17:52:55Z,2023-03-24T17:53:00Z,0.011117814335625642,3.473497034434392,3.462379220098766,0
2023-03-24T17:52:55Z,2023-03-24T17:53:00Z,0.02397738637476099,3.4854249218999906,3.4614475355252297,0
2023-03-24T17:52:55Z,2023-03-24T17:53:00Z,0.0020920784969642447,3.459227742897774,3.461319821394738,0
2023-03-24T17:52:55Z,2023-03-24T17:53:00Z,0.010564529399130773,3.4522987962313105,3.4628633256304413,0
2023-03-24T17:52:55Z,2023-03-24T17:53:00Z,0.011046209731950807,3.4523653618350085,3.4634115715669593,0
2023-03-24T17:52:55Z,2023-03-24T17:53:00Z,0.020327176745029263,3.4434091215164067,3.463736298261436,0
2023-03-24T17:52:55Z,2023-03-24T17:53:00Z,0.09159477696023322,3.3729823924852496,3.4645771694454828,0
2023-03-24T17:52:55Z,2023-03-24T17:53:00Z,0.0864232376541465,3.376432832176333,3.4628560698304796,0
2023-03-24T17:52:55Z,2023-03-24T17:53:00Z,0.08097632993283943,3.375876320565327,3.4568526504981665,0
2023-03-24T17:52:55Z,2023-03-24T17:53:00Z,0.06384097629963792,3.387728492723664,3.451569469023302,0
2023-03-24T17:52:55Z,2023-03-24T17:53:00Z,0.06492304449639175,3.3806922288268986,3.4456152733232903,0
2023-03-24T17:53:55Z,2023-03-24T17:54:00Z,0.07381558527259324,3.363733665586496,3.4375492508590892,0
2023-03-24T17:53:55Z,2023-03-24T17:54:00Z,0.0697461658544789,3.3622255207532645,3.4319716866077434,0
2023-03-24T17:53:55Z,2023-03-24T17:54:00Z,0.06472164811491066,3.3623955865995026,3.427117234714413,0
2023-03-24T17:53:55Z,2023-03-24T17:54:00Z,0.06810857065135911,3.352911745213566,3.4210203158649253,0
2023-03-24T17:53:55Z,2023-03-24T17:54:00Z,0.039126736986558,3.3757872863707403,3.4149140233572983,0
2023-03-24T17:53:55Z,2023-03-24T17:54:00Z,0.04409212293458342,3.362654661315095,3.4067467842496786,0
2023-03-24T17:53:55Z,2023-03-24T17:54:00Z,0.03794164216619311,3.362291158879242,3.4002328010454352,0
2023-03-24T17:53:55Z,2023-03-24T17:54:00Z,0.01990576384016718,3.372142353166275,3.3920481170064423,0
2023-03-24T17:53:55Z,2023-03-24T17:54:00Z,0.0257805462521552,3.359805131819719,3.385585678071874,0
2023-03-24T17:53:55Z,2023-03-24T17:54:00Z,0.04256058305549404,3.3376813321453773,3.3802419152008714,0
2023-03-24T17:53:55Z,2023-03-24T17:54:00Z,0.06704182880495191,3.3070294043949002,3.374071233199852,0
2023-03-24T17:53:55Z,2023-03-24T17:54:00Z,0.04995417448895756,3.3170685394194925,3.36702271390845,0
2023-03-24T17:54:55Z,2023-03-24T17:55:00Z,0.04188723374989056,3.32073861428587,3.3626258480357607,0
2023-03-24T17:54:55Z,2023-03-24T17:55:00Z,0.045914003511009494,3.3127542250076285,3.358668228518638,0
2023-03-24T17:54:55Z,2023-03-24T17:55:00Z,0.049980079755703066,3.3050123016776376,3.3549923814333407,0
2023-03-24T17:54:55Z,2023-03-24T17:55:00Z,0.038016344445849004,3.31197775247309,3.349994096918939,0
2023-03-24T17:54:55Z,2023-03-24T17:55:00Z,0.05392663059361391,3.291022137848707,3.344948768442321,0
2023-03-24T17:54:55Z,2023-03-24T17:55:00Z,0.038803116460196296,3.302695257774564,3.34149837423476,0
2023-03-24T17:54:55Z,2023-03-24T17:55:00Z,0.03644881280762391,3.300302669233499,3.336751482041123,0
2023-03-24T17:54:55Z,2023-03-24T17:55:00Z,0.03473547873490812,3.2980359813845523,3.3327714601194605,0
2023-03-24T17:54:55Z,2023-03-24T17:55:00Z,0.025868610735160225,3.303395577652296,3.329264188387456,0
2023-03-24T17:54:55Z,2023-03-24T17:55:00Z,0.017334145162195558,3.306746622892848,3.3240807680550435,0
2023-03-24T17:54:55Z,2023-03-24T17:55:00Z,0.009799335708559287,3.310330826768964,3.3201301624775232,0
2023-03-24T17:54:55Z,2023-03-24T17:55:00Z,0.0037465240276435274,3.3201737174394075,3.316427193411764,0
2023-03-24T17:55:55Z,2023-03-24T17:56:00Z,0.009671562329414574,3.3026348626558613,3.312306424985276,0
2023-03-24T17:55:55Z,2023-03-24T17:56:00Z,0.006354092522267596,3.303310238170987,3.3096643306932547,0
2023-03-24T17:55:55Z,2023-03-24T17:56:00Z,0.010560866372410604,3.296767033021544,3.3073278993939548,0
2023-03-24T17:55:55Z,2023-03-24T17:56:00Z,0.012310840241899879,3.294769114737127,3.307079954979027,0
2023-03-24T17:55:55Z,2023-03-24T17:56:00Z,0.012851222825181363,3.2928752983939824,3.3057265212191638,0
2023-03-24T17:55:55Z,2023-03-24T17:56:00Z,0.012010156055746624,3.291985065193501,3.303995221249248,0
2023-03-24T17:55:55Z,2023-03-24T17:56:00Z,0.03044908779838318,3.2722208716766215,3.3026699594750046,0
2023-03-24T17:55:55Z,2023-03-24T17:56:00Z,0.033780591188446785,3.268020885854282,3.3018014770427286,0
2023-03-24T17:55:55Z,2023-03-24T17:56:00Z,0.053762024027562916,3.2453889942954017,3.2991510183229646,0
2023-03-24T17:55:55Z,2023-03-24T17:56:00Z,0.05130048446017188,3.246317117063164,3.297617601523336,0
2023-03-24T17:55:55Z,2023-03-24T17:56:00Z,0.05129729269232497,3.2424998912657332,3.293797183958058,0
2023-03-24T17:55:55Z,2023-03-24T17:56:00Z,0.06545653097605042,3.2247416161706526,3.290198147146703,0
2023-03-24T17:56:55Z,2023-03-24T17:57:00Z,0.022446115605206707,3.2640496255335747,3.2864957411387814,0
2023-03-24T17:56:55Z,2023-03-24T17:57:00Z,0.0006419518353766307,3.281894095542049,3.281252143706672,0
2023-03-24T17:56:55Z,2023-03-24T17:57:00Z,0.018898442591326337,3.29730411980738,3.2784056772160537,0
2023-03-24T17:56:55Z,2023-03-24T17:57:00Z,0.02967056553911318,3.3061804606733722,3.276509895134259,0
2023-03-24T17:56:55Z,2023-03-24T17:57:00Z,0.0764437813475034,3.3514290366396273,3.274985255292124,0
2023-03-24T17:56:55Z,2023-03-24T17:57:00Z,0.08681237575636214,3.3620340042496535,3.2752216284932913,0
2023-03-24T17:56:55Z,2023-03-24T17:57:00Z,0.09979281810408791,3.378222366495289,3.278429548391201,0
2023-03-24T17:56:55Z,2023-03-24T17:57:00Z,0.09595123336412614,3.3787319131705345,3.2827806798064083,0
2023-03-24T17:56:55Z,2023-03-24T17:57:00Z,0.10408886512200821,3.392433095045627,3.2883442299236187,0
2023-03-24T17:56:55Z,2023-03-24T17:57:00Z,0.11559545199388843,3.4096634562359442,3.294068004242056,0
2023-03-24T17:56:55Z,2023-03-24T17:57:00Z,0.10196964328720926,3.4027341828527393,3.30076453956553,0
2023-03-24T17:56:55Z,2023-03-24T17:57:00Z,0.11097511782223002,3.420902496358382,3.309927378536152,0
2023-03-24T17:57:55Z,2023-03-24T17:58:00Z,0.10462310712447387,3.42353137212719,3.318908265002716,0
2023-03-24T17:57:55Z,2023-03-24T17:58:00Z,0.08848818842150274,3.419097353561751,3.330609165140248,0
2023-03-24T17:57:55Z,2023-03-24T17:58:00Z,0.06133187588963995,3.4037553247008234,3.3424234488111835,0
2023-03-24T17:57:55Z,2023-03-24T17:58:00Z,0.06613776343292432,3.4203343763971756,3.3541966129642513,0
2023-03-24T17:57:55Z,2023-03-24T17:58:00Z,0.01131390426244483,3.3774447644620413,3.3661308601995965,0
2023-03-24T17:57:55Z,2023-03-24T17:58:00Z,0.013334957226762256,3.3632148863637403,3.3765498435905026,0
2023-03-24T17:57:55Z,2023-03-24T17:58:00Z,0.01645879976357545,3.3664610884215938,3.382919888185169,0
2023-03-24T17:57:55Z,2023-03-24T17:58:00Z,0.02413081679081408,3.363183122498113,3.387313939288927,0
2023-03-24T17:57:55Z,2023-03-24T17:58:00Z,0.02113749551630484,3.37019515228917,3.391332647805475,0
2023-03-24T17:57:55Z,2023-03-24T17:58:00Z,0.03598074469351831,3.3561355088358553,3.3921162535293736,0
2023-03-24T17:57:55Z,2023-03-24T17:58:00Z,0.03297441136145318,3.3596859187038883,3.3926603300653415,0
2023-03-24T17:57:55Z,2023-03-24T17:58:00Z,0.04554319727027911,3.3456446756177667,3.391187872888046,0
2023-03-24T17:58:55Z,2023-03-24T17:59:00Z,0.06628158944537343,3.323636550478229,3.3899181399236022,0
2023-03-24T17:58:55Z,2023-03-24T17:59:00Z,0.043697084764567684,3.3431018271971773,3.386798911961745,0
2023-03-24T17:58:55Z,2023-03-24T17:59:00Z,0.03248898695793656,3.3485747979532943,3.381063784911231,0
2023-03-24T17:58:55Z,2023-03-24T17:59:00Z,0.04570497551703223,3.3313833190171613,3.3770882945341936,0
2023-03-24T17:58:55Z,2023-03-24T17:59:00Z,0.02255270882724858,3.349713739146606,3.3722664479738547,0
2023-03-24T17:58:55Z,2023-03-24T17:59:00Z,0.014281835653284336,3.351841408779901,3.3661232444331852,0
2023-03-24T17:58:55Z,2023-03-24T17:59:00Z,0.007976053456474563,3.353521616682369,3.3614976701388435,0
2023-03-24T17:58:55Z,2023-03-24T17:59:00Z,0.014956929443636469,3.372993671854418,3.3580367424107815,0
2023-03-24T17:58:55Z,2023-03-24T17:59:00Z,0.027273143051078197,3.3808557014808724,3.3535825584297942,0
2023-03-24T17:58:55Z,2023-03-24T17:59:00Z,0.03292768547038527,3.386213504393005,3.3532858189226196,0
2023-03-24T17:58:55Z,2023-03-24T17:59:00Z,0.047471293499509404,3.4019331667632704,3.354461873263761,0