sTime,eTime,Change,Value,Mean_last_20,real_label
2023-03-24T17:58:55Z,2023-03-24T17:59:00Z,None,4.39466151553039,None,1
2023-03-24T17:58:55Z,2023-03-24T17:59:00Z,None,4.4449538459909705,None,0
2023-03-24T17:58:55Z,2023-03-24T17:59:00Z,None,4.505387116156597,None,0
2023-03-24T17:58:55Z,2023-03-24T17:59:00Z,None,4.569116299600537,None,0
2023-03-24T17:58:55Z,2023-03-24T17:59:00Z,None,4.621357868545824,None,0
2023-03-24T17:58:55Z,2023-03-24T17:59:00Z,None,4.660235178670421,None,0
2023-03-24T17:58:55Z,2023-03-24T17:59:00Z,None,4.694528675224225,None,0
2023-03-24T17:58:55Z,2023-03-24T17:59:00Z,None,4.727626099234525,None,0
2023-03-24T17:58:55Z,2023-03-24T17:59:00Z,None,4.729121463480338,None,0
2023-03-24T17:58:55Z,2023-03-24T17:59:00Z,None,4.733887390168507,None,0
2023-03-24T17:58:55Z,2023-03-24T17:59:00Z,None,4.733644875744681,None,0
2023-03-24T17:58:55Z,2023-03-24T17:59:00Z,None,4.718869486197944,None,0
2023-03-24T17:58:55Z,2023-03-24T17:59:00Z,None,4.711660879848276,None,0
2023-03-24T17:58:55Z,2023-03-24T17:59:00Z,None,4.718441126156078,None,0
2023-03-24T17:58:55Z,2023-03-24T17:59:00Z,None,4.705421228878366,None,0
2023-03-24T17:58:55Z,2023-03-24T17:59:00Z,None,4.696442615522722,None,0
2023-03-24T17:58:55Z,2023-03-24T17:59:00Z,None,4.686044607986398,None,0
2023-03-24T17:58:55Z,2023-03-24T17:59:00Z,None,4.6681484814948835,None,0
2023-03-24T17:58:55Z,2023-03-24T17:59:00Z,None,4.677276954806194,None,0
2023-03-24T17:58:55Z,2023-03-24T17:59:00Z,None,4.683810998999241,None,0
2023-03-24T17:58:55Z,2023-03-24T17:59:00Z,0.030156255606833327,4.682620766619353,4.65246451101252,0
2023-03-24T17:58:55Z,2023-03-24T17:59:00Z,0.017625539793100664,4.685308444672401,4.6676829048793005,0
2023-03-24T17:58:55Z,2023-03-24T17:59:00Z,0.016100950416865878,4.696292640592397,4.680191690175531,0
2023-03-24T17:58:55Z,2023-03-24T17:59:00Z,0.007589485470513857,4.697250719252141,4.689661233781627,0
2023-03-24T17:58:55Z,2023-03-24T17:59:00Z,0.00037219127910237404,4.69672691669188,4.696354725412777,0
2023-03-24T17:58:55Z,2023-03-24T17:59:00Z,0.0056192746992120846,4.694729811277056,4.700349085976268,0
2023-03-24T17:58:55Z,2023-03-24T17:59:00Z,0.016708209169919108,4.685561494596952,4.702269703766871,0
2023-03-24T17:58:55Z,2023-03-24T17:59:00Z,0.037708894979997076,4.664571394894917,4.702280289874914,0
2023-03-24T17:58:55Z,2023-03-24T17:59:00Z,0.05080562785494269,4.6492607354601,4.700066363315043,0
2023-03-24T17:58:55Z,2023-03-24T17:59:00Z,0.05142484986476514,4.645244141419465,4.6966689912842305,0
2023-03-24T17:58:55Z,2023-03-24T17:59:00Z,0.06037742191585771,4.631837534910037,4.692214956825895,0
2023-03-24T17:58:55Z,2023-03-24T17:59:00Z,0.05831209484091726,4.629250191757334,4.687562286598252,0
2023-03-24T17:58:55Z,2023-03-24T17:59:00Z,0.06338863288173435,4.619593024701364,4.682981657583098,0
2023-03-24T17:58:55Z,2023-03-24T17:59:00Z,0.05352825155348917,4.625116001393243,4.678644252946732,0
2023-03-24T17:58:55Z,2023-03-24T17:59:00Z,0.038798585271671016,4.63464313601955,4.673441721291221,0
2023-03-24T17:58:55Z,2023-03-24T17:59:00Z,0.024071556559251306,4.6451435738116995,4.669215130370951,0
2023-03-24T17:58:55Z,2023-03-24T17:59:00Z,0.044672676521322785,4.62128984966525,4.665962526186573,0
2023-03-24T17:58:55Z,2023-03-24T17:59:00Z,0.0562700013460633,4.607539838831315,4.663809840177378,0
2023-03-24T17:58:55Z,2023-03-24T17:59:00Z,0.058536075862251735,4.60280752053462,4.661343596396872,0
2023-03-24T17:58:55Z,2023-03-24T17:59:00Z,0.06608308862393653,4.591590133247941,4.657673221871877,0
2023-03-24T17:58:55Z,2023-03-24T17:59:00Z,0.06588901165469796,4.587520869245358,4.653409880900056,0
2023-03-24T17:58:55Z,2023-03-24T17:59:00Z,0.057468480880072725,4.591150314053067,4.64861879493314,0
2023-03-24T17:58:55Z,2023-03-24T17:59:00Z,0.06092067357042197,4.582551406866559,4.643472080436981,0
2023-03-24T17:58:55Z,2023-03-24T17:59:00Z,0.05091040824147797,4.5870278655355365,4.6379382737770145,0
2023-03-24T17:58:55Z,2023-03-24T17:59:00Z,0.05075167197480557,4.581149795887178,4.631901467861984,0
2023-03-24T17:58:55Z,2023-03-24T17:59:00Z,0.060899312981716136,4.565228520608882,4.626127833590598,0
2023-03-24T17:58:55Z,2023-03-24T17:59:00Z,0.06729337762524246,4.55285656041852,4.620149938043762,0
2023-03-24T17:58:55Z,2023-03-24T17:59:00Z,0.0728666079965068,4.540950015626831,4.613816623623338,0
2023-03-24T17:58:55Z,2023-03-24T17:59:00Z,0.08483932697193719,4.523097568521063,4.607936895493,0
2023-03-24T17:58:55Z,2023-03-24T17:59:00Z,0.09654698462847744,4.505689346662772,4.602236331291249,0
2023-03-24T17:58:55Z,2023-03-24T17:59:00Z,0.1143780509526593,4.481429513343938,4.595807564296598,0
2023-03-24T17:58:55Z,2023-03-24T17:59:00Z,0.14153842580982623,4.447629760157969,4.589168185967795,0
2023-03-24T17:58:55Z,2023-03-24T17:59:00Z,0.15738558382893864,4.424002566432888,4.5813881502618266,0
2023-03-24T17:58:55Z,2023-03-24T17:59:00Z,0.19201190050124506,4.380325551626718,4.572337452127963,0
2023-03-24T17:58:55Z,2023-03-24T17:59:00Z,0.2152744491734806,4.346478085324989,4.56175253449847,0
2023-03-24T17:58:55Z,2023-03-24T17:59:00Z,0.23190943919028761,4.316457959287507,4.548367398477795,0
2023-03-24T17:58:55Z,2023-03-24T17:59:00Z,0.2666285611240973,4.266019601117554,4.532648162241651,0
2023-03-24T17:58:55Z,2023-03-24T17:59:00Z,0.2885006632606455,4.228103715276914,4.51660437853756,0
2023-03-24T17:58:55Z,2023-03-24T17:59:00Z,0.31331724115377924,4.185312388030425,4.4986296291842045,0
2023-03-24T17:58:55Z,2023-03-24T17:59:00Z,0.33417460832502854,4.144733767950875,4.478908376275903,0
2023-03-24T17:58:55Z,2023-03-24T17:59:00Z,0.35353923422185396,4.103986102832076,4.45752533705393,0
2023-03-24T17:58:55Z,2023-03-24T17:59:00Z,0.38074443972931604,4.053476313045957,4.434220752775273,0
2023-03-24T17:58:55Z,2023-03-24T17:59:00Z,0.3979101708265951,4.010670360305468,4.408580531132063,0
2023-03-24T17:58:55Z,2023-03-24T17:59:00Z,0.4126066460563611,3.9681278275061964,4.3807344735625575,0
2023-03-24T17:58:55Z,2023-03-24T17:59:00Z,0.39720812603098343,3.9531917419931504,4.350399868024134,0
2023-03-24T17:58:55Z,2023-03-24T17:59:00Z,0.3801193903504023,3.938016163548416,4.318135553898818,0
2023-03-24T17:58:55Z,2023-03-24T17:59:00Z,0.3348448355090019,3.951078256357409,4.285923091866411,0
2023-03-24T17:58:55Z,2023-03-24T17:59:00Z,0.30815190530547465,3.9454111656730353,4.25356307097851,0
2023-03-24T17:58:55Z,2023-03-24T17:59:00Z,0.2798913668892089,3.9426258220224897,4.222517188911699,0
2023-03-24T17:58:55Z,2023-03-24T17:59:00Z,0.24386023792753386,3.948252403465848,4.192112641393382,0
2023-03-24T17:58:55Z,2023-03-24T17:59:00Z,0.22182441082723425,3.9406533082166595,4.162477719043894,0
2023-03-24T17:58:55Z,2023-03-24T17:59:00Z,0.18781103501789342,3.9466047308745216,4.134415765892415,0
2023-03-24T17:58:55Z,2023-03-24T17:59:00Z,0.16841019645862776,3.939322598278981,4.1077327947376086,0
2023-03-24T17:58:55Z,2023-03-24T17:59:00Z,0.14789688342872687,3.9347097094373895,4.082606592866116,0
2023-03-24T17:58:55Z,2023-03-24T17:59:00Z,0.12530761344443375,3.934088297666538,4.059395911110972,0
2023-03-24T17:58:55Z,2023-03-24T17:59:00Z,0.11580432984884137,3.921919561478573,4.037723891327414,0
2023-03-24T17:58:55Z,2023-03-24T17:59:00Z,0.10743620896032091,3.91016296333441,4.017599172294731,0
2023-03-24T17:58:55Z,2023-03-24T17:59:00Z,0.08215789149347597,3.917330752399204,3.99948864389268,0
2023-03-24T17:58:55Z,2023-03-24T17:59:00Z,0.07874256492038478,3.9040123551858477,3.9827549201062324,0
2023-03-24T17:58:55Z,2023-03-24T17:59:00Z,0.08533532870194671,3.8833152947921166,3.9686506234940633,0
2023-03-24T17:58:55Z,2023-03-24T17:59:00Z,0.08638447243189074,3.869596603021908,3.9559810754537987,0
2023-03-24T17:58:55Z,2023-03-24T17:59:00Z,0.07176857270902026,3.8725982496900433,3.9443668223990636,0
2023-03-24T17:58:55Z,2023-03-24T17:59:00Z,0.07813836267120866,3.8565505802529043,3.934688942924113,0
2023-03-24T17:58:55Z,2023-03-24T17:59:00Z,0.05293729588477669,3.874484693849051,3.9274219897338276,0
2023-03-24T17:58:55Z,2023-03-24T17:59:00Z,0.025941519891150122,3.8956079831451356,3.9215495030362857,0
2023-03-24T17:58:55Z,2023-03-24T17:59:00Z,0.0029265675808263225,3.9203335943990028,3.9174070268181764,0
2023-03-24T17:58:55Z,2023-03-24T17:59:00Z,0.019639665636299153,3.9348146829595656,3.9151750173232664,0
2023-03-24T17:58:55Z,2023-03-24T17:59:00Z,0.02944246980751153,3.942999347027704,3.9135568772201923,0
2023-03-24T17:58:55Z,2023-03-24T17:59:00Z,0.05840872302134015,3.9714078906250343,3.912999167603694,0
2023-03-24T17:58:55Z,2023-03-24T17:59:00Z,0.06018182730789112,3.973200654122386,3.9130188268144948,0
2023-03-24T17:58:55Z,2023-03-24T17:59:00Z,0.057451152140836736,3.9716886888058154,3.9142375366649786,0
2023-03-24T17:58:55Z,2023-03-24T17:59:00Z,0.04802977339486647,3.9639803282654094,3.915950554870543,0
2023-03-24T17:58:55Z,2023-03-24T17:59:00Z,0.043041322040476615,3.9603120852231926,3.917270763182716,0
2023-03-24T17:58:55Z,2023-03-24T17:59:00Z,0.04237288507210479,3.9609414235172644,3.9185685384451596,0
2023-03-24T17:58:55Z,2023-03-24T17:59:00Z,0.04459667494605668,3.964512706853627,3.9199160319075705,0
2023-03-24T17:58:55Z,2023-03-24T17:59:00Z,0.04514476559247527,3.9664741199132423,3.921329354320767,0
2023-03-24T17:58:55Z,2023-03-24T17:59:00Z,0.041473130956142246,3.965044229770333,3.923571098814191,0
2023-03-24T17:58:55Z,2023-03-24T17:59:00Z,0.033361799375451806,3.959896643272739,3.9265348438972874,0
2023-03-24T17:58:55Z,2023-03-24T17:59:00Z,0.03390801651361164,3.96295409606201,3.9290460795483986,0
2023-03-24T17:58:55Z,2023-03-24T17:59:00Z,0.03103489032179496,3.963022248190557,3.931987357868762,0
2023-03-24T17:58:55Z,2023-03-24T17:59:00Z,0.012530957485636929,3.948709831210709,3.9361788737250722,0
2023-03-24T17:58:55Z,2023-03-24T17:59:00Z,0.009640590163130902,3.9507366031076057,3.9410960129444748,0
2023-03-24T17:58:55Z,2023-03-24T17:59:00Z,0.027655824653223693,3.9727577103093124,3.9451018856560887,0
2023-03-24T17:58:55Z,2023-03-24T17:59:00Z,0.01775743076206604,3.9678164755157703,3.9500590447537043,0
2023-03-24T17:58:55Z,2023-03-24T17:59:00Z,0.03742030357213988,3.9926516123500684,3.9552313087779285,0
2023-03-24T17:58:55Z,2023-03-24T17:59:00Z,0.04394994453875656,4.002981700283561,3.9590317557448045,0
2023-03-24T17:58:55Z,2023-03-24T17:59:00Z,0.047405298150706265,4.01024326536662,3.962837967215914,0
2023-03-24T17:58:55Z,2023-03-24T17:59:00Z,0.06454747386324478,4.030973178833053,3.966425704969808,0
2023-03-24T17:58:55Z,2023-03-24T17:59:00Z,0.10498691657299775,4.07495177513959,3.9699648585665925,0
2023-03-24T17:58:55Z,2023-03-24T17:59:00Z,0.14759597671968727,4.120695850455123,3.9730998737354355,0
2023-03-24T17:58:55Z,2023-03-24T17:59:00Z,0.18380287817370444,4.162258074067941,3.9784551958942362,0
2023-03-24T17:58:55Z,2023-03-24T17:59:00Z,0.213420367865655,4.199718045951959,3.9862976780863044,0
2023-03-24T17:58:55Z,2023-03-24T17:59:00Z,0.21835756787134786,4.215090916789364,3.9967333489180166,0
2023-03-24T17:58:55Z,2023-03-24T17:59:00Z,0.22292562661186732,4.23225928925245,4.009333662640583,0
2023-03-24T17:58:55Z,2023-03-24T17:59:00Z,0.23839010953517903,4.2611000612953465,4.022709951760167,0
2023-03-24T17:58:55Z,2023-03-24T17:59:00Z,0.2518470365887122,4.288648913738291,4.036801877149578,0
2023-03-24T17:58:55Z,2023-03-24T17:59:00Z,0.26782025289124967,4.320128758534624,4.052308505643374,0
2023-03-24T17:58:55Z,2023-03-24T17:59:00Z,0.2822944617979699,4.351634792913343,4.069340331115373,0
2023-03-24T17:58:55Z,2023-03-24T17:59:00Z,0.2940518303213189,4.382351746450475,4.088299916129156,0
2023-03-24T17:58:55Z,2023-03-24T17:59:00Z,0.29752868003191235,4.406285474942717,4.108756794910804,0
2023-03-24T17:58:55Z,2023-03-24T17:59:00Z,0.2849403247173772,4.4157670932208095,4.130826768503432,0
2023-03-24T17:58:55Z,2023-03-24T17:59:00Z,0.2823321114870945,4.437241808608001,4.154909697120907,0
2023-03-24T17:58:55Z,2023-03-24T17:59:00Z,0.25894341404613197,4.438328400120364,4.179384986074232,0
2023-03-24T17:58:55Z,2023-03-24T17:59:00Z,0.2417891199115667,4.445620637475204,4.203831517563637,0
2023-03-24T17:58:55Z,2023-03-24T17:59:00Z,0.2197668061371285,4.448362109206271,4.2285953030691426,0
2023-03-24T17:58:55Z,2023-03-24T17:59:00Z,0.19236787502603914,4.444803653101768,4.2524357780757285,0
2023-03-24T17:58:55Z,2023-03-24T17:59:00Z,0.1740449240411719,4.4499217762707275,4.275876852229556,0
2023-03-24T17:58:55Z,2023-03-24T17:59:00Z,0.15204810030058002,4.450796551884617,4.298748451584037,0
2023-03-24T17:58:55Z,2023-03-24T17:59:00Z,0.12697247269851886,4.447770850463486,4.320798377764967,0
2023-03-24T17:58:55Z,2023-03-24T17:59:00Z,0.08850041050655033,4.42908009231073,4.340579681804179,0
2023-03-24T17:58:55Z,2023-03-24T17:59:00Z,0.07229543309509623,4.430089588583926,4.35779415548883,0
2023-03-24T17:58:55Z,2023-03-24T17:59:00Z,0.06621243726033299,4.438049856867204,4.371837419606871,0
2023-03-24T17:58:55Z,2023-03-24T17:59:00Z,0.05295403297089596,4.436916270611027,4.383962237640131,0
2023-03-24T17:58:55Z,2023-03-24T17:59:00Z,0.03859583357344043,4.4342927522703,4.39569691869686,0
2023-03-24T17:58:55Z,2023-03-24T17:59:00Z,0.03399692216415495,4.44046526093252,4.406468338768365,0
2023-03-24T17:58:55Z,2023-03-24T17:59:00Z,0.03545408119231652,4.451037824748837,4.41558374355652,0
2023-03-24T17:58:55Z,2023-03-24T17:59:00Z,0.04584753948626474,4.469421617105638,4.4235740776193735,0
2023-03-24T17:58:55Z,2023-03-24T17:59:00Z,0.07039531623695172,4.5008593447097045,4.430464028472753,0
2023-03-24T17:58:55Z,2023-03-24T17:59:00Z,0.04118419803116158,4.477847533040352,4.43666333500919,0
2023-03-24T17:58:55Z,2023-03-24T17:59:00Z,0.026157629512643332,4.469058206535478,4.442900577022835,0
2023-03-24T17:58:55Z,2023-03-24T17:59:00Z,0.016968776322946688,4.463635777456183,4.446667001133236,0
2023-03-24T17:58:55Z,2023-03-24T17:59:00Z,0.014294600690953452,4.463766397261804,4.44947179657085,0
2023-03-24T17:58:55Z,2023-03-24T17:59:00Z,0.010893452459979969,4.461754405285998,4.450860952826018,0
2023-03-24T17:58:55Z,2023-03-24T17:59:00Z,0.016298771101735277,4.468498565882567,4.452199794780832,0
2023-03-24T17:58:55Z,2023-03-24T17:59:00Z,0.013124780760906951,4.4661737212159895,4.453048940455083,0
2023-03-24T17:58:55Z,2023-03-24T17:59:00Z,0.005339691660079637,4.448769062304282,4.454108753964362,0
2023-03-24T17:58:55Z,2023-03-24T17:59:00Z,0.01218500997753047,4.443048484413896,4.455233494391426,0
2023-03-24T17:58:55Z,2023-03-24T17:59:00Z,0.010011343417553498,4.445161481817744,4.455172825235297,0
2023-03-24T17:58:55Z,2023-03-24T17:59:00Z,0.005894584650966372,4.448870447559556,4.454765032210522,0
2023-03-24T17:58:55Z,2023-03-24T17:59:00Z,0.0032360496998338206,4.4513916473188075,4.454627697018641,0
2023-03-24T17:58:55Z,2023-03-24T17:59:00Z,0.00342501710927845,4.459094311772595,4.455669294663316,0
2023-03-24T17:58:55Z,2023-03-24T17:59:00Z,0.002857891562785042,4.453932564086578,4.456790455649363,0
2023-03-24T17:58:55Z,2023-03-24T17:59:00Z,0.006756415031507146,4.451141643507612,4.4578980585391195,0
2023-03-24T17:58:55Z,2023-03-24T17:59:00Z,0.0005692614922612194,4.4593629144248315,4.45879365293257,0
2023-03-24T17:58:55Z,2023-03-24T17:59:00Z,0.01876714171966043,4.478447578401563,4.459680436681903,0
2023-03-24T17:58:55Z,2023-03-24T17:59:00Z,0.032749416506520745,4.493424466530124,4.460675050023603,0
2023-03-24T17:58:55Z,2023-03-24T17:59:00Z,0.04357045084683797,4.505688119483742,4.462117668636904,0
2023-03-24T17:58:55Z,2023-03-24T17:59:00Z,0.044758620786838677,4.5081395972881895,4.463380976501351,0
2023-03-24T17:58:55Z,2023-03-24T17:59:00Z,0.03735273232811487,4.500987854870204,4.463635122542089,0
2023-03-24T17:58:55Z,2023-03-24T17:59:00Z,0.03852827134077419,4.503757713053803,4.465229441713029,0
2023-03-24T17:58:55Z,2023-03-24T17:59:00Z,0.051144946979100325,4.518054896499219,4.466909949520119,0
2023-03-24T17:58:55Z,2023-03-24T17:59:00Z,0.04395171071910653,4.512973341060153,4.469021630341047,0
2023-03-24T17:58:55Z,2023-03-24T17:59:00Z,0.034994661038861175,4.506873580813456,4.4718789197745945,0
2023-03-24T17:58:55Z,2023-03-24T17:59:00Z,0.02692521104605028,4.501499864282442,4.474574653236392,0
2023-03-24T17:58:55Z,2023-03-24T17:59:00Z,0.008859683968736043,4.48545407483307,4.476594390864334,0
2023-03-24T17:58:55Z,2023-03-24T17:59:00Z,0.01108282958659057,4.489536491138632,4.478453661552042,0
2023-03-24T17:58:55Z,2023-03-24T17:59:00Z,0.007074601364569055,4.487459053049705,4.480384451685136,0
2023-03-24T17:58:55Z,2023-03-24T17:59:00Z,0.004131005499862894,4.478700183381312,4.482831188881175,0
2023-03-24T17:58:55Z,2023-03-24T17:59:00Z,0.011608056880707096,4.473449319960045,4.485057376840752,0
2023-03-24T17:58:55Z,2023-03-24T17:59:00Z,0.02888215282566442,4.457745210110969,4.486627362936633,0
2023-03-24T17:58:55Z,2023-03-24T17:59:00Z,0.02089922879419781,4.466889064281448,4.487788293075646,0
2023-03-24T17:58:55Z,2023-03-24T17:59:00Z,0.02011989246493595,4.467597395260098,4.487717287725034,0
2023-03-24T17:58:55Z,2023-03-24T17:59:00Z,0.008866679836476266,4.479532528951446,4.488399208787922,0
2023-03-24T17:58:55Z,2023-03-24T17:59:00Z,0.008273547682682292,4.497538848668103,4.489265300985421,0
2023-03-24T17:58:55Z,2023-03-24T17:59:00Z,0.017412681513377493,4.507739541158095,4.490326859644718,0
2023-03-24T17:58:55Z,2023-03-24T17:59:00Z,0.020063761491755372,4.511395424834712,4.491331663342956,0
2023-03-24T17:58:55Z,2023-03-24T17:59:00Z,0.02027341678735528,4.51235850511073,4.492085088323375,0
2023-03-24T17:58:55Z,2023-03-24T17:59:00Z,0.03221879060255528,4.524604263418087,4.492385472815532,0
2023-03-24T17:58:55Z,2023-03-24T17:59:00Z,0.05365156211294586,4.546259082708612,4.492607520595666,0
2023-03-24T17:58:55Z,2023-03-24T17:59:00Z,0.07931505019753882,4.573165539664146,4.493850489466607,0
2023-03-24T17:58:55Z,2023-03-24T17:59:00Z,0.08460637110254776,4.580693774761513,4.496087403658965,0
2023-03-24T17:58:55Z,2023-03-24T17:59:00Z,0.08965499904644858,4.5886429628719885,4.49898796382554,0
2023-03-24T17:58:55Z,2023-03-24T17:59:00Z,0.09438999141512738,4.596942188593371,4.502552197178243,0
2023-03-24T17:58:55Z,2023-03-24T17:59:00Z,0.09630485702794012,4.603160705893474,4.506855848865534,0
2023-03-24T17:58:55Z,2023-03-24T17:59:00Z,0.095706677373113,4.607585806465538,4.511879129092425,0
2023-03-24T17:58:55Z,2023-03-24T17:59:00Z,0.08150671534734766,4.599580930285057,4.51807421493771,0
2023-03-24T17:58:55Z,2023-03-24T17:59:00Z,0.100697603766986,4.624984940564007,4.524287336797021,0
2023-03-24T17:58:55Z,2023-03-24T17:59:00Z,0.10910275138425085,4.63929123961471,4.5301884882304595,0
2023-03-24T17:58:55Z,2023-03-24T17:59:00Z,0.11618333132895309,4.654071017305871,4.5378876859769175,0
2023-03-24T17:58:55Z,2023-03-24T17:59:00Z,0.11537033600454816,4.6619865440685535,4.546616208064005,0
2023-03-24T17:58:55Z,2023-03-24T17:59:00Z,0.10124673278986407,4.658195878074653,4.556949145284789,0
2023-03-24T17:58:55Z,2023-03-24T17:59:00Z,0.11190054807771332,4.67911798177235,4.567217433694637,0
2023-03-24T17:58:55Z,2023-03-24T17:59:00Z,0.11809317340369052,4.695342106193831,4.57724893279014,0
2023-03-24T17:58:55Z,2023-03-24T17:59:00Z,0.11750200906904062,4.705255439376071,4.58775343030703,0
2023-03-24T17:58:55Z,2023-03-24T17:59:00Z,0.11061459095824322,4.708778719029786,4.598164128071542,0
2023-03-24T17:58:55Z,2023-03-24T17:59:00Z,0.08948975204215781,4.698049453704121,4.608559701661963,0
2023-03-24T17:58:55Z,2023-03-24T17:59:00Z,0.0769872481823155,4.6959355442755975,4.618948296093282,0
2023-03-24T17:58:55Z,2023-03-24T17:59:00Z,0.06179603439735981,4.6905175383113455,4.628721503913986,0
2023-03-24T17:58:55Z,2023-03-24T17:59:00Z,0.05427578259201127,4.692014722340603,4.6377389397485915,0
2023-03-24T17:58:55Z,2023-03-24T17:59:00Z,0.05244559627172496,4.697777086315197,4.645331490043472,0
2023-03-24T17:58:55Z,2023-03-24T17:59:00Z,0.03594355339036337,4.687530263574702,4.651586710184339,0
2023-03-24T17:58:55Z,2023-03-24T17:59:00Z,0.015169938126812,4.672918927866608,4.657748989739796,0
2023-03-24T17:58:55Z,2023-03-24T17:59:00Z,0.003895143837288728,4.6590584406763345,4.662953584513623,0
2023-03-24T17:58:55Z,2023-03-24T17:59:00Z,0.031685514386300184,4.6352668458785455,4.666952360264846,0
2023-03-24T17:58:55Z,2023-03-24T17:59:00Z,0.033765084887224184,4.636129261418825,4.669894346306049,0
2023-03-24T17:58:55Z,2023-03-24T17:59:00Z,0.047972763384684924,4.623378479732575,4.67135124311726,0
2023-03-24T17:58:55Z,2023-03-24T17:59:00Z,0.06965162501718236,4.60362321447554,4.673274839492723,0
2023-03-24T17:58:55Z,2023-03-24T17:59:00Z,0.08306760000369184,4.590122688918955,4.673190288922647,0
2023-03-24T17:58:55Z,2023-03-24T17:59:00Z,0.10371008184445873,4.56760294259718,4.6713130244416385,0
2023-03-24T17:58:55Z,2023-03-24T17:59:00Z,0.10287054310726873,4.56507677984032,4.6679473229475885,0
2023-03-24T17:58:55Z,2023-03-24T17:59:00Z,0.1149776431451155,4.5480021218302955,4.662979764975411,0
2023-03-24T17:58:55Z,2023-03-24T17:59:00Z,0.1334685670592597,4.524610192745923,4.658078759805183,0
2023-03-24T17:58:55Z,2023-03-24T17:59:00Z,0.14874791904621265,4.502430006025179,4.651177925071392,0
2023-03-24T17:58:55Z,2023-03-24T17:59:00Z,0.17614560241965904,4.466046432470264,4.642192034889923,0
2023-03-24T17:58:55Z,2023-03-24T17:59:00Z,0.20091507696558786,4.4306019351163926,4.63151701208198,0
2023-03-24T17:58:55Z,2023-03-24T17:59:00Z,0.21846510878835979,4.400276519790488,4.618741628578848,0
2023-03-24T17:58:55Z,2023-03-24T17:59:00Z,0.23805804442330203,4.3666073989667185,4.6046654433900205,0
2023-03-24T17:58:55Z,2023-03-24T17:59:00Z,0.2567844309979517,4.332320011103379,4.5891044421013305,0
2023-03-24T17:58:55Z,2023-03-24T17:59:00Z,0.28112303832922336,4.290933501701337,4.572056540030561,0
2023-03-24T17:58:55Z,2023-03-24T17:59:00Z,0.29132649091262586,4.261798748526501,4.553125239439127,0
2023-03-24T17:58:55Z,2023-03-24T17:59:00Z,0.30034030091393227,4.23137211828236,4.5317124191962925,0
2023-03-24T17:58:55Z,2023-03-24T17:59:00Z,0.31781439846025084,4.191491098891399,4.50930549735165,0
2023-03-24T17:58:55Z,2023-03-24T17:59:00Z,0.3399654571903863,4.146100734393672,4.486066191584058,0
2023-03-24T17:58:55Z,2023-03-24T17:59:00Z,0.35027766439506713,4.111179719726627,4.461457384121694,0
2023-03-24T17:58:55Z,2023-03-24T17:59:00Z,0.36489812069883687,4.0708136786078635,4.4357117993067,0
2023-03-24T17:58:55Z,2023-03-24T17:59:00Z,0.37743734782935867,4.030645528230384,4.408082876059742,0
2023-03-24T17:58:55Z,2023-03-24T17:59:00Z,0.37473804108908215,4.004262477016727,4.379000518105809,0
2023-03-24T17:58:55Z,2023-03-24T17:59:00Z,0.40262168842234214,3.9462221093547756,4.348843797777118,0
2023-03-24T17:58:55Z,2023-03-24T17:59:00Z,0.4031690936848351,3.9148399560974285,4.318009049782264,0
2023-03-24T17:58:55Z,2023-03-24T17:59:00Z,0.3773336324058185,3.907971162995266,4.2853047954010846,0
2023-03-24T17:58:55Z,2023-03-24T17:59:00Z,0.3452755897046611,3.905806214973113,4.251081804677774,0
2023-03-24T17:58:55Z,2023-03-24T17:59:00Z,0.3098115119017084,3.907584452837381,4.217395964739089,0
2023-03-24T17:58:55Z,2023-03-24T17:59:00Z,0.28198454438625387,3.9028427899437386,4.184827334329992,0
2023-03-24T17:58:55Z,2023-03-24T17:59:00Z,0.24547849518616172,3.9080411784497375,4.153519673635899,0
2023-03-24T17:58:55Z,2023-03-24T17:59:00Z,0.21654750250766375,3.9073298741531546,4.123877376660818,0
2023-03-24T17:58:55Z,2023-03-24T17:59:00Z,0.19974364183342042,3.8966305371081007,4.096374178941521,0
2023-03-24T17:58:55Z,2023-03-24T17:59:00Z,0.17552817622694494,3.894901442417874,4.070429618644819,0
2023-03-24T17:58:55Z,2023-03-24T17:59:00Z,0.15968369820232375,3.886010296134147,4.045693994336471,0
2023-03-24T17:58:55Z,2023-03-24T17:59:00Z,0.13340107979196514,3.8892708846136888,4.022671964405654,0
2023-03-24T17:58:55Z,2023-03-24T17:59:00Z,0.12426531086162074,3.8770949058826027,4.0013602167442235,0
2023-03-24T17:58:55Z,2023-03-24T17:59:00Z,0.1158543506820422,3.8658991363825597,3.981753487064602,0
2023-03-24T17:58:55Z,2023-03-24T17:59:00Z,0.0857733953243689,3.877333922666562,3.963107317990931,0
2023-03-24T17:58:55Z,2023-03-24T17:59:00Z,0.07267378935728663,3.8732971095542315,3.945970898911518,0
2023-03-24T17:58:55Z,2023-03-24T17:59:00Z,0.06772480896070565,3.8641004682809648,3.9318252772416704,0
2023-03-24T17:58:55Z,2023-03-24T17:59:00Z,0.056427301288245246,3.86287783857593,3.9193051398641754,0
2023-03-24T17:58:55Z,2023-03-24T17:59:00Z,0.05555568612706008,3.8528698110883313,3.9084254972153913,0
2023-03-24T17:58:55Z,2023-03-24T17:59:00Z,0.04172309989973311,3.8578725189127923,3.8995956188125254,0
2023-03-24T17:58:55Z,2023-03-24T17:59:00Z,0.02779148513706664,3.863836098626595,3.8916275837636616,0
2023-03-24T17:58:55Z,2023-03-24T17:59:00Z,0.039722481745301685,3.847255123574046,3.886977605319348,0
2023-03-24T17:58:55Z,2023-03-24T17:59:00Z,0.04295004680719172,3.841343144961059,3.8842931917682506,0
2023-03-24T17:58:55Z,2023-03-24T17:59:00Z,0.0440171361409778,3.837080474605103,3.881097610746081,0
2023-03-24T17:58:55Z,2023-03-24T17:59:00Z,0.04274521851227231,3.8349595990752796,3.877704817587552,0
2023-03-24T17:58:55Z,2023-03-24T17:59:00Z,0.040640667168101885,3.833353414723015,3.8739940818911167,0
2023-03-24T17:58:55Z,2023-03-24T17:59:00Z,0.030043022353723803,3.840378260018,3.8704212823717237,0
2023-03-24T17:58:55Z,2023-03-24T17:59:00Z,0.028977278020431374,3.837513069418308,3.8664903474387393,0
2023-03-24T17:58:55Z,2023-03-24T17:59:00Z,0.02430862699461178,3.838657951279119,3.862966578273731,0
2023-03-24T17:58:55Z,2023-03-24T17:59:00Z,0.03146881067672824,3.828386321929119,3.8598551326058472,0
2023-03-24T17:58:55Z,2023-03-24T17:59:00Z,0.035643101630655316,3.821251847231047,3.856894948861702,0
2023-03-24T17:58:55Z,2023-03-24T17:59:00Z,0.03417259388742844,3.8196895142266403,3.8538621081140687,0
2023-03-24T17:58:55Z,2023-03-24T17:59:00Z,0.035613491339479886,3.8146686674386605,3.8502821587781404,0
2023-03-24T17:58:55Z,2023-03-24T17:59:00Z,0.03926343851448344,3.8079973838607115,3.847260822375195,0
2023-03-24T17:58:55Z,2023-03-24T17:59:00Z,0.04678036871575442,3.79778411318871,3.8445644819044644,0
2023-03-24T17:58:55Z,2023-03-24T17:59:00Z,0.04216274010383225,3.7987524502845345,3.8409151903883667,0
2023-03-24T17:58:55Z,2023-03-24T17:59:00Z,0.033159020929819594,3.803781801228782,3.8369408221586014,0
2023-03-24T17:58:55Z,2023-03-24T17:59:00Z,0.021775160483016087,3.8117262923073527,3.833501452790369,0
2023-03-24T17:58:55Z,2023-03-24T17:59:00Z,0.02005280116865693,3.8103383338665986,3.8303911350352555,0
2023-03-24T17:58:55Z,2023-03-24T17:59:00Z,0.017450240100760794,3.810775446577601,3.828225686678362,0
2023-03-24T17:58:55Z,2023-03-24T17:59:00Z,0.02544967911961482,3.8002742083457894,3.8257238874654043,0
2023-03-24T17:58:55Z,2023-03-24T17:59:00Z,0.03350265473745928,3.7894285668306296,3.822931221568089,0
2023-03-24T17:58:55Z,2023-03-24T17:59:00Z,0.03895922653052386,3.781499315288708,3.820458541819232,0
2023-03-24T17:58:55Z,2023-03-24T17:59:00Z,0.036793779350285494,3.780932416251556,3.8177261956018413,0
2023-03-24T17:58:55Z,2023-03-24T17:59:00Z,0.035110648658381205,3.7796902227689135,3.8148008714272947,0
2023-03-24T17:58:55Z,2023-03-24T17:59:00Z,0.032899215905313195,3.779058119583892,3.8119573354892053,0
2023-03-24T17:58:55Z,2023-03-24T17:59:00Z,0.03675469884884164,3.7723782581164635,3.809132956965305,0
2023-03-24T17:58:55Z,2023-03-24T17:59:00Z,0.055489524265943224,3.7504160568870404,3.8059055811529836,0
2023-03-24T17:58:55Z,2023-03-24T17:59:00Z,0.037982463107130826,3.764494970082597,3.8024774331897278,0
2023-03-24T17:58:55Z,2023-03-24T17:59:00Z,0.030407786335282516,3.7674253366232837,3.7978331229585662,0
2023-03-24T17:58:55Z,2023-03-24T17:59:00Z,0.024690664968949783,3.769779755260851,3.7944704202298007,0
2023-03-24T17:58:55Z,2023-03-24T17:59:00Z,0.020366035761083534,3.7712714102262046,3.791637445987288,0
2023-03-24T17:58:55Z,2023-03-24T17:59:00Z,0.021282383129726856,3.767728233438309,3.789010616568036,0
2023-03-24T17:58:55Z,2023-03-24T17:59:00Z,0.018997953056706596,3.767728597342253,3.7867265503989596,0
2023-03-24T17:58:55Z,2023-03-24T17:59:00Z,0.02117915900284517,3.7634279624265137,3.784607121429359,0
2023-03-24T17:58:55Z,2023-03-24T17:59:00Z,0.02259225738455406,3.760432994789728,3.783025252174282,0
2023-03-24T17:58:55Z,2023-03-24T17:59:00Z,0.016998353176983283,3.764167715425824,3.7811660686028072,0
2023-03-24T17:58:55Z,2023-03-24T17:59:00Z,0.01836917315816633,3.76051537931627,3.778884552474436,0
2023-03-24T17:58:55Z,2023-03-24T17:59:00Z,0.022134661848187243,3.754246807632484,3.7763814694806714,0
2023-03-24T17:58:55Z,2023-03-24T17:59:00Z,0.01910772758230639,3.7546514811325586,3.773759208714865,0
2023-03-24T17:58:55Z,2023-03-24T17:59:00Z,0.009696528603893473,3.7610874885875436,3.770784017191437,0
2023-03-24T17:58:55Z,2023-03-24T17:59:00Z,0.0008571972960305096,3.7675256237262893,3.76838282102232,0
2023-03-24T17:58:55Z,2023-03-24T17:59:00Z,0.0002834954453474481,3.7671746807706628,3.7668911853253153,0
2023-03-24T17:58:55Z,2023-03-24T17:59:00Z,0.002739105255014973,3.768894833129677,3.7661557278746622,0
2023-03-24T17:58:55Z,2023-03-24T17:59:00Z,0.006567345536870661,3.771998982070433,3.7654316365335623,0
2023-03-24T17:58:55Z,2023-03-24T17:59:00Z,0.006438391115624498,3.7713018492471218,3.7648634581314973,0
2023-03-24T17:58:55Z,2023-03-24T17:59:00Z,0.013647211171594176,3.778139135749751,3.7644919245781567,0
2023-03-24T17:58:55Z,2023-03-24T17:59:00Z,0.013319551725781587,3.777754823205552,3.7644352714797704,0
2023-03-24T17:58:55Z,2023-03-24T17:59:00Z,0.012219213947672003,3.77811359484127,3.765894380893598,0
2023-03-24T17:58:55Z,2023-03-24T17:59:00Z,0.030738990627022567,3.797331258527092,3.7665922679000694,0
2023-03-24T17:58:55Z,2023-03-24T17:59:00Z,0.03462819949272378,3.801783007299003,3.7671548078062793,0
2023-03-24T17:58:55Z,2023-03-24T17:59:00Z,0.04174534445100164,3.8103502313765567,3.768604886925555,0
2023-03-24T17:58:55Z,2023-03-24T17:59:00Z,0.0387244976780492,3.8089352581337517,3.7702107604557025,0
2023-03-24T17:58:55Z,2023-03-24T17:59:00Z,0.0406929845592523,3.8131470080643366,3.7724540235050843,0
2023-03-24T17:58:55Z,2023-03-24T17:59:00Z,0.030730197472652154,3.805352992598341,3.7746227951256888,0
2023-03-24T17:58:55Z,2023-03-24T17:59:00Z,0.034548347364825815,3.811787934366189,3.7772395870013633,0
2023-03-24T17:58:55Z,2023-03-24T17:59:00Z,0.03481195026462158,3.814415747676965,3.7796037974123435,0
2023-03-24T17:58:55Z,2023-03-24T17:59:00Z,0.04300102656150706,3.8251111512865013,3.782110124724994,0
2023-03-24T17:58:55Z,2023-03-24T17:59:00Z,0.04095918136654131,3.825906167584203,3.784946986217662,0
2023-03-24T17:58:55Z,2023-03-24T17:59:00Z,0.026043034947584864,3.8147197234628267,3.788676688515242,0
2023-03-24T17:58:55Z,2023-03-24T17:59:00Z,0.018295233322897175,3.8107221684934895,3.7924269351705924,0
2023-03-24T17:58:55Z,2023-03-24T17:59:00Z,0.015791938621038337,3.811041622995593,3.7952496843745545,0
2023-03-24T17:58:55Z,2023-03-24T17:59:00Z,0.020346918182361673,3.8178701049130837,3.797523186730722,0
2023-03-24T17:58:55Z,2023-03-24T17:59:00Z,0.02018280101233838,3.820014774175951,3.7998319731636125,0
2023-03-24T17:58:55Z,2023-03-24T17:59:00Z,0.0075111093029587295,3.8099207283499092,3.8024096190469505,0
2023-03-24T17:58:55Z,2023-03-24T17:59:00Z,0.0008604250436623495,3.8040763409562093,3.8049367659998716,0
2023-03-24T17:58:55Z,2023-03-24T17:59:00Z,0.005258805085713192,3.8017105334985164,3.8069693385842296,0
2023-03-24T17:58:55Z,2023-03-24T17:59:00Z,0.010102334352247944,3.7982321202954794,3.8083344546477274,0
2023-03-24T17:58:55Z,2023-03-24T17:59:00Z,0.012021461510796083,3.7975738199944566,3.8095952815052527,0
2023-03-24T17:58:55Z,2023-03-24T17:59:00Z,0.012980770099766392,3.797673381166234,3.8106541512660006,0
2023-03-24T17:58:55Z,2023-03-24T17:59:00Z,0.017395493043938615,3.7932714246150807,3.8106669176590193,0
2023-03-24T17:58:55Z,2023-03-24T17:59:00Z,0.014306020105004258,3.796144601441764,3.810450621546768,0
2023-03-24T17:58:55Z,2023-03-24T17:59:00Z,0.01983199034573646,3.7897197466346384,3.809551736980375,0
2023-03-24T17:58:55Z,2023-03-24T17:59:00Z,0.019745277674350525,3.789133266848551,3.8088785445229014,0
2023-03-24T17:58:55Z,2023-03-24T17:59:00Z,0.02123325398908671,3.7864122767743567,3.8076455307634434,0
2023-03-24T17:58:55Z,2023-03-24T17:59:00Z,0.008924979095085828,3.7978668818920536,3.8067918609871394,0
2023-03-24T17:58:55Z,2023-03-24T17:59:00Z,0.013437334088044928,3.7920189659732078,3.8054563000612527,0
2023-03-24T17:58:55Z,2023-03-24T17:59:00Z,0.020828975603391253,3.7837563315218135,3.8045853071252047,0
2023-03-24T17:58:55Z,2023-03-24T17:59:00Z,0.012301994417650342,3.7905416187436973,3.8028436131613477,0
2023-03-24T17:58:55Z,2023-03-24T17:59:00Z,0.016658375403559855,3.7839668253334513,3.800625200737011,0
2023-03-24T17:58:55Z,2023-03-24T17:59:00Z,0.017934036395158337,3.7814186325145305,3.799352668909689,0
2023-03-24T17:58:55Z,2023-03-24T17:59:00Z,0.017848602799516833,3.7800958901543806,3.7979444929538975,0
2023-03-24T17:58:55Z,2023-03-24T17:59:00Z,0.013686818482392837,3.782698569709343,3.796385388191736,0
2023-03-24T17:58:55Z,2023-03-24T17:59:00Z,0.0140774412478466,3.7803198303776417,3.7943972716254883,0
2023-03-24T17:58:55Z,2023-03-24T17:59:00Z,0.01576232235616848,3.7766709385079196,3.792433260864088,0
2023-03-24T17:58:55Z,2023-03-24T17:59:00Z,0.013354621503795627,3.777520697361752,3.7908753188655475,0
2023-03-24T17:58:55Z,2023-03-24T17:59:00Z,0.01531989909753717,3.7741130301654686,3.789432929263006,0
2023-03-24T17:58:55Z,2023-03-24T17:59:00Z,0.020700897610276048,3.7674588823823734,3.7881597799926494,0
2023-03-24T17:58:55Z,2023-03-24T17:59:00Z,0.019644838764939276,3.7672455154313935,3.786890354196333,0
2023-03-24T17:58:55Z,2023-03-24T17:59:00Z,0.02414686610900807,3.7611584913709,3.785305357479908,0
2023-03-24T17:58:55Z,2023-03-24T17:59:00Z,0.02551789740764976,3.7581859934546356,3.7837038908622853,0
2023-03-24T17:58:55Z,2023-03-24T17:59:00Z,0.02549038186047703,3.7565233546205357,3.7820137364810127,0
2023-03-24T17:58:55Z,2023-03-24T17:59:00Z,0.02218903957590701,3.7578268754320985,3.7800159150080055,0
2023-03-24T17:58:55Z,2023-03-24T17:59:00Z,0.022526725344725662,3.7557420111362223,3.778268736480948,0
2023-03-24T17:58:55Z,2023-03-24T17:59:00Z,0.017106715154815877,3.75951431651474,3.776621031669556,0
2023-03-24T17:58:55Z,2023-03-24T17:59:00Z,0.017464227052484738,3.757542580109801,3.7750068071622858,0
2023-03-24T17:58:55Z,2023-03-24T17:59:00Z,0.016093931194428812,3.756894319895366,3.772988251089795,0
2023-03-24T17:58:55Z,2023-03-24T17:59:00Z,0.02395080202054567,3.747222902444859,3.771173704465405,0
2023-03-24T17:58:55Z,2023-03-24T17:59:00Z,0.023592263259445634,3.7461676511203574,3.769759914379803,0
2023-03-24T17:58:55Z,2023-03-24T17:59:00Z,0.024861732021817406,3.7426182499212044,3.767479981943022,0
2023-03-24T17:58:55Z,2023-03-24T17:59:00Z,0.019545689175389125,3.745944862545891,3.76549055172128,0
2023-03-24T17:58:55Z,2023-03-24T17:59:00Z,0.027703047220296373,3.7357453791013353,3.7634484263216317,0
2023-03-24T17:58:55Z,2023-03-24T17:59:00Z,0.030411652273447665,3.731239351542474,3.761651003815922,0
2023-03-24T17:58:55Z,2023-03-24T17:59:00Z,0.03580862355197434,3.723371159705631,3.7591797832576055,0
2023-03-24T17:58:55Z,2023-03-24T17:59:00Z,0.030911221809208023,3.725685378351809,3.756596600161017,0
2023-03-24T17:58:55Z,2023-03-24T17:59:00Z,0.02974973868090558,3.7240416099642024,3.753791348645108,0
2023-03-24T17:58:55Z,2023-03-24T17:59:00Z,0.02823465843033901,3.722828515530035,3.751063173960374,0
2023-03-24T17:58:55Z,2023-03-24T17:59:00Z,0.01809732855495838,3.730330507500085,3.7484278360550434,0
2023-03-24T17:58:55Z,2023-03-24T17:59:00Z,0.00891817392777794,3.737160695450827,3.746078869378605,0
2023-03-24T17:58:55Z,2023-03-24T17:59:00Z,0.009248355219908966,3.7348876190044162,3.744135974224325,0
2023-03-24T17:58:55Z,2023-03-24T17:59:00Z,0.009857564842620459,3.7330153674911744,3.742872932333795,0
2023-03-24T17:58:55Z,2023-03-24T17:59:00Z,0.014822313702704815,3.7268243883968677,3.7416467020995725,0
2023-03-24T17:58:55Z,2023-03-24T17:59:00Z,0.004282888526718764,3.7361265510923616,3.7404094396190803,0
2023-03-24T17:58:55Z,2023-03-24T17:59:00Z,0.003935163631117344,3.742712893406238,3.7387777297751206,0
2023-03-24T17:58:55Z,2023-03-24T17:59:00Z,0.016492816862144988,3.754238154003378,3.737745337141233,0
2023-03-24T17:58:55Z,2023-03-24T17:59:00Z,0.02561254130072843,3.7624735930151987,3.7368610517144702,0
2023-03-24T17:58:55Z,2023-03-24T17:59:00Z,0.029927625664261104,3.7666147602152353,3.7366871345509742,0
2023-03-24T17:58:55Z,2023-03-24T17:59:00Z,0.03704344443093266,3.7740242249355824,3.7369807805046498,0
2023-03-24T17:58:55Z,2023-03-24T17:59:00Z,0.045634603798347495,3.783636008396175,3.7380014045978274,0
2023-03-24T17:58:55Z,2023-03-24T17:59:00Z,0.05854908746034271,3.7980166275221294,3.7394675400617867,0
2023-03-24T17:58:55Z,2023-03-24T17:59:00Z,0.07098921562242477,3.8126155850776304,3.7416263694552057,0
2023-03-24T17:58:55Z,2023-03-24T17:59:00Z,0.08019337132293769,3.82456035998742,3.744366988664482,0
2023-03-24T17:58:55Z,2023-03-24T17:59:00Z,0.08172065113764049,3.830133440116664,3.7484127889790235,0
2023-03-24T17:58:55Z,2023-03-24T17:59:00Z,0.06948363798082369,3.8228080589832656,3.753324421002442,0
2023-03-24T17:58:55Z,2023-03-24T17:59:00Z,0.06707946178249236,3.8260229501749885,3.758943488392496,0
2023-03-24T17:58:55Z,2023-03-24T17:59:00Z,0.06741770851060735,3.831472916936338,3.764055208425731,0
2023-03-24T17:58:55Z,2023-03-24T17:59:00Z,0.05489644293556051,3.8243190903197535,3.769422647384193,0
2023-03-24T17:58:55Z,2023-03-24T17:59:00Z,0.05379927953581376,3.828940053309813,3.775140773773999,0
2023-03-24T17:58:55Z,2023-03-24T17:59:00Z,0.0493204686327684,3.8294080099235916,3.7800875412908232,0
2023-03-24T17:58:55Z,2023-03-24T17:59:00Z,0.05020512964052859,3.8351231634502456,3.784918033809717,0
2023-03-24T17:58:55Z,2023-03-24T17:59:00Z,0.04234232986354991,3.8322351210900654,3.7898927912265155,0
2023-03-24T17:58:55Z,2023-03-24T17:59:00Z,0.045546444018122134,3.8408133297688,3.795266885750678,0
2023-03-24T17:58:55Z,2023-03-24T17:59:00Z,0.041859424371334164,3.842674243421654,3.80081481905032,0
2023-03-24T17:58:55Z,2023-03-24T17:59:00Z,0.037050825844473945,3.843375475351449,3.806324649506975,0
2023-03-24T17:58:55Z,2023-03-24T17:59:00Z,0.04122559805397863,3.8528113712459753,3.8115857731919967,0
2023-03-24T17:58:55Z,2023-03-24T17:59:00Z,0.038685574367925746,3.85496278552561,3.816277211157684,0
2023-03-24T17:58:55Z,2023-03-24T17:59:00Z,0.0335624206073204,3.854594251671888,3.8210318310645675,0
2023-03-24T17:58:55Z,2023-03-24T17:59:00Z,0.03268897175537999,3.8583706988889146,3.8256817271335346,0
2023-03-24T17:58:55Z,2023-03-24T17:59:00Z,0.02194634500010073,3.8518685998565982,3.8299222548564975,0
2023-03-24T17:58:55Z,2023-03-24T17:59:00Z,0.014645075582226497,3.8485007352015,3.8338556596192737,0
2023-03-24T17:58:55Z,2023-03-24T17:59:00Z,0.004697926058596202,3.8413879000112634,3.836689973952667,0
2023-03-24T17:58:55Z,2023-03-24T17:59:00Z,0.0025355593390083975,3.8411142254034574,3.838578666064449,0
2023-03-24T17:58:55Z,2023-03-24T17:59:00Z,0.0056636977571655756,3.833800628308538,3.8394643260657038,0
2023-03-24T17:58:55Z,2023-03-24T17:59:00Z,0.012624587333677884,3.8274176747997526,3.8400422621334305,0
2023-03-24T17:58:55Z,2023-03-24T17:59:00Z,0.019795069105486895,3.820825749308221,3.840620818413708,0
2023-03-24T17:58:55Z,2023-03-24T17:59:00Z,0.02364248263251767,3.817051742340388,3.8406942249729057,0
2023-03-24T17:58:55Z,2023-03-24T17:59:00Z,0.025728592059337974,3.8144052556699823,3.8401338477293203,0
2023-03-24T17:58:55Z,2023-03-24T17:59:00Z,0.02531589751311092,3.8144354582172952,3.839751355730406,0
2023-03-24T17:58:55Z,2023-03-24T17:59:00Z,0.03614262784968236,3.8028437385312595,3.838986366380942,0
2023-03-24T17:58:55Z,2023-03-24T17:59:00Z,0.029416055564313037,3.8087822817794548,3.838198337343768,0
2023-03-24T17:58:55Z,2023-03-24T17:59:00Z,0.021880271803718987,3.8146191484390504,3.8364994202427694,0
2023-03-24T17:58:55Z,2023-03-24T17:59:00Z,0.019713484911229262,3.8155515753678237,3.835265060279053,0
2023-03-24T17:58:55Z,2023-03-24T17:59:00Z,0.026628929360563713,3.8072574897958704,3.833886419156434,0
2023-03-24T17:58:55Z,2023-03-24T17:59:00Z,0.030505913807408636,3.8019529965040872,3.832458910311496,0
2023-03-24T17:58:55Z,2023-03-24T17:59:00Z,0.02995254004886183,3.800605423654446,3.830557963703308,0
2023-03-24T17:58:55Z,2023-03-24T17:59:00Z,0.030755581393010267,3.7971256257449353,3.8278812071379456,0
2023-03-24T17:58:55Z,2023-03-24T17:59:00Z,0.03199096266475898,3.7930293306904934,3.8250202933552524,0
2023-03-24T17:58:55Z,2023-03-24T17:59:00Z,0.022108176767820176,3.7998874520649615,3.8219956288327817,0
2023-03-24T17:58:55Z,2023-03-24T17:59:00Z,0.02029611168125145,3.7982604977726653,3.8185566094539167,0
2023-03-24T17:58:55Z,2023-03-24T17:59:00Z,0.011596319602368066,3.8042244399677783,3.8158207595701463,0
2023-03-24T17:58:55Z,2023-03-24T17:59:00Z,0.01212775377201103,3.801048782775565,3.813176536547576,0
2023-03-24T17:58:55Z,2023-03-24T17:59:00Z,0.019839832450872397,3.791380732515468,3.8112205649663404,0
2023-03-24T17:58:55Z,2023-03-24T17:59:00Z,0.0305279419533524,3.778583915506257,3.8091118574596092,0
2023-03-24T17:58:55Z,2023-03-24T17:59:00Z,0.03639919093328148,3.7704800404319556,3.806879231365237,0
2023-03-24T17:58:55Z,2023-03-24T17:59:00Z,0.029365419551630634,3.7749436139560535,3.804309033507684,0
2023-03-24T17:58:55Z,2023-03-24T17:59:00Z,0.027447219527930056,3.7742120398283725,3.8016592593563026,0
2023-03-24T17:58:55Z,2023-03-24T17:59:00Z,0.027998181264697664,3.7714448608082187,3.7994430420729164,0
2023-03-24T17:58:55Z,2023-03-24T17:59:00Z,0.0404283821959579,3.756899227464242,3.7973276096601998,0
2023-03-24T17:58:55Z,2023-03-24T17:59:00Z,0.04339075660060532,3.751674190038064,3.7950649466386692,0
2023-03-24T17:58:55Z,2023-03-24T17:59:00Z,0.05454446736352825,3.7381023471137187,3.792646814477247,0
2023-03-24T17:58:55Z,2023-03-24T17:59:00Z,0.05400939717298581,3.7356317282652407,3.7896411254382265,0
2023-03-24T17:58:55Z,2023-03-24T17:59:00Z,0.04714507626574216,3.7384688491027305,3.7856139253684726,0
2023-03-24T17:58:55Z,2023-03-24T17:59:00Z,0.044522734960315,3.736884882665917,3.781407617626232,0
2023-03-24T17:58:55Z,2023-03-24T17:59:00Z,0.0431358779361215,3.734651284916787,3.7777871628529085,0
2023-03-24T17:58:55Z,2023-03-24T17:59:00Z,0.04332411471505493,3.7310384105674235,3.7743625252824784,0
2023-03-24T17:58:55Z,2023-03-24T17:59:00Z,0.0441790292912243,3.7267122255313776,3.770891254822602,0
2023-03-24T17:58:55Z,2023-03-24T17:59:00Z,0.0407261969870798,3.726686783352495,3.7674129803395746,0
2023-03-24T17:58:55Z,2023-03-24T17:59:00Z,0.042960751692208365,3.7209618546916223,3.7639226063838307,0
2023-03-24T17:58:55Z,2023-03-24T17:59:00Z,0.04236911021337786,3.7177008293961125,3.7600699396094903,0
2023-03-24T17:58:55Z,2023-03-24T17:59:00Z,0.04817690735338642,3.7078246826202603,3.7560015899736467,0
2023-03-24T17:58:55Z,2023-03-24T17:59:00Z,0.03737094423422249,3.71407677149881,3.7514477157330326,0
2023-03-24T17:58:55Z,2023-03-24T17:59:00Z,0.02734740516686962,3.719193778979041,3.7465411841459106,0
2023-03-24T17:58:55Z,2023-03-24T17:59:00Z,0.024943992671214055,3.717528561947505,3.742472554618719,0
2023-03-24T17:58:55Z,2023-03-24T17:59:00Z,0.018796488229646524,3.720550269729746,3.7393467579593924,0
2023-03-24T17:58:55Z,2023-03-24T17:59:00Z,0.01814463830539692,3.7184151997337604,3.7365598380391574,0
2023-03-24T17:58:55Z,2023-03-24T17:59:00Z,0.015469692306809169,3.7182273381414896,3.733697030448299,0
2023-03-24T17:58:55Z,2023-03-24T17:59:00Z,0.010890022474859595,3.719870332178986,3.7307603546538455,0
2023-03-24T17:58:55Z,2023-03-24T17:59:00Z,0.007478533971479351,3.7204808984367497,3.727959432408229,0
2023-03-24T17:58:55Z,2023-03-24T17:59:00Z,0.006225427539737094,3.719785115642952,3.726010543182689,0
2023-03-24T17:58:55Z,2023-03-24T17:59:00Z,0.004739129074907478,3.719629661918238,3.7243687909931453,0
2023-03-24T17:58:55Z,2023-03-24T17:59:00Z,0.0036494747364548275,3.7197552514424403,3.723404726178895,0
2023-03-24T17:58:55Z,2023-03-24T17:59:00Z,0.005808467949627971,3.716754044211003,3.722562512160631,0
2023-03-24T17:58:55Z,2023-03-24T17:59:00Z,0.00606935180804502,3.7155082341599397,3.7215775859679847,0
2023-03-24T17:58:55Z,2023-03-24T17:59:00Z,0.002423604536123225,3.722941672690691,3.720518068154568,0
2023-03-24T17:58:55Z,2023-03-24T17:59:00Z,0.00930480898368602,3.728815348151052,3.719510539167366,0
2023-03-24T17:58:55Z,2023-03-24T17:59:00Z,0.00011140687572108732,3.7191958019443114,3.7190843950685903,0
2023-03-24T17:58:55Z,2023-03-24T17:59:00Z,0.00044581818028133213,3.7187492675525022,3.7191950857327836,0
2023-03-24T17:58:55Z,2023-03-24T17:59:00Z,0.004436959972166754,3.7143638635812395,3.7188008235534062,0
2023-03-24T17:58:55Z,2023-03-24T17:59:00Z,0.011001841857004813,3.7076825297417106,3.7186843715987155,0
2023-03-24T17:58:55Z,2023-03-24T17:59:00Z,0.015578839896694063,3.7029299019222908,3.718508741818985,0
2023-03-24T17:58:55Z,2023-03-24T17:59:00Z,0.016173004324128826,3.7023282557644066,3.7185012600885354,0
2023-03-24T17:58:55Z,2023-03-24T17:59:00Z,0.012883652885232078,3.7050309298571706,3.7179145827424027,0
2023-03-24T17:58:55Z,2023-03-24T17:59:00Z,0.006024580854910866,3.7110023427709327,3.7170269236258435,0
2023-03-24T17:58:55Z,2023-03-24T17:59:00Z,0.004882043481107878,3.7114871100347178,3.7163691535158256,0
2023-03-24T17:58:55Z,2023-03-24T17:59:00Z,0.004762123276304209,3.7111045077680047,3.715866631044309,0
2023-03-24T17:58:55Z,2023-03-24T17:59:00Z,0.009228666839332877,3.706273327905027,3.71550199474436,0
2023-03-24T17:58:55Z,2023-03-24T17:59:00Z,0.006859467739357417,3.708267641195871,3.7151271089352282,0
2023-03-24T17:58:55Z,2023-03-24T17:59:00Z,0.015944211570998235,3.6984672655603372,3.7144114771313355,0
2023-03-24T17:58:55Z,2023-03-24T17:59:00Z,0.013052727660979535,3.700715946457679,3.7137686741186586,0
2023-03-24T17:58:55Z,2023-03-24T17:59:00Z,0.009434400190539538,3.7032122818185074,3.712646682009047,0
2023-03-24T17:58:55Z,2023-03-24T17:59:00Z,0.010292920206474765,3.7013583030941217,3.7116512233005965,0
2023-03-24T17:58:55Z,2023-03-24T17:59:00Z,0.0030491398224485877,3.7077314008663618,3.7107805406888104,0
2023-03-24T17:58:55Z,2023-03-24T17:59:00Z,0.008756736746356797,3.7012135017784074,3.709970238524764,0
2023-03-24T17:58:55Z,2023-03-24T17:59:00Z,0.01170362395575042,3.697857307553562,3.7095609315093125,0
2023-03-24T17:58:55Z,2023-03-24T17:59:00Z,0.0022380222321229937,3.706179321334438,3.708417343566561,0
2023-03-24T17:58:55Z,2023-03-24T17:59:00Z,0.0034960414727649436,3.7102840144815628,3.706787973008798,0
2023-03-24T17:58:55Z,2023-03-24T17:59:00Z,0.003122161119767153,3.7092250562017286,3.7061028950819614,0
2023-03-24T17:58:55Z,2023-03-24T17:59:00Z,0.008569625899720545,3.7142269813463704,3.70565735544665,0
2023-03-24T17:58:55Z,2023-03-24T17:59:00Z,0.012223637558089528,3.717610529458449,3.7053868919003596,0
2023-03-24T17:58:55Z,2023-03-24T17:59:00Z,0.00863578008997079,3.714367116811629,3.705731336721658,0
2023-03-24T17:58:55Z,2023-03-24T17:59:00Z,0.011431929073910219,3.717935930402734,3.706504001328824,0
2023-03-24T17:58:55Z,2023-03-24T17:59:00Z,0.01196711748129875,3.7191047430757664,3.7071376255944677,0
2023-03-24T17:58:55Z,2023-03-24T17:59:00Z,0.013488058543162484,3.7213048946926586,3.707816836149496,0
2023-03-24T17:58:55Z,2023-03-24T17:59:00Z,0.01762753102805359,3.725870809298857,3.7082432782708032,0
2023-03-24T17:58:55Z,2023-03-24T17:59:00Z,0.016009394598980098,3.724769398378097,3.708760003779117,0
2023-03-24T17:58:55Z,2023-03-24T17:59:00Z,0.01953641415750207,3.729073591701401,3.709537177543899,0
2023-03-24T17:58:55Z,2023-03-24T17:59:00Z,0.0177352244797917,3.7282458794170097,3.710510654937218,0
2023-03-24T17:58:55Z,2023-03-24T17:59:00Z,0.014931993263330057,3.7265376982271547,3.7116057049638247,0
2023-03-24T17:58:55Z,2023-03-24T17:59:00Z,0.006666308768788376,3.719839309198755,3.7131730004299666,0
2023-03-24T17:58:55Z,2023-03-24T17:59:00Z,0.0012442021517409252,3.7157762421485208,3.71453203999678,0
2023-03-24T17:58:55Z,2023-03-24T17:59:00Z,0.0017552015742618998,3.713651945126742,3.7154071467010037,0
2023-03-24T17:58:55Z,2023-03-24T17:59:00Z,0.001427564269673276,3.7147384213289305,3.716165985598604,0
2023-03-24T17:58:55Z,2023-03-24T17:59:00Z,0.0031971574597373653,3.713280435731517,3.716477593191254,0
2023-03-24T17:58:55Z,2023-03-24T17:59:00Z,2.8560713305481045e-06,3.7171922871336656,3.717189431062335,0
2023-03-24T17:58:55Z,2023-03-24T17:59:00Z,0.01059612530792986,3.7285972999585786,3.7180011746506487,0
2023-03-24T17:58:55Z,2023-03-24T17:59:00Z,0.011893233783794255,3.73047403821335,3.7185808044295556,0
2023-03-24T17:58:55Z,2023-03-24T17:59:00Z,0.018653729047558798,3.7381983906074834,3.7195446615599246,0
2023-03-24T17:58:55Z,2023-03-24T17:59:00Z,0.019683652387894046,3.740346681422114,3.72066302903422,0
2023-03-24T17:58:55Z,2023-03-24T17:59:00Z,0.020649294675755492,3.7425739768289814,3.721924682153226,0
2023-03-24T17:58:55Z,2023-03-24T17:59:00Z,0.02624253620272743,3.7493638579329893,3.723121321730262,0
2023-03-24T17:58:55Z,2023-03-24T17:59:00Z,0.024287340181819328,3.7488932334919416,3.7246058933101223,0
2023-03-24T17:58:55Z,2023-03-24T17:59:00Z,0.024481835084895653,3.750741829843978,3.7262599947590824,0
2023-03-24T17:58:55Z,2023-03-24T17:59:00Z,0.023160217628407143,3.750988027672552,3.7278278100441447,0
2023-03-24T17:58:55Z,2023-03-24T17:59:00Z,0.024881806635246306,3.7542589290557764,3.72937712242053,0
2023-03-24T17:58:55Z,2023-03-24T17:59:00Z,0.0375188072913466,3.7682178885736493,3.7306990812823027,0
2023-03-24T17:58:55Z,2023-03-24T17:59:00Z,0.043038425616870324,3.775289587461157,3.7322511618442866,0
2023-03-24T17:58:55Z,2023-03-24T17:59:00Z,0.046275781326262866,3.78058716932172,3.734311387995457,0
2023-03-24T17:58:55Z,2023-03-24T17:59:00Z,0.05078433858229925,3.787571711211659,3.73678737262936,0
2023-03-24T17:58:55Z,2023-03-24T17:59:00Z,0.05167201942789035,3.7913041010622273,3.739632081634337,0
2023-03-24T17:58:55Z,2023-03-24T17:59:00Z,0.04887807850494985,3.792075023403124,3.743196944898174,0
2023-03-24T17:58:55Z,2023-03-24T17:59:00Z,0.047621925004526666,3.794794020371843,3.747172095367316,0
2023-03-24T17:58:55Z,2023-03-24T17:59:00Z,0.045341240214245904,3.796640866017162,3.751299625802916,0
2023-03-24T17:58:55Z,2023-03-24T17:59:00Z,0.05064380821333225,3.8061568865974533,3.755513078384121,0
2023-03-24T17:58:55Z,2023-03-24T17:59:00Z,0.06823654310268479,3.828137012554471,3.7599004694517864,0
2023-03-24T17:58:55Z,2023-03-24T17:59:00Z,0.07236679194952966,3.8369496087415156,3.764582816791986,0
2023-03-24T17:58:55Z,2023-03-24T17:59:00Z,0.08230507148855981,3.852126820522435,3.7698217490338752,0
2023-03-24T17:58:55Z,2023-03-24T17:59:00Z,0.08100903590990605,3.856434762340001,3.775425726430095,0
2023-03-24T17:58:55Z,2023-03-24T17:59:00Z,0.08491604061786218,3.8663380002013747,3.7814219595835126,0
2023-03-24T17:58:55Z,2023-03-24T17:59:00Z,0.09381042698510678,3.881342285564298,3.7875318585791913,0
2023-03-24T17:58:55Z,2023-03-24T17:59:00Z,0.09687523813043741,3.8909209926765973,3.79404575454616,0
2023-03-24T17:58:55Z,2023-03-24T17:59:00Z,0.0989649088391853,3.899956896418572,3.8009919875793865,0
2023-03-24T17:58:55Z,2023-03-24T17:59:00Z,0.09910403589545558,3.907571168695087,3.8084671327996316,0
2023-03-24T17:58:55Z,2023-03-24T17:59:00Z,0.09300024153082953,3.9093207988870184,3.816320557356189,0
2023-03-24T17:58:55Z,2023-03-24T17:59:00Z,0.09549721967822711,3.9200589949829703,3.824561775304743,0
2023-03-24T17:58:55Z,2023-03-24T17:59:00Z,0.08921109680171524,3.9219340231502082,3.832722926348493,0
2023-03-24T17:58:55Z,2023-03-24T17:59:00Z,0.0926685387860382,3.933383102313969,3.8407145635279307,0
2023-03-24T17:58:55Z,2023-03-24T17:59:00Z,0.08913708377198981,3.9375697754940817,3.848432691722092,0
2023-03-24T17:58:55Z,2023-03-24T17:59:00Z,0.08706250510785551,3.9435370880400655,3.85647458293221,0
2023-03-24T17:58:55Z,2023-03-24T17:59:00Z,0.07754161871508902,3.9419108366095323,3.8643692178944433,0
2023-03-24T17:58:55Z,2023-03-24T17:59:00Z,0.0755324957978405,3.9479139761648003,3.87238148036696,0
2023-03-24T17:58:55Z,2023-03-24T17:59:00Z,0.07474219647130642,3.9550097722701834,3.880267575798877,0
2023-03-24T17:58:55Z,2023-03-24T17:59:00Z,0.0665889303133369,3.9549154511539477,3.888326520840611,0
2023-03-24T17:58:55Z,2023-03-24T17:59:00Z,0.061895960743215905,3.958557687176092,3.896661726432876,0
2023-03-24T17:58:55Z,2023-03-24T17:59:00Z,0.052995390607111226,3.9574865151745398,3.9044911245674285,0
2023-03-24T17:58:55Z,2023-03-24T17:59:00Z,0.051671810669688956,3.963027181269834,3.911355370600145,0
2023-03-24T17:58:55Z,2023-03-24T17:59:00Z,0.06760045952056659,3.9852998778277127,3.917699418307146,0
2023-03-24T17:58:55Z,2023-03-24T17:59:00Z,0.07066212431389518,3.9941984037130096,3.9235362793991144,0
2023-03-24T17:58:55Z,2023-03-24T17:59:00Z,0.0641222011444107,3.9944408550428783,3.9303186538984676,0
2023-03-24T17:58:55Z,2023-03-24T17:59:00Z,0.06264410382561492,3.9996922526457483,3.9370481488201334,0
2023-03-24T17:58:55Z,2023-03-24T17:59:00Z,0.06011471584822203,4.003115420956702,3.9430007051084797,0
2023-03-24T17:58:55Z,2023-03-24T17:59:00Z,0.054191912194818226,4.0029174204595686,3.9487255082647503,0
2023-03-24T17:58:55Z,2023-03-24T17:59:00Z,0.04525014257645488,3.999405046869528,3.9541549042930733,0
2023-03-24T17:58:55Z,2023-03-24T17:59:00Z,0.04019262305273541,3.9993657511228857,3.9591731280701503,0
2023-03-24T17:58:55Z,2023-03-24T17:59:00Z,0.03123574756725711,3.995150151847014,3.9639144042797567,0
2023-03-24T17:58:55Z,2023-03-24T17:59:00Z,0.02765873390827034,3.9957471779848643,3.968088444076594,0
2023-03-24T17:58:55Z,2023-03-24T17:59:00Z,0.024102615863077936,3.9960445403973983,3.9719419245343204,0
2023-03-24T17:58:55Z,2023-03-24T17:59:00Z,0.01942020402427902,3.994644448330752,3.975224244306473,0
2023-03-24T17:58:55Z,2023-03-24T17:59:00Z,0.020682814000006378,3.9989846775119173,3.978301863511911,0
2023-03-24T17:58:55Z,2023-03-24T17:59:00Z,0.023762551071086158,4.004754275650927,3.980991724579841,0
2023-03-24T17:58:55Z,2023-03-24T17:59:00Z,0.016439961073506648,4.000435572016631,3.9839956109431243,0
2023-03-24T17:58:55Z,2023-03-24T17:59:00Z,0.013365162498225391,4.0003523681511455,3.98698720565292,0
2023-03-24T17:58:55Z,2023-03-24T17:59:00Z,0.009579028023428027,3.9989570652419517,3.9893780372185237,0
2023-03-24T17:58:55Z,2023-03-24T17:59:00Z,0.0018907026319148201,3.9898787512706715,3.9917694539025863,0
2023-03-24T17:58:55Z,2023-03-24T17:59:00Z,0.017033712913317345,3.9768620240453676,3.993895736958685,0
2023-03-24T17:58:55Z,2023-03-24T17:59:00Z,0.025121314124583183,3.970479277365476,3.995600591490059,0
2023-03-24T17:58:55Z,2023-03-24T17:59:00Z,0.036869412408837565,3.9594593287009876,3.996328741109825,0
2023-03-24T17:58:55Z,2023-03-24T17:59:00Z,0.038034666331884015,3.9575140431746654,3.9955487095065494,0
2023-03-24T17:58:55Z,2023-03-24T17:59:00Z,0.0349294491935237,3.9587908879439713,3.993720337137495,0
2023-03-24T17:58:55Z,2023-03-24T17:59:00Z,0.040612243154275696,3.951164577569103,3.991776820723379,0
2023-03-24T17:58:55Z,2023-03-24T17:59:00Z,0.04479694403759149,3.944827173280432,3.9896241173180234,0
2023-03-24T17:58:55Z,2023-03-24T17:59:00Z,0.04685943687332328,3.9400304255295624,3.9868898624028857,0
2023-03-24T17:58:55Z,2023-03-24T17:59:00Z,0.058249679384777764,3.925582801587627,3.9838324809724046,0
2023-03-24T17:58:55Z,2023-03-24T17:59:00Z,0.05261034780073626,3.928097153101144,3.98070750090188,0
2023-03-24T17:58:55Z,2023-03-24T17:59:00Z,0.03890124609408874,3.9379229416743566,3.9768241877684454,0
2023-03-24T17:58:55Z,2023-03-24T17:59:00Z,0.03866157669896708,3.9346335058723274,3.9732950825712945,0
2023-03-24T17:58:55Z,2023-03-24T17:59:00Z,0.04109334046348101,3.9291583612493657,3.9702517017128467,1
2023-03-24T17:58:55Z,2023-03-24T17:59:00Z,0.03091502127288903,3.936104520728112,3.967019542001001,1
2023-03-24T17:58:55Z,2023-03-24T17:59:00Z,0.03045722891582736,3.933115676922995,3.9635729058388223,1
2023-03-24T17:58:55Z,2023-03-24T17:59:00Z,0.03037451936304203,3.9298889045397907,3.9602634239028327,1
2023-03-24T17:58:55Z,2023-03-24T17:59:00Z,0.01390989118444974,3.942583080153755,3.956492971338205,1
2023-03-24T17:58:55Z,2023-03-24T17:59:00Z,0.005466249894391151,3.947313738945033,3.952779988839424,1
2023-03-24T17:58:55Z,2023-03-24T17:59:00Z,0.0016708553635877976,3.9480686446338678,3.9497394999974555,1
2023-03-24T17:58:55Z,2023-03-24T17:59:00Z,0.006660087318766106,3.95368151751112,3.947021430192354,1
2023-03-24T17:58:55Z,2023-03-24T17:59:00Z,0.004490546283367536,3.949311444547469,3.9448208982641013,1
2023-03-24T17:58:55Z,2023-03-24T17:59:00Z,0.014560954241775281,3.9581618258461795,3.943600871604404,1
2023-03-24T17:58:55Z,2023-03-24T17:59:00Z,0.012446066358627661,3.954932841498927,3.942486775140299,1
2023-03-24T17:58:55Z,2023-03-24T17:59:00Z,0.014614497853234987,3.9570329833695963,3.9424184855163613,1
2023-03-24T17:58:55Z,2023-03-24T17:59:00Z,0.019967631652235696,3.962250264448822,3.9422826327965863,1
2023-03-24T17:58:55Z,2023-03-24T17:59:00Z,0.025448932496295207,3.967639043999493,3.942190111503198,1
2023-03-24T17:58:55Z,2023-03-24T17:59:00Z,0.025419862207716193,3.96819343091511,3.942773568707394,1
2023-03-24T17:58:55Z,2023-03-24T17:59:00Z,0.03131181533814553,3.9752860088202273,3.943974193482082,1
2023-03-24T17:58:55Z,2023-03-24T17:59:00Z,0.0320983738930849,3.9775548308165107,3.945456456923426,1
2023-03-24T17:58:55Z,2023-03-24T17:59:00Z,0.02959602229899616,3.9776684374978224,3.9480724151988262,1
2023-03-24T17:58:55Z,2023-03-24T17:59:00Z,0.01632594067006643,3.9670013915381226,3.950675450868056,1
2023-03-24T17:58:55Z,2023-03-24T17:59:00Z,0.010196620381673682,3.9629639394509653,3.9527673190692916,1
2023-03-24T17:58:55Z,2023-03-24T17:59:00Z,0.014481390205733913,3.968952282204804,3.95447089199907,1
2023-03-24T17:58:55Z,2023-03-24T17:59:00Z,0.015260601708839694,3.9715107346658876,3.956250132957048,1
2023-03-24T17:58:55Z,2023-03-24T17:59:00Z,0.01782480171157541,3.9758037642200295,3.957978962508454,1
2023-03-24T17:58:55Z,2023-03-24T17:59:00Z,0.02385772231739791,3.9838574773386357,3.959999755021238,1
2023-03-24T17:58:55Z,2023-03-24T17:59:00Z,0.026421171550314426,3.9888374981336696,3.962416326583355,1
2023-03-24T17:58:55Z,2023-03-24T17:59:00Z,0.023526924308886255,3.988115587586182,3.9645886632772958,1
2023-03-24T17:58:55Z,2023-03-24T17:59:00Z,0.02577560297504844,3.992549727262273,3.9667741242872245,1
2023-03-24T17:58:55Z,2023-03-24T17:59:00Z,0.022662382933288594,3.991544241060108,3.9688818581268195,1
2023-03-24T17:58:55Z,2023-03-24T17:59:00Z,0.018721405169986216,3.9896489585468666,3.9709275533768804,1
2023-03-24T17:58:55Z,2023-03-24T17:59:00Z,0.012928534845625617,3.9860788669863294,3.973150332140704,1
2023-03-24T17:58:55Z,2023-03-24T17:59:00Z,0.007738095835471803,3.9825456454867383,3.9748075496512665,1
2023-03-24T17:58:55Z,2023-03-24T17:59:00Z,0.0014162683919289876,3.9778630825425325,3.9764468141506035,1
2023-03-24T17:58:55Z,2023-03-24T17:59:00Z,0.00794409368369875,3.9698454921572806,3.9777895858409793,1
2023-03-24T17:58:55Z,2023-03-24T17:59:00Z,0.010604308060955692,3.968007005048113,3.978611313109069,1
2023-03-24T17:58:55Z,2023-03-24T17:59:00Z,0.016993710225097658,3.9617337317343804,3.978727441959478,1
2023-03-24T17:58:55Z,2023-03-24T17:59:00Z,0.024745918148611157,3.95397171192313,3.978717630071741,1
2023-03-24T17:58:55Z,2023-03-24T17:59:00Z,0.032461109191176174,3.9455432431392055,3.9780043523303816,1
2023-03-24T17:58:55Z,2023-03-24T17:59:00Z,0.04348417139578009,3.9332789641507397,3.97676313554652,1
2023-03-24T17:58:55Z,2023-03-24T17:59:00Z,0.052652856199145504,3.922419479644289,3.9750723358434343,1
2023-03-24T17:58:55Z,2023-03-24T17:59:00Z,0.06889264477056312,3.9044048264735363,3.9732974712440994,1
2023-03-24T17:58:55Z,2023-03-24T17:59:00Z,0.08584735453731973,3.885316197769585,3.971163552306905,1
2023-03-24T17:58:55Z,2023-03-24T17:59:00Z,0.10409274602818686,3.8636735717665465,3.9677663177947333,1
2023-03-24T17:58:55Z,2023-03-24T17:59:00Z,0.1229236558939899,3.8403061073272533,3.963229763221243,1
2023-03-24T17:58:55Z,2023-03-24T17:59:00Z,0.13172468141793026,3.825603492726813,3.9573281741447435,1
2023-03-24T17:58:55Z,2023-03-24T17:59:00Z,0.12358508883382546,3.8261877500471613,3.9497728388809867,1
2023-03-24T17:58:55Z,2023-03-24T17:59:00Z,0.1163973849617066,3.8247841904768145,3.941181575438521,1
2023-03-24T17:58:55Z,2023-03-24T17:59:00Z,0.11525854012195769,3.817400517551352,3.93265905767331,1
2023-03-24T17:58:55Z,2023-03-24T17:59:00Z,0.10879625400016968,3.8150330385791684,3.923829292579338,1
2023-03-24T17:58:55Z,2023-03-24T17:59:00Z,0.10537680197703203,3.8092870314702663,3.9146638334472983,1
2023-03-24T17:58:55Z,2023-03-24T17:59:00Z,0.10450207441239678,3.800971447457654,3.905473521870051,1
2023-03-24T17:58:55Z,2023-03-24T17:59:00Z,0.10450299621189219,3.791665692209945,3.896168688421837,1
2023-03-24T17:58:55Z,2023-03-24T17:59:00Z,0.1034004580221346,3.78321169366133,3.8866121516834644,1
2023-03-24T17:58:55Z,2023-03-24T17:59:00Z,0.10981645505544257,3.766995833978938,3.8768122890343806,1
2023-03-24T17:58:55Z,2023-03-24T17:59:00Z,0.1100552059971327,3.7569342515374613,3.866989457534594,1
2023-03-24T17:58:55Z,2023-03-24T17:59:00Z,0.10758009853903694,3.748829823676126,3.856409922215163,1
2023-03-24T17:58:55Z,2023-03-24T17:59:00Z,0.10101048989026529,3.744620512314534,3.8456310022047995,1
2023-03-24T17:58:55Z,2023-03-24T17:59:00Z,0.09847405222020145,3.736360008497914,3.8348340607181153,1
2023-03-24T17:58:55Z,2023-03-24T17:59:00Z,0.08590219528425846,3.7383569848641383,3.8242591801483967,1
2023-03-24T17:58:55Z,2023-03-24T17:59:00Z,0.08050298013362855,3.7333920444540927,3.8138950245877212,1
2023-03-24T17:58:55Z,2023-03-24T17:59:00Z,0.07511250680558623,3.7290950180568636,3.80420752486245,1
2023-03-24T17:58:55Z,2023-03-24T17:59:00Z,0.058959792100026664,3.736247060024557,3.7952068521245836,1
2023-03-24T17:58:55Z,2023-03-24T17:59:00Z,0.041796164685934833,3.745188520085348,3.7869846847712827,0
2023-03-24T17:58:55Z,2023-03-24T17:59:00Z,0.021666884243955575,3.758611142014591,3.7802780262585465,0
2023-03-24T17:58:55Z,2023-03-24T17:59:00Z,0.008015967590216277,3.767255869866125,3.775271837456341,0
2023-03-24T17:58:55Z,2023-03-24T17:59:00Z,0.007193784212389254,3.7789397084733496,3.7717459242609603,0
2023-03-24T17:58:55Z,2023-03-24T17:59:00Z,0.023134496478253386,3.7917787428349485,3.768644246356695,0
2023-03-24T17:58:55Z,2023-03-24T17:59:00Z,0.03735317184009235,3.8035845507229205,3.766231378882828,0
2023-03-24T17:58:55Z,2023-03-24T17:59:00Z,0.058104015701656575,3.8229868801257276,3.764882864424071,0
2023-03-24T17:58:55Z,2023-03-24T17:59:00Z,0.07385202348418174,3.838132335915818,3.7642803124316364,0
2023-03-24T17:58:55Z,2023-03-24T17:59:00Z,0.08900850347157485,3.8540098605692883,3.7650013570977134,0
2023-03-24T17:58:55Z,2023-03-24T17:59:00Z,0.10289391697295125,3.869851110305305,3.766957193332354,0
2023-03-24T17:58:55Z,2023-03-24T17:59:00Z,0.11745227778755352,3.887690743138821,3.7702384653512673,0
2023-03-24T17:58:55Z,2023-03-24T17:59:00Z,0.12216715207965878,3.8969655867279767,3.774798434648318,0
2023-03-24T17:58:55Z,2023-03-24T17:59:00Z,0.12079181490196023,3.9019426131902724,3.781150798288312,0
2023-03-24T17:58:55Z,2023-03-24T17:59:00Z,0.11777617388320394,3.9062970424447006,3.7885208685614966,0
2023-03-24T17:58:55Z,2023-03-24T17:59:00Z,0.11262857395693171,3.9092080103875944,3.7965794364306626,0
2023-03-24T17:58:55Z,2023-03-24T17:59:00Z,0.10667839320074357,3.9117671206908886,3.805088727490145,0
2023-03-24T17:58:55Z,2023-03-24T17:59:00Z,0.1016526509813005,3.9158386417287976,3.814185990747497,0
2023-03-24T17:58:55Z,2023-03-24T17:59:00Z,0.08489799010224264,3.9082108301037786,3.823312840001536,0
2023-03-24T17:58:55Z,2023-03-24T17:59:00Z,0.06888543859159135,3.90180073108127,3.8329152924896785,0
2023-03-24T17:58:55Z,2023-03-24T17:59:00Z,0.05935240624426097,3.9016948467364085,3.8423424404921476,0
2023-03-24T17:58:55Z,2023-03-24T17:59:00Z,0.041216403957423875,3.89227219555782,3.851055791600396,0
2023-03-24T17:58:55Z,2023-03-24T17:59:00Z,0.022976142860168913,3.882269109547462,3.8592929666872933,0
2023-03-24T17:58:55Z,2023-03-24T17:59:00Z,0.004457371840387303,3.87078513081943,3.866327758979043,0
2023-03-24T17:58:55Z,2023-03-24T17:59:00Z,0.01080553214549207,3.861575555237832,3.872381087383324,0
2023-03-24T17:58:55Z,2023-03-24T17:59:00Z,0.02706007034892366,3.850154986631562,3.8772150569804857,0
2023-03-24T17:58:55Z,2023-03-24T17:59:00Z,0.04131161910237102,3.8395769543203717,3.8808885734227427,0
2023-03-24T17:58:55Z,2023-03-24T17:59:00Z,0.05114384911238501,3.832195799884497,3.883339648996882,0
2023-03-24T17:58:55Z,2023-03-24T17:59:00Z,0.07090081326418085,3.81331199753242,3.8842128107966007,0
2023-03-24T17:58:55Z,2023-03-24T17:59:00Z,0.07648723922169642,3.8074131223100975,3.883900361531794,0
2023-03-24T17:58:55Z,2023-03-24T17:59:00Z,0.07287329562440892,3.8088850731159707,3.8817583687403796,0
2023-03-24T17:58:55Z,2023-03-24T17:59:00Z,0.07212738346871905,3.806344775377176,3.878472158845895,0
2023-03-24T17:58:55Z,2023-03-24T17:59:00Z,0.06828152604082982,3.806042965961757,3.8743244920025868,0
2023-03-24T17:58:55Z,2023-03-24T17:59:00Z,0.06816275898142488,3.8013922166342775,3.8695549756157024,0
2023-03-24T17:58:55Z,2023-03-24T17:59:00Z,0.06690316548878394,3.797604460272786,3.86450762576157,0
2023-03-24T17:58:55Z,2023-03-24T17:59:00Z,0.06359880530930617,3.795387513830663,3.8589863191399694,0
2023-03-24T17:58:55Z,2023-03-24T17:59:00Z,0.06772000885064067,3.7853924392306535,3.853112448081294,0
2023-03-24T17:58:55Z,2023-03-24T17:59:00Z,0.07164699639318028,3.7753402092217865,3.8469872056149668,0
2023-03-24T17:58:55Z,2023-03-24T17:59:00Z,0.06813114927082875,3.7719904667389725,3.8401216160098013,0
2023-03-24T17:58:55Z,2023-03-24T17:59:00Z,0.07172737764982573,3.7614010477872393,3.833128425437065,0
2023-03-24T17:58:55Z,2023-03-24T17:59:00Z,0.08149072818099024,3.7448055780801646,3.826296306261155,0
2023-03-24T17:58:55Z,2023-03-24T17:59:00Z,0.08475314862835859,3.734159273477577,3.8189124221059356,0
2023-03-24T17:58:55Z,2023-03-24T17:59:00Z,0.08737850236679989,3.723772518819259,3.811151021186059,0
2023-03-24T17:58:55Z,2023-03-24T17:59:00Z,0.08236571403845971,3.720990052617605,3.8033557666560647,0
2023-03-24T17:58:55Z,2023-03-24T17:59:00Z,0.07119325236602903,3.72442500839529,3.795618260761319,0
2023-03-24T17:58:55Z,2023-03-24T17:59:00Z,0.04656834488155992,3.741650678899747,3.788219023781307,0
2023-03-24T17:58:55Z,2023-03-24T17:59:00Z,0.029325654653623356,3.7522760018520906,3.781601656505714,0
2023-03-24T17:58:55Z,2023-03-24T17:59:00Z,0.020390211837820527,3.7560574301720706,3.776447642009891,0
2023-03-24T17:58:55Z,2023-03-24T17:59:00Z,0.006072392163259277,3.766168944687032,3.7722413368502914,0
2023-03-24T17:58:55Z,2023-03-24T17:59:00Z,0.008905726205631126,3.778133664773799,3.769227938568168,0
2023-03-24T17:58:55Z,2023-03-24T17:59:00Z,0.01572739343952989,3.782784585817011,3.767057192377481,0
2023-03-24T17:58:55Z,2023-03-24T17:59:00Z,0.028276995983375297,3.793715693184952,3.7654386972015765,0
2023-03-24T17:58:55Z,2023-03-24T17:59:00Z,0.037093118980749296,3.801291806205475,3.7641986872247255,0
2023-03-24T17:58:55Z,2023-03-24T17:59:00Z,0.03893162145712736,3.802481504851494,3.763549883394367,0
2023-03-24T17:58:55Z,2023-03-24T17:59:00Z,0.03782661110230956,3.801371209737266,3.7635445986349563,0
2023-03-24T17:58:55Z,2023-03-24T17:59:00Z,0.0360004291138849,3.799801714305616,3.763801285191731,0
2023-03-24T17:58:55Z,2023-03-24T17:59:00Z,0.043879565323424075,3.8079957818786605,3.7641162165552364,0
2023-03-24T17:58:55Z,2023-03-24T17:59:00Z,0.04427205761368613,3.8091466570676045,3.7648745994539183,0
2023-03-24T17:58:55Z,2023-03-24T17:59:00Z,0.043327351576368134,3.8099206653806483,3.76659331380428,0
2023-03-24T17:58:55Z,2023-03-24T17:59:00Z,0.04068521184125151,3.809234114610196,3.7685489027689445,0
2023-03-24T17:58:55Z,2023-03-24T17:59:00Z,0.04231175593247016,3.8134143227852784,3.771102566852808,0
2023-03-24T17:58:55Z,2023-03-24T17:59:00Z,0.045315323286232445,3.8198088657458844,3.774493542459652,0
2023-03-24T17:58:55Z,2023-03-24T17:59:00Z,0.04802252705326904,3.826687387897537,3.778664860844268,0
2023-03-24T17:58:55Z,2023-03-24T17:59:00Z,0.0483254055804232,3.8320448109997765,3.7837194054193533,0
2023-03-24T17:58:55Z,2023-03-24T17:59:00Z,0.04740311260450358,3.8366855356701697,3.789282423065666,0
2023-03-24T17:58:55Z,2023-03-24T17:59:00Z,0.04209733130560167,3.837043954508346,3.7949466232027445,0
2023-03-24T17:58:55Z,2023-03-24T17:59:00Z,0.047296027742850466,3.8472444855124586,3.799948457769608,0
2023-03-24T17:58:55Z,2023-03-24T17:59:00Z,0.058418128218472365,3.862828057180516,3.8044099289620434,0
2023-03-24T17:58:55Z,2023-03-24T17:59:00Z,0.057376899152806526,3.8665861468169753,3.809209247664169,0
2023-03-24T17:58:55Z,2023-03-24T17:59:00Z,0.05462781547582418,3.868924384850177,3.8142965693743527,0
2023-03-24T17:58:55Z,2023-03-24T17:59:00Z,0.057833243314076466,3.876785206480175,3.8189519631660986,0
2023-03-24T17:58:55Z,2023-03-24T17:59:00Z,0.05599324905249814,3.879478885851921,3.8234856367994228,0
2023-03-24T17:58:55Z,2023-03-24T17:59:00Z,0.05579850602234604,3.8836562224688853,3.8278577164465393,0
2023-03-24T17:58:55Z,2023-03-24T17:59:00Z,0.06497459850131948,3.8969474244029354,3.831972825901616,0
2023-03-24T17:58:55Z,2023-03-24T17:59:00Z,0.06446303842458567,3.900708217885012,3.8362451794604264,0
2023-03-24T17:58:55Z,2023-03-24T17:59:00Z,0.05913194446060244,3.900407451008695,3.8412755065480924,0
2023-03-24T17:58:55Z,2023-03-24T17:59:00Z,0.05158967931320424,3.8981760544707384,3.846586375157534,0
2023-03-24T17:58:55Z,2023-03-24T17:59:00Z,0.04508798727177332,3.896538134488783,3.8514501472170095,0
2023-03-24T17:58:55Z,2023-03-24T17:59:00Z,0.030760565317503374,3.886896470292573,3.8561359049750696,0
2023-03-24T17:58:55Z,2023-03-24T17:59:00Z,0.018184341238912438,3.878879060377568,3.8606947191386554,0
2023-03-24T17:58:55Z,2023-03-24T17:59:00Z,0.008600868996587074,3.873383080539578,3.864782211542991,0
2023-03-24T17:58:55Z,2023-03-24T17:59:00Z,0.0007526734838170235,3.868980397531666,3.868227724047849,0
2023-03-24T17:58:55Z,2023-03-24T17:59:00Z,0.011838829302626586,3.85920859026068,3.8710474195633067,0
2023-03-24T17:58:55Z,2023-03-24T17:59:00Z,0.025287065571071743,3.847986301867716,3.8732733674387876,0
2023-03-24T17:58:55Z,2023-03-24T17:59:00Z,0.030068253816481594,3.844634786214985,3.8747030400314664,0
2023-03-24T17:58:55Z,2023-03-24T17:59:00Z,0.028791833096372788,3.846505984103386,3.8752978171997587,1
2023-03-24T17:58:55Z,2023-03-24T17:59:00Z,0.03899342241394388,3.836703912244058,3.875697334658002,1
2023-03-24T17:58:55Z,2023-03-24T17:59:00Z,0.0546623209260626,3.820996145236725,3.8756584661627875,1
2023-03-24T17:58:55Z,2023-03-24T17:59:00Z,0.05876350020832355,3.8155200109578087,3.8742835111661322,1
2023-03-24T17:58:55Z,2023-03-24T17:59:00Z,0.06081059629375307,3.811073441104997,3.87188403739875,1
2023-03-24T17:58:55Z,2023-03-24T17:59:00Z,0.06853100783812272,3.8005422730399765,3.869073280878099,1
2023-03-24T17:58:55Z,2023-03-24T17:59:00Z,0.07129685235370875,3.7943179145572756,3.8656147669109844,1
2023-03-24T17:58:55Z,2023-03-24T17:59:00Z,0.0755702368801181,3.7858899714618173,3.8614602083419354,1
2023-03-24T17:58:55Z,2023-03-24T17:59:00Z,0.07571310475201143,3.78104508738405,3.8567581921360614,1
2023-03-24T17:58:55Z,2023-03-24T17:59:00Z,0.0730474934533003,3.7778655695805963,3.8509130630338966,1
2023-03-24T17:58:55Z,2023-03-24T17:59:00Z,0.06913942433596887,3.7754755791978765,3.8446150035338453,1
2023-03-24T17:58:55Z,2023-03-24T17:59:00Z,0.07417951236466624,3.7639859184624376,3.838165430827104,1
2023-03-24T17:58:55Z,2023-03-24T17:59:00Z,0.07580459879123191,3.7559029122846685,3.8317075110759005,1
2023-03-24T17:58:55Z,2023-03-24T17:59:00Z,0.06744709984317332,3.757283978810288,3.8247310786534614,1
2023-03-24T17:58:55Z,2023-03-24T17:59:00Z,0.06533583040762103,3.752500850455951,3.817836680863572,1
2023-03-24T17:58:55Z,2023-03-24T17:59:00Z,0.056938613870485266,3.7544983258579667,3.811436939728452,1
2023-03-24T17:58:55Z,2023-03-24T17:59:00Z,0.056325356577820784,3.748749360514651,3.805074717092472,1
2023-03-24T17:58:55Z,2023-03-24T17:59:00Z,0.046301025195539136,3.7527483197035796,3.7990493448991187,1
2023-03-24T17:58:55Z,2023-03-24T17:59:00Z,0.04220414986711285,3.7510315513611623,3.793235701228275,1
2023-03-24T17:58:55Z,2023-03-24T17:59:00Z,0.03925442612182417,3.7489687497293915,3.7882231758512157,1
2023-03-24T17:58:55Z,2023-03-24T17:59:00Z,0.03634052842608915,3.7469561613801887,3.783296689806278,1
2023-03-24T17:58:55Z,2023-03-24T17:59:00Z,0.036663417370497164,3.7414997337845173,3.7781631511550144,1
2023-03-24T17:58:55Z,2023-03-24T17:59:00Z,0.04043358193581348,3.73300600338426,3.7734395853200735,1
2023-03-24T17:58:55Z,2023-03-24T17:59:00Z,0.041654407504775115,3.7276011561599196,3.7692555636646947,1
2023-03-24T17:58:55Z,2023-03-24T17:59:00Z,0.04179842011878643,3.7231143010420373,3.7649127211608238,1
2023-03-24T17:58:55Z,2023-03-24T17:59:00Z,0.04330273637088666,3.7172167066349324,3.760519443005819,1
2023-03-24T17:58:55Z,2023-03-24T17:59:00Z,0.0525038979544572,3.703940388630418,3.756444286584875,1
2023-03-24T17:58:55Z,2023-03-24T17:59:00Z,0.05614236464569311,3.69624396362748,3.752386328273173,1
2023-03-24T17:58:55Z,2023-03-24T17:59:00Z,0.059615021424529235,3.688458170910149,3.748073192334678,1
2023-03-24T17:58:55Z,2023-03-24T17:59:00Z,0.06413194324781113,3.679478032047048,3.7436099752948593,1
2023-03-24T17:58:55Z,2023-03-24T17:59:00Z,0.07731666882942845,3.6615876539038283,3.738904322733257,1
2023-03-24T17:58:55Z,2023-03-24T17:59:00Z,0.07342894706373215,3.660422873187902,3.733851820251634,1
2023-03-24T17:58:55Z,2023-03-24T17:59:00Z,0.08009102187996842,3.6483714160264746,3.728462437906443,1
2023-03-24T17:58:55Z,2023-03-24T17:59:00Z,0.09253142494383537,3.63090574774699,3.7234371726908253,1
2023-03-24T17:58:55Z,2023-03-24T17:59:00Z,0.09002566257240208,3.6276792699719067,3.717704932544309,1
2023-03-24T17:58:55Z,2023-03-24T17:59:00Z,0.0955234901906592,3.615781700105809,3.711305190296468,1
2023-03-24T17:58:55Z,2023-03-24T17:59:00Z,0.10964215956161905,3.5949883435829513,3.7046305031445703,1
2023-03-24T17:58:55Z,2023-03-24T17:59:00Z,0.11585647938395738,3.5817757258443583,3.6976322052283157,1
2023-03-24T17:58:55Z,2023-03-24T17:59:00Z,0.12786446491524117,3.561464583675147,3.689329048590388,1
2023-03-24T17:58:55Z,2023-03-24T17:59:00Z,0.122172195940625,3.558248651306773,3.680420847247398,1
2023-03-24T17:58:55Z,2023-03-24T17:59:00Z,0.12046223528396327,3.5500899716447893,3.6705522069287526,1
2023-03-24T17:58:55Z,2023-03-24T17:59:00Z,0.11479416613028137,3.545826066584082,3.6606202327143635,1
2023-03-24T17:58:55Z,2023-03-24T17:59:00Z,0.11169283034009414,3.538853204366915,3.650546034707009,1
2023-03-24T17:58:55Z,2023-03-24T17:59:00Z,0.10807331104858386,3.5326211480373635,3.6406944590859474,1
2023-03-24T17:58:55Z,2023-03-24T17:59:00Z,0.10599287774788069,3.524767478612118,3.630760356359999,1
2023-03-24T17:58:55Z,2023-03-24T17:59:00Z,0.09416397245033314,3.5265704284883683,3.6207344009387015,1
2023-03-24T17:58:55Z,2023-03-24T17:59:00Z,0.08595875435760592,3.5246467398430523,3.6106054942006582,1
2023-03-24T17:58:55Z,2023-03-24T17:59:00Z,0.0834155671172172,3.517854666023333,3.6012702331405504,1
2023-03-24T17:58:55Z,2023-03-24T17:59:00Z,0.08934813886543136,3.5028906614443596,3.592238800309791,1
2023-03-24T17:58:55Z,2023-03-24T17:59:00Z,0.09699247990194593,3.486267188571697,3.583259668473643,1
2023-03-24T17:58:55Z,2023-03-24T17:59:00Z,0.0956047453710629,3.4783608509655957,3.5739655963366586,1
2023-03-24T17:58:55Z,2023-03-24T17:59:00Z,0.0851913657388903,3.479546837685551,3.5647382034244415,1
2023-03-24T17:58:55Z,2023-03-24T17:59:00Z,0.08078800059900804,3.4743679911295233,3.5551559917285314,1
2023-03-24T17:58:55Z,2023-03-24T17:59:00Z,0.06563356866711834,3.480636918938205,3.5462704876053235,1
2023-03-24T17:58:55Z,2023-03-24T17:59:00Z,0.05597537978485878,3.4820562785248095,3.5380316583096683,1
2023-03-24T17:58:55Z,2023-03-24T17:59:00Z,0.05161289958343662,3.4786796876191954,3.530292587202632,1
2023-03-24T17:58:55Z,2023-03-24T17:59:00Z,0.04925711419934986,3.473997292920071,3.523254407119421,1
2023-03-24T17:58:55Z,2023-03-24T17:59:00Z,0.04529652960452335,3.4718363693062786,3.517132898910802,1
2023-03-24T17:58:55Z,2023-03-24T17:59:00Z,0.04033389155236522,3.4711264582571584,3.5114603498095236,1
2023-03-24T17:58:55Z,2023-03-24T17:59:00Z,0.037616235058813174,3.469126840310244,3.5067430753690574,1
2023-03-24T17:58:55Z,2023-03-24T17:59:00Z,0.03621039218938371,3.465947304598114,3.502157696787498,1
2023-03-24T17:58:55Z,2023-03-24T17:59:00Z,0.03502855321866294,3.462867926130175,3.497896479348838,1
2023-03-24T17:58:55Z,2023-03-24T17:59:00Z,0.038199407524663,3.4554929264564924,3.4936923339811554,1
2023-03-24T17:58:55Z,2023-03-24T17:59:00Z,0.03404456758371799,3.455648541227083,3.489693108810801,1
2023-03-24T17:58:55Z,2023-03-24T17:59:00Z,0.02571047167518392,3.4599232570524134,3.4856337287275974,1
2023-03-24T17:58:55Z,2023-03-24T17:59:00Z,0.017879396305806594,3.4641164936120514,3.481995889917858,1
2023-03-24T17:58:55Z,2023-03-24T17:59:00Z,0.005301616011060162,3.473186528041748,3.4784881440528084,1
2023-03-24T17:58:55Z,2023-03-24T17:59:00Z,0.0036254917613725013,3.4716768498582256,3.475302341619598,1
2023-03-24T17:58:55Z,2023-03-24T17:59:00Z,0.001580276035176631,3.4713711109538115,3.472951386988988,1
2023-03-24T17:58:55Z,2023-03-24T17:59:00Z,0.0019896702022825785,3.4732982250025266,3.471308554800244,1
2023-03-24T17:58:55Z,2023-03-24T17:59:00Z,0.008153701210281028,3.4786782519253734,3.4705245507150924,1
2023-03-24T17:58:55Z,2023-03-24T17:59:00Z,0.014641356724105492,3.484899453441141,3.4702580967170356,1
2023-03-24T17:58:55Z,2023-03-24T17:59:00Z,0.011648792126367713,3.481861173803394,3.4702123816770265,1
2023-03-24T17:58:55Z,2023-03-24T17:59:00Z,0.013316148515605697,3.4840828176827174,3.4707666691671117,1
2023-03-24T17:58:55Z,2023-03-24T17:59:00Z,0.01784473133380393,3.4886758349675047,3.4708311036337007,1
2023-03-24T17:58:55Z,2023-03-24T17:59:00Z,0.019521172350091653,3.490458935939471,3.4709377635893794,1
2023-03-24T17:58:55Z,2023-03-24T17:59:00Z,0.02292283595330158,3.4943867125610137,3.471463876607712,1
2023-03-24T17:58:55Z,2023-03-24T17:59:00Z,0.024345651481550323,3.4966759303534407,3.4723302788718904,1
2023-03-24T17:58:55Z,2023-03-24T17:59:00Z,0.030451031205584567,3.5039681702487773,3.4735171390431927,1
2023-03-24T17:58:55Z,2023-03-24T17:59:00Z,0.023384226958864662,3.4982460750597566,3.474861848100892,1
2023-03-24T17:58:55Z,2023-03-24T17:59:00Z,0.022921796011584394,3.4996173983197676,3.476695602308183,1
2023-03-24T17:58:55Z,2023-03-24T17:59:00Z,0.04254833780079936,3.520943875396437,3.4783955375956377,1
2023-03-24T17:58:55Z,2023-03-24T17:59:00Z,0.04277269349695478,3.5231024138394127,3.480329720342458,1
2023-03-24T17:58:55Z,2023-03-24T17:59:00Z,0.051377402579606546,3.535151909708378,3.4837745071287713,0
2023-03-24T17:58:55Z,2023-03-24T17:59:00Z,0.06628921746348482,3.553613928413958,3.4873247109504732,0
2023-03-24T17:58:55Z,2023-03-24T17:59:00Z,0.06587619782370258,3.5571603115455415,3.491284113721839,0
2023-03-24T17:58:55Z,2023-03-24T17:59:00Z,0.08182442334123152,3.5778189283684343,3.4959945050272028,0
2023-03-24T17:58:55Z,2023-03-24T17:59:00Z,0.07740387207362609,3.577818049916818,3.500414177843192,0
2023-03-24T17:58:55Z,2023-03-24T17:59:00Z,0.07709559912054642,3.5830962021484867,3.5060006030279403,0
2023-03-24T17:58:55Z,2023-03-24T17:59:00Z,0.07451457060092403,3.586117644100601,3.511603073499677,0
2023-03-24T17:58:55Z,2023-03-24T17:59:00Z,0.0831491249681715,3.6005310393702676,3.517381914402096,0
2023-03-24T17:58:55Z,2023-03-24T17:59:00Z,0.09112936873306277,3.6141659879864863,3.5230366192534235,0
2023-03-24T17:58:55Z,2023-03-24T17:59:00Z,0.0957340161167286,3.624856508313791,3.5291224921970623,0
2023-03-24T17:58:55Z,2023-03-24T17:59:00Z,0.09461524800182719,3.630701151471684,3.5360859034698566,0
2023-03-24T17:58:55Z,2023-03-24T17:59:00Z,0.09823245313830808,3.6417274982203267,3.5434950450820186,0
2023-03-24T17:58:55Z,2023-03-24T17:59:00Z,0.09071376954789834,3.6416838312880313,3.550970061740133,0
2023-03-24T17:58:55Z,2023-03-24T17:59:00Z,0.08632640088691002,3.645257965904982,3.558931565018072,0
2023-03-24T17:58:55Z,2023-03-24T17:59:00Z,0.09592577179593142,3.662609816747005,3.5666840449510735,0
2023-03-24T17:58:55Z,2023-03-24T17:59:00Z,0.09351142278285574,3.668015574868221,3.5745041520853653,0
2023-03-24T17:58:55Z,2023-03-24T17:59:00Z,0.08691144186995237,3.6697651542973304,3.582853712427378,0
2023-03-24T17:58:55Z,2023-03-24T17:59:00Z,0.09321922504104263,3.685008174300444,3.5917889492594015,0
2023-03-24T17:58:55Z,2023-03-24T17:59:00Z,0.09656967442781816,3.697313768738671,3.6007440943108526,0
2023-03-24T17:58:55Z,2023-03-24T17:59:00Z,0.09245995150452169,3.7018390089155844,3.6093790574110627,0
2023-03-24T17:58:55Z,2023-03-24T17:59:00Z,0.09301242934221898,3.71156050543219,3.618548076089971,0
2023-03-24T17:58:55Z,2023-03-24T17:59:00Z,0.0973419534499218,3.724663034761325,3.627321081311403,0
2023-03-24T17:58:55Z,2023-03-24T17:59:00Z,0.09783093315610181,3.733464992205307,3.635634059049205,0
2023-03-24T17:58:55Z,2023-03-24T17:59:00Z,0.0899536087365509,3.734403600586586,3.6444499918500353,0
2023-03-24T17:58:55Z,2023-03-24T17:59:00Z,0.08400722661628146,3.7366491165629947,3.6526418899467132,0
2023-03-24T17:58:55Z,2023-03-24T17:59:00Z,0.08388161034728903,3.7447648450660957,3.6608832347188067,0
2023-03-24T17:58:55Z,2023-03-24T17:59:00Z,0.07560019439677168,3.744565161453184,3.668964967056412,0
2023-03-24T17:58:55Z,2023-03-24T17:59:00Z,0.07429059532421123,3.7516054150630187,3.6773148197388075,0
2023-03-24T17:58:55Z,2023-03-24T17:59:00Z,0.07170945774706583,3.756605020753394,3.6848955630063283,0
2023-03-24T17:58:55Z,2023-03-24T17:59:00Z,0.06500263003968954,3.757131847102678,3.6921292170629885,0
2023-03-24T17:58:55Z,2023-03-24T17:59:00Z,0.05541248623773409,3.754475835534386,3.699063349296652,0
2023-03-24T17:58:55Z,2023-03-24T17:59:00Z,0.03944354455565913,3.745161140990784,3.7057175964351248,0
2023-03-24T17:58:55Z,2023-03-24T17:59:00Z,0.03228958862899356,3.7439413080806485,3.711651719451655,0
2023-03-24T17:58:55Z,2023-03-24T17:59:00Z,0.030693715734905425,3.747791609381441,3.7170978936465358,0
2023-03-24T17:58:55Z,2023-03-24T17:59:00Z,0.030117844042046205,3.7524095978030907,3.7222917537610445,0
2023-03-24T17:58:55Z,2023-03-24T17:59:00Z,0.02711160845346061,3.7538866144584224,3.726775006004962,0
2023-03-24T17:58:55Z,2023-03-24T17:59:00Z,0.02072120085105178,3.751937997536797,3.7312167966857452,1
2023-03-24T17:58:55Z,2023-03-24T17:59:00Z,0.01720634061724091,3.7528505825746223,3.7356442419573814,1
2023-03-24T17:58:55Z,2023-03-24T17:59:00Z,0.018240517380041954,3.7574073816130213,3.7391668642329794,1
2023-03-24T17:58:55Z,2023-03-24T17:59:00Z,0.014769090918449468,3.7568589453533208,3.7420898544348713,1
2023-03-24T17:58:55Z,2023-03-24T17:59:00Z,0.016628110535015672,3.761642616164489,3.7450145056294732,1
2023-03-24T17:58:55Z,2023-03-24T17:59:00Z,0.01520631442116338,3.762604948467538,3.7473986340463745,1
2023-03-24T17:58:55Z,2023-03-24T17:59:00Z,0.015668514871513217,3.7650134426759494,3.749344927804436,1
2023-03-24T17:58:55Z,2023-03-24T17:59:00Z,0.013237576201586165,3.7641161859145607,3.7508786097129745,1
2023-03-24T17:58:55Z,2023-03-24T17:59:00Z,0.011245225129510317,3.7637348791629774,3.752489654033467,1
2023-03-24T17:58:55Z,2023-03-24T17:59:00Z,0.011480066546487144,3.765415355808984,3.753935289262497,1
2023-03-24T17:58:55Z,2023-03-24T17:59:00Z,0.004913142311243401,3.759846854420945,3.7549337121097017,1
2023-03-24T17:58:55Z,2023-03-24T17:59:00Z,0.0017064719997006428,3.757737562759707,3.7560310907600063,1
2023-03-24T17:58:55Z,2023-03-24T17:59:00Z,0.009801076450229651,3.7466637742759836,3.7564648507262133,1
2023-03-24T17:58:55Z,2023-03-24T17:59:00Z,0.01745318334914936,3.7390712748510797,3.756524458200229,1
2023-03-24T17:58:55Z,2023-03-24T17:59:00Z,0.01517659353022438,3.7407969134686,3.7559735069988243,1
2023-03-24T17:58:55Z,2023-03-24T17:59:00Z,0.02142476575907848,3.733737974887993,3.7551627406470716,1
2023-03-24T17:58:55Z,2023-03-24T17:59:00Z,0.019521924240827104,3.735411120220867,3.754933044461694,1
2023-03-24T17:58:55Z,2023-03-24T17:59:00Z,0.023454802150095322,3.730941224775143,3.7543960269252383,1
2023-03-24T17:58:55Z,2023-03-24T17:59:00Z,0.02787051986170841,3.725873902370867,3.7537444222325753,1
2023-03-24T17:58:55Z,2023-03-24T17:59:00Z,0.03782709226946945,3.7147874155932143,3.752614507862684,1
2023-03-24T17:58:55Z,2023-03-24T17:59:00Z,0.04396318440289804,3.7071769701920196,3.7511401545949177,1
2023-03-24T17:58:55Z,2023-03-24T17:59:00Z,0.05290850661392765,3.6962763541944863,3.749184860808414,1
2023-03-24T17:58:55Z,2023-03-24T17:59:00Z,0.057584779224580274,3.6891962072479068,3.746780986472487,1
2023-03-24T17:58:55Z,2023-03-24T17:59:00Z,0.06575820580322889,3.6778053581735457,3.7435635639767746,1
2023-03-24T17:58:55Z,2023-03-24T17:59:00Z,0.06594506194947769,3.6740573052849066,3.7400023672343843,0
2023-03-24T17:58:55Z,2023-03-24T17:59:00Z,0.06487830217196588,3.6707115777997377,3.7355898799717036,0
2023-03-24T17:58:55Z,2023-03-24T17:59:00Z,0.06792728178178153,3.6630021959171515,3.730929477698933,0
2023-03-24T17:58:55Z,2023-03-24T17:59:00Z,0.06943708250784297,3.6565291391449737,3.7259662216528167,0
2023-03-24T17:58:55Z,2023-03-24T17:59:00Z,0.07275593136163083,3.647888501343955,3.7206444327055856,0
2023-03-24T17:58:55Z,2023-03-24T17:59:00Z,0.08262746265446141,3.632374562681755,3.7150020253362164,0
2023-03-24T17:58:55Z,2023-03-24T17:59:00Z,0.09001863251565734,3.6187977689013473,3.7088164014170046,0
2023-03-24T17:58:55Z,2023-03-24T17:59:00Z,0.08962722265407841,3.6124801107766524,3.702107333430731,0
2023-03-24T17:58:55Z,2023-03-24T17:59:00Z,0.08850406138704203,3.6062906513143016,3.6947947127013436,0
2023-03-24T17:58:55Z,2023-03-24T17:59:00Z,0.09141311621539217,3.59631929840704,3.687732414622432,0
2023-03-24T17:58:55Z,2023-03-24T17:59:00Z,0.09430020859578514,3.5864437521562893,3.6807439607520744,0
2023-03-24T17:58:55Z,2023-03-24T17:59:00Z,0.09127052804307345,3.581869347705761,3.6731398757488343,0
2023-03-24T17:58:55Z,2023-03-24T17:59:00Z,0.08455975009551508,3.5808277981411245,3.6653875482366396,0
2023-03-24T17:58:55Z,2023-03-24T17:59:00Z,0.08739394500549924,3.569912457309293,3.6573064023147923,0
2023-03-24T17:58:55Z,2023-03-24T17:59:00Z,0.08260232812770729,3.5668033675221364,3.6494056956498437,0
2023-03-24T17:58:55Z,2023-03-24T17:59:00Z,0.07351643888042991,3.5676807596609104,3.6411971985413403,0
2023-03-24T17:58:55Z,2023-03-24T17:59:00Z,0.07189969627717696,3.5615088681551583,3.6334085644323353,0
2023-03-24T17:58:55Z,2023-03-24T17:59:00Z,0.06753172726093792,3.5585349313539716,3.6260666586149095,0
2023-03-24T17:58:55Z,2023-03-24T17:59:00Z,0.05832670542174778,3.560646927612144,3.618973633033892,0
2023-03-24T17:58:55Z,2023-03-24T17:59:00Z,0.046005734463153924,3.566090989313162,3.612096723776316,0
2023-03-24T17:58:55Z,2023-03-24T17:59:00Z,0.036041274141001,3.569889216447873,3.605930490588874,0
2023-03-24T17:58:55Z,2023-03-24T17:59:00Z,0.02950415481948232,3.5707438980866684,3.6002480529061507,0
2023-03-24T17:58:55Z,2023-03-24T17:59:00Z,0.0361015851074713,3.5588400277275287,3.594941612835,0
2023-03-24T17:58:55Z,2023-03-24T17:59:00Z,0.0323471400426274,3.557738772906558,3.5900859129491853,0
2023-03-24T17:58:55Z,2023-03-24T17:59:00Z,0.02635994349665438,3.558584437272666,3.58494438076932,0
2023-03-24T17:58:55Z,2023-03-24T17:59:00Z,0.019498348925064413,3.560701309294919,3.5801996582199833,0
2023-03-24T17:58:55Z,2023-03-24T17:59:00Z,0.014028905627062382,3.5622870617819165,3.576315967408979,0
2023-03-24T17:58:55Z,2023-03-24T17:59:00Z,0.010823843421527979,3.5624344155871115,3.5732582590086395,0
2023-03-24T17:58:55Z,2023-03-24T17:59:00Z,0.009317245894296278,3.561299273693568,3.570616519587864,0
2023-03-24T17:58:55Z,2023-03-24T17:59:00Z,0.0026184798551649457,3.565689816799689,3.568308296654854,0
2023-03-24T17:58:55Z,2023-03-24T17:59:00Z,0.0008964041146279911,3.5673615415740363,3.5664651374594083,0
2023-03-24T17:58:55Z,2023-03-24T17:59:00Z,0.0021539942091899356,3.567526819281409,3.565372825072219,0
2023-03-24T17:58:55Z,2023-03-24T17:59:00Z,0.0048175103478804715,3.569426766676324,3.5646092563284437,0
2023-03-24T17:58:55Z,2023-03-24T17:59:00Z,0.0002864522416738957,3.563622752567837,3.563909204809511,0
2023-03-24T17:58:55Z,2023-03-24T17:59:00Z,0.0012381192906660843,3.5651217614352846,3.5638836421446185,0
2023-03-24T17:58:55Z,2023-03-24T17:59:00Z,0.006292468073532564,3.570008709431083,3.5637162413575503,0
2023-03-24T17:58:55Z,2023-03-24T17:59:00Z,0.012790001740144774,3.576371558980556,3.5635815572404113,0
2023-03-24T17:58:55Z,2023-03-24T17:59:00Z,0.018814107868332375,3.5828430251758983,3.564028917307566,0
2023-03-24T17:58:55Z,2023-03-24T17:59:00Z,0.012960418052815559,3.5779281052354652,3.5649676871826497,0
2023-03-24T17:58:55Z,2023-03-24T17:59:00Z,0.009499436621926538,3.5756353394658262,3.5661359028438997,0
2023-03-24T17:58:55Z,2023-03-24T17:59:00Z,0.008269174773455568,3.575028083718529,3.5667589089450735,0
2023-03-24T17:58:55Z,2023-03-24T17:59:00Z,0.0106565661175817,3.5777179025899155,3.567061336472334,0
2023-03-24T17:58:55Z,2023-03-24T17:59:00Z,0.011887502677125017,3.5791743226037678,3.5672868199266428,0
2023-03-24T17:58:55Z,2023-03-24T17:59:00Z,0.019161269380472135,3.5874416616682923,3.56828039228782,0
2023-03-24T17:58:55Z,2023-03-24T17:59:00Z,0.021047339540643417,3.5904559186546328,3.5694085791139893,0
2023-03-24T17:58:55Z,2023-03-24T17:59:00Z,0.016347221151081115,3.5872746015490513,3.57092738039797,0
2023-03-24T17:58:55Z,2023-03-24T17:59:00Z,0.015425029400453205,3.5879184418699865,3.5724934124695333,0
2023-03-24T17:58:55Z,2023-03-24T17:59:00Z,0.022952718321568977,3.596761264463057,3.573808546141488,0
2023-03-24T17:58:55Z,2023-03-24T17:59:00Z,0.03288862157841699,3.608038432261109,3.575149810682692,0
2023-03-24T17:58:55Z,2023-03-24T17:59:00Z,0.03704386126388526,3.6140600925133928,3.5770162312495075,0
2023-03-24T17:58:55Z,2023-03-24T17:59:00Z,0.03394929495225618,3.6131944006997334,3.5792451057474772,0
2023-03-24T17:58:55Z,2023-03-24T17:59:00Z,0.0339439424699588,3.6156468666879285,3.5817029242179697,0
2023-03-24T17:58:55Z,2023-03-24T17:59:00Z,0.03223506158860445,3.6163415427233283,3.584106481134724,0
2023-03-24T17:58:55Z,2023-03-24T17:59:00Z,0.02664806747238968,3.6131871854498288,3.586539117977439,0
2023-03-24T17:58:55Z,2023-03-24T17:59:00Z,0.022962668075931614,3.6122764592194496,3.589313791143518,0
2023-03-24T17:58:55Z,2023-03-24T17:59:00Z,0.018265732373687893,3.6101092826758663,3.5918435503021784,0
2023-03-24T17:58:55Z,2023-03-24T17:59:00Z,0.01592457156528937,3.6099927402773813,3.594068168712092,0
2023-03-24T17:58:55Z,2023-03-24T17:59:00Z,0.016650768897274126,3.61249460727754,3.595843838380266,0
2023-03-24T17:58:55Z,2023-03-24T17:59:00Z,0.011876499377995398,3.609149270132024,3.5972727707540284,0
2023-03-24T17:58:55Z,2023-03-24T17:59:00Z,0.009518255972338352,3.6086103163075283,3.59909206033519,0
2023-03-24T17:58:55Z,2023-03-24T17:59:00Z,0.0064979565796097205,3.6073539080024952,3.6008559514228855,0
2023-03-24T17:58:55Z,2023-03-24T17:59:00Z,0.005594282000833228,3.608217719349455,3.6026234373486217,0
2023-03-24T17:58:55Z,2023-03-24T17:59:00Z,0.009090763700001947,3.6132739908071807,3.6041832271071788,0
2023-03-24T17:58:55Z,2023-03-24T17:59:00Z,0.008665554608687565,3.6143773815445863,3.6057118269358988,0
2023-03-24T17:58:55Z,2023-03-24T17:59:00Z,0.0020103098976922418,3.6090817331040594,3.607071423206367,0
2023-03-24T17:58:55Z,2023-03-24T17:59:00Z,0.0017512337030840541,3.61008168127208,3.608330447568996,0
2023-03-24T17:58:55Z,2023-03-24T17:59:00Z,0.0016927297153848109,3.607785461619664,3.609478191335049,0
2023-03-24T17:58:55Z,2023-03-24T17:59:00Z,0.00512217853846364,3.605522499080906,3.6106446776193697,0
2023-03-24T17:58:55Z,2023-03-24T17:59:00Z,0.010062101104019838,3.6011627974183296,3.6112248985223494,0
2023-03-24T17:58:55Z,2023-03-24T17:59:00Z,0.0009205740783495564,3.6101719069081994,3.611092480986549,0
2023-03-24T17:58:55Z,2023-03-24T17:59:00Z,0.014557923323641031,3.6249715993051863,3.6104136759815453,0
2023-03-24T17:58:55Z,2023-03-24T17:59:00Z,0.011175880039540509,3.6214304774004793,3.610254597360939,0
2023-03-24T17:58:55Z,2023-03-24T17:59:00Z,0.006452900694987829,3.617198273456834,3.6107453727618464,0
2023-03-24T17:58:55Z,2023-03-24T17:59:00Z,0.0023558542527060133,3.6133690656817716,3.6110132114290656,0
2023-03-24T17:58:55Z,2023-03-24T17:59:00Z,0.006528741704095342,3.604695579620076,3.6112243213241713,0
2023-03-24T17:58:55Z,2023-03-24T17:59:00Z,0.006910376905584048,3.6043714500218664,3.6112818269274505,0
2023-03-24T17:58:55Z,2023-03-24T17:59:00Z,0.011987734778479364,3.5990091604091923,3.6109968951876716,0
2023-03-24T17:58:55Z,2023-03-24T17:59:00Z,0.024526042880593568,3.5861749949252104,3.610701037805804,0
2023-03-24T17:58:55Z,2023-03-24T17:59:00Z,0.028598437906642626,3.581392839537669,3.6099912774443115,0
2023-03-24T17:58:55Z,2023-03-24T17:59:00Z,0.027490115843730845,3.581291989221274,3.608782105065005,0
2023-03-24T17:58:55Z,2023-03-24T17:59:00Z,0.028109280056162422,3.5792403262314822,3.6073496062876447,0
2023-03-24T17:58:55Z,2023-03-24T17:59:00Z,0.025933713595124086,3.5800442127566656,3.6059779263517897,0
2023-03-24T17:58:55Z,2023-03-24T17:59:00Z,0.03844704458719894,3.5660057558110143,3.6044528003982133,0
2023-03-24T17:58:55Z,2023-03-24T17:59:00Z,0.048383997944413615,3.55431986676693,3.6027038647113434,0
2023-03-24T17:58:55Z,2023-03-24T17:59:00Z,0.0501277430630771,3.5500302466096576,3.6001579896727347,0
2023-03-24T17:58:55Z,2023-03-24T17:59:00Z,0.060716937808102056,3.536558848373205,3.597275786181307,0
2023-03-24T17:58:55Z,2023-03-24T17:59:00Z,0.05492506829256172,3.539190116064406,3.594115184356968,0
2023-03-24T17:58:55Z,2023-03-24T17:59:00Z,0.054597191724934824,3.5357692235137996,3.5903664152387345,0
2023-03-24T17:58:55Z,2023-03-24T17:59:00Z,0.05450301516494882,3.5323722220202853,3.586875237185234,0
2023-03-24T17:58:55Z,2023-03-24T17:59:00Z,0.05245198863464662,3.5309814815029807,3.5834334701376274,0
2023-03-24T17:58:55Z,2023-03-24T17:59:00Z,0.05115765318558907,3.5281810966947793,3.5793387498803684,0
2023-03-24T17:58:55Z,2023-03-24T17:59:00Z,0.05273887289073809,3.521653028684251,3.574391901574989,0
2023-03-24T17:58:55Z,2023-03-24T17:59:00Z,0.04928633560113571,3.5201977038314487,3.5694840394325844,0
2023-03-24T17:58:55Z,2023-03-24T17:59:00Z,0.04057773968026446,3.5238776026590264,3.564455342339291,0
2023-03-24T17:58:55Z,2023-03-24T17:59:00Z,0.04191741560153739,3.5176341708508936,3.559551586452431,0
2023-03-24T17:58:55Z,2023-03-24T17:59:00Z,0.05100095685369155,3.5042970518639476,3.555298008717639,0
2023-03-24T17:58:55Z,2023-03-24T17:59:00Z,0.06270177704781421,3.488031111713458,3.550732888761272,0
2023-03-24T17:58:55Z,2023-03-24T17:59:00Z,0.07307847148149804,3.4726695694616034,3.5457480409431015,0
2023-03-24T17:58:55Z,2023-03-24T17:59:00Z,0.07625040153803919,3.464332171867602,3.5405825734056413,0
2023-03-24T17:58:55Z,2023-03-24T17:59:00Z,0.07467458485175316,3.4601857111814636,3.5348602960332167,0
2023-03-24T17:58:55Z,2023-03-24T17:59:00Z,0.06281813595651098,3.465886380215986,3.528704516172497,0
2023-03-24T17:58:55Z,2023-03-24T17:59:00Z,0.05589564819117232,3.4665428356102703,3.5224384838014426,0
2023-03-24T17:58:55Z,2023-03-24T17:59:00Z,0.04900159947163951,3.4674285773539784,3.516430176825618,0
2023-03-24T17:58:55Z,2023-03-24T17:59:00Z,0.042167204054594176,3.469028082234143,3.511195286288737,0
2023-03-24T17:58:55Z,2023-03-24T17:59:00Z,0.03547189807576334,3.471150162454397,3.50662206053016,0
2023-03-24T17:58:55Z,2023-03-24T17:59:00Z,0.03516872381909719,3.4671900649018252,3.5023587887209224,0
2023-03-24T17:58:55Z,2023-03-24T17:59:00Z,0.03431772315629322,3.4645985031478497,3.498916226304143,0
2023-03-24T17:58:55Z,2023-03-24T17:59:00Z,0.0346258759243292,3.460500874002836,3.495126749927165,0
2023-03-24T17:58:55Z,2023-03-24T17:59:00Z,0.03279197362892239,3.4585889489105615,3.491380922539484,0
2023-03-24T17:58:55Z,2023-03-24T17:59:00Z,0.02595819592526727,3.4616400240869822,3.4875982200122495,0
2023-03-24T17:58:55Z,2023-03-24T17:59:00Z,0.030714994641849014,3.4530730920760626,3.4837880867179116,0
2023-03-24T17:58:55Z,2023-03-24T17:59:00Z,0.0346788782548777,3.445607046746833,3.4802859250017106,0
2023-03-24T17:58:55Z,2023-03-24T17:59:00Z,0.03142884320982864,3.4452476114440835,3.476676454653912,0
2023-03-24T17:58:55Z,2023-03-24T17:59:00Z,0.03332885433513022,3.439421776261697,3.472750630596827,0
2023-03-24T17:58:55Z,2023-03-24T17:59:00Z,0.03556988246660753,3.43304232753996,3.4686122100065675,0
2023-03-24T17:58:55Z,2023-03-24T17:59:00Z,0.03788259943326988,3.426613168752813,3.464495768186083,0
2023-03-24T17:58:55Z,2023-03-24T17:59:00Z,0.033159608437995924,3.427585911099456,3.460745519537452,0
2023-03-24T17:58:55Z,2023-03-24T17:59:00Z,0.0508626735723019,3.4066503226514318,3.4575129962237336,0
2023-03-24T17:58:55Z,2023-03-24T17:59:00Z,0.06829752429580349,3.386842647803607,3.4551401720994104,0
2023-03-24T17:58:55Z,2023-03-24T17:59:00Z,0.07385378556422229,3.378250499734337,3.4521042852985593,0
2023-03-24T17:58:55Z,2023-03-24T17:59:00Z,0.08413290065545231,3.364111223412693,3.4482441240681454,0
2023-03-24T17:58:55Z,2023-03-24T17:59:00Z,0.08372279536853089,3.359908913937423,3.443631709305954,0
2023-03-24T17:58:55Z,2023-03-24T17:59:00Z,0.08559121141825932,3.3526493604036114,3.4382405718218707,0
2023-03-24T17:58:55Z,2023-03-24T17:59:00Z,0.08147502392792161,3.3511066182404456,3.4325816421683673,0
2023-03-24T17:58:55Z,2023-03-24T17:59:00Z,0.07773293677534587,3.348723509507205,3.426456446282551,0
2023-03-24T17:58:55Z,2023-03-24T17:59:00Z,0.07075357176120445,3.3493847932469274,3.420138365008132,0
2023-03-24T17:58:55Z,2023-03-24T17:59:00Z,0.06779054761486725,3.34611273553039,3.4139032831452574,0
2023-03-24T17:58:55Z,2023-03-24T17:59:00Z,0.06843402875403592,3.3394053749227517,3.4078394036767876,0
2023-03-24T17:58:55Z,2023-03-24T17:59:00Z,0.07351005099045338,3.328308924345679,3.4018189753361323,0
2023-03-24T17:58:55Z,2023-03-24T17:59:00Z,0.06805508827976325,3.327491067372801,3.395546155652564,0
2023-03-24T17:58:55Z,2023-03-24T17:59:00Z,0.05893555966628261,3.329593169684107,3.3885287293503894,0
2023-03-24T17:58:55Z,2023-03-24T17:59:00Z,0.052602710628675275,3.329316438474175,3.3819191491028504,0
2023-03-24T17:58:55Z,2023-03-24T17:59:00Z,0.05016034646316436,3.3256528091100677,3.375813155573232,0
2023-03-24T17:58:55Z,2023-03-24T17:59:00Z,0.05173676162178342,3.317974753268823,3.3697115148906063,0
2023-03-24T17:58:55Z,2023-03-24T17:59:00Z,0.05423428372379657,3.3094893907904073,3.363723674514204,0
2023-03-24T17:58:55Z,2023-03-24T17:59:00Z,0.04872841914500281,3.3089390672496677,3.3576674863946705,0
2023-03-24T17:58:55Z,2023-03-24T17:59:00Z,0.045684120907156345,3.3058189561210716,3.351503077028228,0
2023-03-24T17:58:55Z,2023-03-24T17:59:00Z,0.05142272720601504,3.2938357790932766,3.3452585062992917,0
2023-03-24T17:58:55Z,2023-03-24T17:59:00Z,0.053396787199179396,3.286554805072199,3.3399515922713783,0
2023-03-24T17:58:55Z,2023-03-24T17:59:00Z,0.05307998603678454,3.281976507881419,3.3350564939182035,0
2023-03-24T17:58:55Z,2023-03-24T17:59:00Z,0.06280196547491945,3.2674284392505397,3.330230404725459,0
2023-03-24T17:58:55Z,2023-03-24T17:59:00Z,0.07107204748399765,3.2548354774766577,3.3259075249606553,0
2023-03-24T17:58:55Z,2023-03-24T17:59:00Z,0.07340625616098828,3.247633875395094,3.3210401315560825,0
2023-03-24T17:58:55Z,2023-03-24T17:59:00Z,0.08256000207494418,3.2333320303797195,3.3158920324546637,0
2023-03-24T17:58:55Z,2023-03-24T17:59:00Z,0.08193949082065721,3.228506607800041,3.310446098620698,0
2023-03-24T17:58:55Z,2023-03-24T17:59:00Z,0.07798187441509441,3.226390988462052,3.3043728628771465,0
2023-03-24T17:58:55Z,2023-03-24T17:59:00Z,0.08226444361150564,3.215746409505278,3.2980108531167835,0
2023-03-24T17:58:55Z,2023-03-24T17:59:00Z,0.0817444586857139,3.2099652498485254,3.2917097085342393,0
2023-03-24T17:58:55Z,2023-03-24T17:59:00Z,0.08894382035440307,3.1962575215789166,3.2852013419333197,0
2023-03-24T17:58:55Z,2023-03-24T17:59:00Z,0.0885448047895614,3.1904279226965397,3.278972727486101,0
2023-03-24T17:58:55Z,2023-03-24T17:59:00Z,0.08804262247804173,3.184023076282065,3.2720656987601067,0
2023-03-24T17:58:55Z,2023-03-24T17:59:00Z,0.08218214257893397,3.182559069497617,3.264741212076551,0
2023-03-24T17:58:55Z,2023-03-24T17:59:00Z,0.07361554644177692,3.1834786465720315,3.2570941930138084,0
2023-03-24T17:58:55Z,2023-03-24T17:59:00Z,0.07354460842860311,3.1760183351319182,3.2495629435605213,0
2023-03-24T17:58:55Z,2023-03-24T17:59:00Z,0.06539892463971242,3.1770852764630835,3.242484201102796,0
2023-03-24T17:58:55Z,2023-03-24T17:59:00Z,0.0473258536621608,3.1881335550375565,3.2354594086997173,0
2023-03-24T17:58:55Z,2023-03-24T17:59:00Z,0.03232237915776137,3.196197356342662,3.2285197355004236,0
2023-03-24T17:58:55Z,2023-03-24T17:59:00Z,0.03469597383363077,3.187629793188713,3.222325767022344,0
2023-03-24T17:58:55Z,2023-03-24T17:59:00Z,0.027608001605223365,3.189578901061825,3.2171869026670485,0
2023-03-24T17:58:55Z,2023-03-24T17:59:00Z,0.013663510564211556,3.198316812530022,3.2119803230942336,0
2023-03-24T17:58:55Z,2023-03-24T17:59:00Z,0.008594135691602833,3.2157114268479625,3.2071172911563597,0
2023-03-24T17:58:55Z,2023-03-24T17:59:00Z,0.02404650533988706,3.227526342458325,3.203479837118438,0
2023-03-24T17:58:55Z,2023-03-24T17:59:00Z,0.027237516131203954,3.228658192690237,3.201420676559033,0
2023-03-24T17:58:55Z,2023-03-24T17:59:00Z,0.027893113205501585,3.2282554985573357,3.200362385351834,0
2023-03-24T17:58:55Z,2023-03-24T17:59:00Z,0.031118810581173495,3.231235204475667,3.2001163938944934,0
2023-03-24T17:58:55Z,2023-03-24T17:59:00Z,0.0394874740433,3.239590651661862,3.200103177618562,0
2023-03-24T17:58:55Z,2023-03-24T17:59:00Z,0.04857905331846535,3.248937189674586,3.2003581363561207,0
2023-03-24T17:58:55Z,2023-03-24T17:59:00Z,0.048394348559820166,3.250007445029445,3.2016130964696248,0
2023-03-24T17:58:55Z,2023-03-24T17:59:00Z,0.05640609269461372,3.260070343891926,3.203664251197312,0
2023-03-24T17:58:55Z,2023-03-24T17:59:00Z,0.054388510535967605,3.260881705072781,3.2064931945368134,0
2023-03-24T17:58:55Z,2023-03-24T17:59:00Z,0.061241450499375016,3.271400035625419,3.210158585126044,0
2023-03-24T17:58:55Z,2023-03-24T17:59:00Z,0.05611279580074591,3.270316571915775,3.214203776115029,0
2023-03-24T17:58:55Z,2023-03-24T17:59:00Z,0.048314836352488566,3.267194452790034,3.2188796164375453,0
2023-03-24T17:58:55Z,2023-03-24T17:59:00Z,0.04959618861448156,3.2730462221753815,3.2234500335609,0
2023-03-24T17:58:55Z,2023-03-24T17:59:00Z,0.043447106216304654,3.2716958828118425,3.228248776595538,0
2023-03-24T17:58:55Z,2023-03-24T17:59:00Z,0.035833380826636674,3.2691327335122957,3.233299352685659,0
2023-03-24T17:58:55Z,2023-03-24T17:59:00Z,0.043598545184754034,3.2812959151216914,3.2376973699369374,0
2023-03-24T17:58:55Z,2023-03-24T17:59:00Z,0.03952667053666348,3.28106274453516,3.2415360739984966,0
2023-03-24T17:58:55Z,2023-03-24T17:59:00Z,0.03618278816998499,3.2826486580596903,3.2464658698897053,0
2023-03-24T17:58:55Z,2023-03-24T17:59:00Z,0.030859168434977047,3.2821399774548583,3.2512808090198813,0
2023-03-24T17:58:55Z,2023-03-24T17:59:00Z,0.01999425380317188,3.2757135810088256,3.2557193272056537,0
2023-03-24T17:58:55Z,2023-03-24T17:59:00Z,0.016611685392682318,3.275827252103962,3.25921556671128,0
2023-03-24T17:58:55Z,2023-03-24T17:59:00Z,0.013764429472249429,3.2755161666335555,3.261751737161306,0
2023-03-24T17:58:55Z,2023-03-24T17:59:00Z,0.004826868642053839,3.2690611878777665,3.2642343192357126,0
2023-03-24T17:58:55Z,2023-03-24T17:59:00Z,0.006723136934072116,3.2599985858845995,3.2667217228186716,0
2023-03-24T17:58:55Z,2023-03-24T17:59:00Z,0.015299252572271715,3.2534133114780897,3.2687125640503614,0
2023-03-24T17:58:55Z,2023-03-24T17:59:00Z,0.019008669770059328,3.2507779960814984,3.2697866658515577,0
2023-03-24T17:58:55Z,2023-03-24T17:59:00Z,0.028128457885709945,3.241893793323927,3.270022251209637,0
2023-03-24T17:58:55Z,2023-03-24T17:59:00Z,0.030298712530961946,3.2397640939972043,3.2700628065281663,0
2023-03-24T17:58:55Z,2023-03-24T17:59:00Z,0.02532215860810272,3.2437839873638525,3.2691061459719553,0
2023-03-24T17:58:55Z,2023-03-24T17:59:00Z,0.02281945991999823,3.245175232837453,3.2679946927574512,0
2023-03-24T17:58:55Z,2023-03-24T17:59:00Z,0.01660502687364307,3.2499361896595156,3.2665412165331587,0
2023-03-24T17:58:55Z,2023-03-24T17:59:00Z,0.013864723389279465,3.251353264771336,3.2652179881606154,0
2023-03-24T17:58:55Z,2023-03-24T17:59:00Z,0.009963293656941818,3.254346364865225,3.264309658522167,0
2023-03-24T17:58:55Z,2023-03-24T17:59:00Z,0.00041492076102978004,3.262753003160924,3.2631679239219538,0
2023-03-24T17:58:55Z,2023-03-24T17:59:00Z,0.002206027068961003,3.264460818467409,3.262254791398448,0
2023-03-24T17:58:55Z,2023-03-24T17:59:00Z,0.012401028961741556,3.2743200450785386,3.261919016116797,0
2023-03-24T17:58:55Z,2023-03-24T17:59:00Z,0.02797084708962405,3.2890038054877744,3.2610329583981503,0
2023-03-24T17:58:55Z,2023-03-24T17:59:00Z,0.032203811652156134,3.292881891131537,3.260678079479381,0
2023-03-24T17:58:55Z,2023-03-24T17:59:00Z,0.03310836529070338,3.294120926213667,3.2610125609229637,0
2023-03-24T17:58:55Z,2023-03-24T17:59:00Z,0.028848595992531756,3.2904265207932157,3.261577924800684,0
2023-03-24T17:58:55Z,2023-03-24T17:59:00Z,0.02928796515114307,3.291834697594187,3.262546732443044,0
2023-03-24T17:58:55Z,2023-03-24T17:59:00Z,0.033993148245750504,3.2973082632513866,3.263315115005636,0
2023-03-24T17:58:55Z,2023-03-24T17:59:00Z,0.018009304754205147,3.2821832898104013,3.264173985056196,0
2023-03-24T17:58:55Z,2023-03-24T17:59:00Z,0.008869474812793765,3.2745301480465487,3.265660673233755,0
2023-03-24T17:58:55Z,2023-03-24T17:59:00Z,0.011302863691929232,3.2781311529217794,3.26682828922985,0
2023-03-24T17:58:55Z,2023-03-24T17:59:00Z,0.0056682746291523145,3.2736079763099735,3.267939701680821,0
2023-03-24T17:58:55Z,2023-03-24T17:59:00Z,0.00733979352194325,3.2620395479925772,3.2693793415145205,0
2023-03-24T17:58:55Z,2023-03-24T17:59:00Z,0.023816318569677364,3.2472321904704247,3.271048509040102,0
2023-03-24T17:58:55Z,2023-03-24T17:59:00Z,0.034444448995238464,3.2377764523604093,3.272220901355648,0
2023-03-24T17:58:55Z,2023-03-24T17:59:00Z,0.035529644548935924,3.236872741180742,3.272402385729678,0
2023-03-24T17:58:55Z,2023-03-24T17:59:00Z,0.030891499179956927,3.241121477050929,3.272012976230886,0
2023-03-24T17:58:55Z,2023-03-24T17:59:00Z,0.04291527248621563,3.2284101538247345,3.27132542631095,0
2023-03-24T17:58:55Z,2023-03-24T17:59:00Z,0.04786036242517122,3.2229265487425995,3.2707869111677708,0
2023-03-24T17:58:55Z,2023-03-24T17:59:00Z,0.046582754933085724,3.222839092495712,3.2694218474287977,0
2023-03-24T17:58:55Z,2023-03-24T17:59:00Z,0.04218592394363929,3.2251397943052464,3.2673257182488857,0
2023-03-24T17:58:55Z,2023-03-24T17:59:00Z,0.03584458006031266,3.2292905210321683,3.265135101092481,0
2023-03-24T17:58:55Z,2023-03-24T17:59:00Z,0.030444527809827093,3.232102139031428,3.262546666841255,0
2023-03-24T17:58:55Z,2023-03-24T17:59:00Z,0.03332797001941801,3.226075892376805,3.259403862396223,0
2023-03-24T17:58:55Z,2023-03-24T17:59:00Z,0.02894998336092014,3.227254944714245,3.256204928075165,0
2023-03-24T17:58:55Z,2023-03-24T17:59:00Z,0.02126024002626803,3.2313633704785354,3.2526236105048034,0
2023-03-24T17:58:55Z,2023-03-24T17:59:00Z,0.012551121980536983,3.236747668730637,3.249298790711174,0
2023-03-24T17:58:55Z,2023-03-24T17:59:00Z,0.008581691932221691,3.237534397351812,3.2461160892840337,0
2023-03-24T17:58:55Z,2023-03-24T17:59:00Z,0.011772043827151801,3.231156645745264,3.2429286895724156,0
2023-03-24T17:58:55Z,2023-03-24T17:59:00Z,0.014100534135638831,3.22647821372843,3.2405787478640686,0
2023-03-24T17:58:55Z,2023-03-24T17:59:00Z,0.01051790299893618,3.227778028954539,3.238295931953475,0
2023-03-24T17:58:55Z,2023-03-24T17:59:00Z,0.010221401071516922,3.2253559551349396,3.2355773562064565,0
2023-03-24T17:58:55Z,2023-03-24T17:59:00Z,0.0037011311421903947,3.229464122571875,3.2331652537140654,0
2023-03-24T17:58:55Z,2023-03-24T17:59:00Z,0.006207154749875432,3.23744169305038,3.2312345383005048,0
2023-03-24T17:58:55Z,2023-03-24T17:59:00Z,0.016922983133111913,3.2472223599652725,3.2302993768321606,0
2023-03-24T17:58:55Z,2023-03-24T17:59:00Z,0.014960562524068965,3.2452423204451755,3.2302817579211065,0
2023-03-24T17:58:55Z,2023-03-24T17:59:00Z,0.02221758542129848,3.253044060120538,3.2308264746992394,0
2023-03-24T17:58:55Z,2023-03-24T17:59:00Z,0.03454195819230943,3.2655853193859827,3.2310433611936733,0
2023-03-24T17:58:55Z,2023-03-24T17:59:00Z,0.03607428361623599,3.2684141661938995,3.2323398825776635,0
2023-03-24T17:58:55Z,2023-03-24T17:59:00Z,0.03989871923149391,3.274483800264072,3.234585081032578,0
2023-03-24T17:58:55Z,2023-03-24T17:59:00Z,0.04099692222051532,3.2779806913424716,3.2369837691219563,0
2023-03-24T17:58:55Z,2023-03-24T17:59:00Z,0.04386078324767917,3.283441605314837,3.239580822067158,0
2023-03-24T17:58:55Z,2023-03-24T17:59:00Z,0.04798872374982732,3.2901321863596324,3.242143462609805,0
2023-03-24T17:58:55Z,2023-03-24T17:59:00Z,0.03521866988488531,3.2800642096675015,3.244845539782616,0
2023-03-24T17:58:55Z,2023-03-24T17:59:00Z,0.03882940874387941,3.2870463324203283,3.248216923676449,0
2023-03-24T17:58:55Z,2023-03-24T17:59:00Z,0.03457033089544659,3.285566689569436,3.2509963586739894,0
2023-03-24T17:58:55Z,2023-03-24T17:59:00Z,0.03262651570688835,3.2865535565883404,3.253927040881452,0
2023-03-24T17:58:55Z,2023-03-24T17:59:00Z,0.0360313602387925,3.292527823269655,3.2564964630308624,0
2023-03-24T17:58:55Z,2023-03-24T17:59:00Z,0.03012956887235818,3.2892059876525117,3.2590764187801535,0
2023-03-24T17:58:55Z,2023-03-24T17:59:00Z,0.021342504022178854,3.2836489847773,3.262306480755121,0
2023-03-24T17:58:55Z,2023-03-24T17:59:00Z,0.012870031180196584,3.2784779737207956,3.265607942540599,0
2023-03-24T17:58:55Z,2023-03-24T17:59:00Z,0.0042211362710529166,3.272769655433903,3.26854851916285,0
2023-03-24T17:58:55Z,2023-03-24T17:59:00Z,0.0036350244540179766,3.267709390423877,3.271344414877895,0
2023-03-24T17:58:55Z,2023-03-24T17:59:00Z,0.012663949855917345,3.2609597035936635,3.273623653449581,0
2023-03-24T17:58:55Z,2023-03-24T17:59:00Z,0.017043083583044183,3.258173606570405,3.275216690153449,0
2023-03-24T17:58:55Z,2023-03-24T17:59:00Z,0.015798549077190582,3.260141159161963,3.2759397082391537,0
2023-03-24T17:58:55Z,2023-03-24T17:59:00Z,5.145395210170989e-05,3.2766717561978465,3.2766203022457447,0
2023-03-24T17:58:55Z,2023-03-24T17:59:00Z,0.0057735814864527946,3.282767415260693,3.2769938337742404,0
2023-03-24T17:58:55Z,2023-03-24T17:59:00Z,0.01819287934224656,3.2957702097907964,3.27757733044855,0
2023-03-24T17:58:55Z,2023-03-24T17:59:00Z,0.03487731304087349,3.3132100776508335,3.27833276460996,0
2023-03-24T17:58:55Z,2023-03-24T17:59:00Z,0.04974693719122314,3.3292000391446948,3.2794531019534716,0
2023-03-24T17:58:55Z,2023-03-24T17:59:00Z,0.045174973131709706,3.3264822533119376,3.281307280180228,0
2023-03-24T17:58:55Z,2023-03-24T17:59:00Z,0.03772483400387294,3.3214404528067245,3.2837156188028516,0
2023-03-24T17:58:55Z,2023-03-24T17:59:00Z,0.0373105992720566,3.3229393794934508,3.285628780221394,0
2023-03-24T17:58:55Z,2023-03-24T17:59:00Z,0.023149829985227743,3.3109563072139494,3.2878064772287217,0
2023-03-24T17:58:55Z,2023-03-24T17:59:00Z,0.019930599414514028,3.3096261843839256,3.2896955849694116,0
2023-03-24T17:58:55Z,2023-03-24T17:59:00Z,0.018284386797188468,3.309316267432101,3.2910318806349124,0
2023-03-24T17:58:55Z,2023-03-24T17:59:00Z,0.005390756009142628,3.297636985475402,3.2922462294662593,0
2023-03-24T17:58:55Z,2023-03-24T17:59:00Z,0.009227390888760123,3.3023572226793583,3.293129831790598,0
2023-03-24T17:58:55Z,2023-03-24T17:59:00Z,0.004849722229243181,3.298423290747362,3.2935735685181187,0
2023-03-24T17:58:55Z,2023-03-24T17:59:00Z,0.003121645271575435,3.297679857889803,3.2945582126182273,0
2023-03-24T17:58:55Z,2023-03-24T17:59:00Z,0.00797765147530427,3.3035856176212457,3.2956079661459414,0
2023-03-24T17:58:55Z,2023-03-24T17:59:00Z,0.006155454214703315,3.3030744836477983,3.296919029433095,0
2023-03-24T17:58:55Z,2023-03-24T17:59:00Z,0.009080879527074703,3.307888131444241,3.2988072519171663,0
2023-03-24T17:58:55Z,2023-03-24T17:59:00Z,0.0014506962790066247,3.29957312300943,3.3010238192884365,0
2023-03-24T17:58:55Z,2023-03-24T17:59:00Z,0.0017385713453603735,3.3019018018838047,3.303640373229165,0
2023-03-24T17:58:55Z,2023-03-24T17:59:00Z,0.0037235398894766014,3.309439279636929,3.3057157397474524,0
2023-03-24T17:58:55Z,2023-03-24T17:59:00Z,0.0005376311799207834,3.3075812680687395,3.3070436368888187,0
2023-03-24T17:58:55Z,2023-03-24T17:59:00Z,0.000581956549063456,3.3078654626753465,3.30844741922441,0
2023-03-24T17:58:55Z,2023-03-24T17:59:00Z,0.005143686979091733,3.3142127408497086,3.309069053870617,0
2023-03-24T17:58:55Z,2023-03-24T17:59:00Z,0.0015113192218834115,3.3102990775674748,3.3087877583455914,0
2023-03-24T17:58:55Z,2023-03-24T17:59:00Z,0.0020026383575695306,3.310001591529741,3.3079989531721714,0
2023-03-24T17:58:55Z,2023-03-24T17:59:00Z,0.0005979558798592244,3.307745162960217,3.307147207080358,0
2023-03-24T17:58:55Z,2023-03-24T17:59:00Z,0.006895047206169735,3.31344020895616,3.30654516174999,0
2023-03-24T17:58:55Z,2023-03-24T17:59:00Z,0.005439686962579682,3.3111851531055576,3.305745466142978,0
2023-03-24T17:58:55Z,2023-03-24T17:59:00Z,0.0049095144058997064,3.31078571221952,3.30587619781362,0
2023-03-24T17:58:55Z,2023-03-24T17:59:00Z,0.00946356089993916,3.3154218096989085,3.3059582487989694,0
2023-03-24T17:58:55Z,2023-03-24T17:59:00Z,0.01764025592602847,3.3236758439243355,3.306035587998307,0
2023-03-24T17:58:55Z,2023-03-24T17:59:00Z,0.019997439326645328,3.326969070705137,3.3069716313784916,0
2023-03-24T17:58:55Z,2023-03-24T17:59:00Z,0.024366617888049724,3.3324602819636455,3.308093664075596,0
2023-03-24T17:58:55Z,2023-03-24T17:59:00Z,0.0329956821568147,3.3425917557038725,3.3095960735470578,0
2023-03-24T17:58:55Z,2023-03-24T17:59:00Z,0.04411494170279795,3.3555415638853217,3.3114266221825237,0
2023-03-24T17:58:55Z,2023-03-24T17:59:00Z,0.035888274294739286,3.34936785111319,3.313479576818451,0
2023-03-24T17:58:55Z,2023-03-24T17:59:00Z,0.03721968795020025,3.3534606900443107,3.3162410020941104,0
2023-03-24T17:58:55Z,2023-03-24T17:59:00Z,0.02717924673414318,3.3456033919687247,3.3184241452345815,0
2023-03-24T17:58:55Z,2023-03-24T17:59:00Z,0.02315161747159289,3.3444119504448517,3.321260332973259,0
2023-03-24T17:58:55Z,2023-03-24T17:59:00Z,0.025505456805649196,3.3490658734675884,3.3235604166619392,0
2023-03-24T17:58:55Z,2023-03-24T17:59:00Z,0.020202748070273557,3.34560383161684,3.3254010835465664,0
2023-03-24T17:58:55Z,2023-03-24T17:59:00Z,0.016258111878412418,3.3438425957091287,3.3275844838307163,0
2023-03-24T17:58:55Z,2023-03-24T17:59:00Z,0.016165439721153252,3.345736153496159,3.3295707137750057,0
2023-03-24T17:58:55Z,2023-03-24T17:59:00Z,0.011659544530454813,3.342789724350693,3.331130179820238,0
2023-03-24T17:58:55Z,2023-03-24T17:59:00Z,0.015444264208730019,3.348439553288373,3.332995289079643,0
2023-03-24T17:58:55Z,2023-03-24T17:59:00Z,0.01591742848469435,3.35063840876544,3.334720980280746,0
2023-03-24T17:58:55Z,2023-03-24T17:59:00Z,0.0025747592662836993,3.339437549564301,3.3368627902980172,0
2023-03-24T17:58:55Z,2023-03-24T17:59:00Z,0.011475991053146117,3.327344599234833,3.338820590287979,0
2023-03-24T17:58:55Z,2023-03-24T17:59:00Z,0.02444102057144759,3.315866537951202,3.3403075585226496,0
2023-03-24T17:58:55Z,2023-03-24T17:59:00Z,0.039188672101580835,3.3019904067902957,3.3411790788918765,0
2023-03-24T17:58:55Z,2023-03-24T17:59:00Z,0.04862778980441895,3.2925746958375783,3.3412024856419973,0
2023-03-24T17:58:55Z,2023-03-24T17:59:00Z,0.0586378913601604,3.281423255485308,3.3400611468454686,0
2023-03-24T17:58:55Z,2023-03-24T17:59:00Z,0.05815904508015857,3.280091871509123,3.3382509165892817,0
2023-03-24T17:58:55Z,2023-03-24T17:59:00Z,0.045473171633242604,3.2900915856677053,3.335564757300948,0
2023-03-24T17:58:55Z,2023-03-24T17:59:00Z,0.042849523536548695,3.289425766175202,3.3322752897117507,0
2023-03-24T17:58:55Z,2023-03-24T17:59:00Z,0.027939543072919015,3.3008910109431673,3.3288305540160863,0
2023-03-24T17:58:55Z,2023-03-24T17:59:00Z,0.023210193591864492,3.3024655138485377,3.325675707440402,0
2023-03-24T17:58:55Z,2023-03-24T17:59:00Z,0.022141716529274547,3.3007671656952784,3.322908882224553,0
2023-03-24T17:58:55Z,2023-03-24T17:59:00Z,0.010590019574459486,3.3100484480121892,3.3206384675866487,0
2023-03-24T17:58:55Z,2023-03-24T17:59:00Z,0.018918814698116737,3.299422558954344,3.3183413736524607,0
2023-03-24T17:58:55Z,2023-03-24T17:59:00Z,0.014524774283399822,3.301763050660882,3.3162878249442818,0
2023-03-24T17:58:55Z,2023-03-24T17:59:00Z,0.016413786936725572,3.2974434447095295,3.313857231646255,0
2023-03-24T17:58:55Z,2023-03-24T17:59:00Z,0.02156273331976033,3.290079785429219,3.3116425187489793,0
2023-03-24T17:58:55Z,2023-03-24T17:59:00Z,0.01126601249525594,3.2978347847386384,3.3091007972338944,0
2023-03-24T17:58:55Z,2023-03-24T17:59:00Z,0.018600658033296913,3.2877259318889402,3.306326589922237,0
2023-03-24T17:58:55Z,2023-03-24T17:59:00Z,0.018407244519578647,3.28525593653162,3.3036631810511987,0
2023-03-24T17:58:55Z,2023-03-24T17:59:00Z,0.0211771566032386,3.27917484145446,3.3003519980576987,0
2023-03-24T17:58:55Z,2023-03-24T17:59:00Z,0.022049837285469387,3.275450496928404,3.2975003342138733,0
2023-03-24T17:58:55Z,2023-03-24T17:59:00Z,0.01987359981839454,3.2750914839859857,3.2949650838043802,0
2023-03-24T17:58:55Z,2023-03-24T17:59:00Z,0.018786850231843566,3.274051073518705,3.2928379237505485,0
2023-03-24T17:58:55Z,2023-03-24T17:59:00Z,0.031223057672316035,3.260199133299059,3.291422190971375,0
2023-03-24T17:58:55Z,2023-03-24T17:59:00Z,0.017002742000017612,3.27344452148089,3.2904472634809077,0
2023-03-24T17:58:55Z,2023-03-24T17:59:00Z,0.010601487664428255,3.2787287167540446,3.289330204418473,0
2023-03-24T17:58:55Z,2023-03-24T17:59:00Z,0.0062578644607373946,3.2827224794299346,3.288980343890672,1
2023-03-24T17:58:55Z,2023-03-24T17:59:00Z,0.003940396657107659,3.284441901501266,3.2883822981583735,1
2023-03-24T17:58:55Z,2023-03-24T17:59:00Z,0.002475566666526152,3.285553926926307,3.288029493592833,1
2023-03-24T17:58:55Z,2023-03-24T17:59:00Z,0.0001998491842627459,3.286963901806365,3.287163750990628,1
2023-03-24T17:58:55Z,2023-03-24T17:59:00Z,0.002091424330263436,3.288365091798669,3.2862736674684054,1
2023-03-24T17:58:55Z,2023-03-24T17:59:00Z,0.00635217852772163,3.279195001367583,3.2855471798953046,1
2023-03-24T17:58:55Z,2023-03-24T17:59:00Z,0.003542742395972187,3.2808632082249365,3.2844059506209087,1
2023-03-24T17:58:55Z,2023-03-24T17:59:00Z,0.0023893889973893856,3.285730731324258,3.2833413423268687,1
2023-03-24T17:58:55Z,2023-03-24T17:59:00Z,0.008276063293807034,3.2739652873259066,3.2822413506197137,1
2023-03-24T17:58:55Z,2023-03-24T17:59:00Z,0.007623004062907057,3.274001887957582,3.281624892020489,1
2023-03-24T17:58:55Z,2023-03-24T17:59:00Z,0.004799903741680822,3.2759768567996863,3.280776760541367,1
2023-03-24T17:58:55Z,2023-03-24T17:59:00Z,0.01098415172742051,3.2685382458254697,3.27952239755289,1
2023-03-24T17:58:55Z,2023-03-24T17:59:00Z,0.01013757043996577,3.268766454739806,3.278904025179772,1
2023-03-24T17:58:55Z,2023-03-24T17:59:00Z,0.01211710350729378,3.2659070432142596,3.2780241467215534,1
2023-03-24T17:58:55Z,2023-03-24T17:59:00Z,0.013378490898948492,3.2640978459955177,3.277476336894466,1
2023-03-24T17:58:55Z,2023-03-24T17:59:00Z,0.00895514042035872,3.268018909436521,3.2769740498568796,1
2023-03-24T17:58:55Z,2023-03-24T17:59:00Z,0.010364744730744224,3.2660306926003213,3.2763954373310655,1
2023-03-24T17:58:55Z,2023-03-24T17:59:00Z,0.012099128383759261,3.2639788266271914,3.2760779550109507,1
2023-03-24T17:58:55Z,2023-03-24T17:59:00Z,0.011920582336162333,3.264464296848539,3.2763848791847012,1
2023-03-24T17:58:55Z,2023-03-24T17:59:00Z,0.013969536530980875,3.2619171481877363,3.275886684718717,1
2023-03-24T17:58:55Z,2023-03-24T17:59:00Z,0.017153221773327232,3.2579827040029947,3.275135925776322,1
2023-03-24T17:58:55Z,2023-03-24T17:59:00Z,0.012703689706415222,3.2613372186361067,3.274040908342522,1
2023-03-24T17:58:55Z,2023-03-24T17:59:00Z,0.0126498178098573,3.2599985011906503,3.2726483190005076,1
2023-03-24T17:58:55Z,2023-03-24T17:59:00Z,0.011560048105145437,3.2598137073011415,3.271373755406287,1
2023-03-24T17:58:55Z,2023-03-24T17:59:00Z,0.008795461247013137,3.2611590625479208,3.269954523794934,1
2023-03-24T17:58:55Z,2023-03-24T17:59:00Z,0.01182574300585637,3.256626076341839,3.2684518193476952,1
2023-03-24T17:58:55Z,2023-03-24T17:59:00Z,0.017459421755354754,3.2500431376544636,3.2675025594098184,1
2023-03-24T17:58:55Z,2023-03-24T17:59:00Z,0.019333515173572735,3.246893405716082,3.266226920889655,1
2023-03-24T17:58:55Z,2023-03-24T17:59:00Z,0.03616981757145199,3.22817880891453,3.264348626485982,1
2023-03-24T17:58:55Z,2023-03-24T17:59:00Z,0.0426822621278542,3.2202415284839265,3.2629237906117807,1
2023-03-24T17:58:55Z,2023-03-24T17:59:00Z,0.05121638118399341,3.209295668425521,3.2605120496095146,1
2023-03-24T17:58:55Z,2023-03-24T17:59:00Z,0.05976176966264424,3.1978168416144612,3.2575786112771055,1
2023-03-24T17:58:55Z,2023-03-24T17:59:00Z,0.06471496779110542,3.1897456130965294,3.254460580887635,1
2023-03-24T17:58:55Z,2023-03-24T17:59:00Z,0.07736796464000051,3.173358426083143,3.2507263907231434,1
2023-03-24T17:58:55Z,2023-03-24T17:59:00Z,0.086389352892557,3.1603285415086004,3.2467178944011574,1
2023-03-24T17:58:55Z,2023-03-24T17:59:00Z,0.09702711128183328,3.1449150241765675,3.241942135458401,1
2023-03-24T17:58:55Z,2023-03-24T17:59:00Z,0.1060632777417565,3.1302109436151744,3.236274221356931,1
2023-03-24T17:58:55Z,2023-03-24T17:59:00Z,0.1174500836648269,3.1124496288276964,3.2298997124925233,1
2023-03-24T17:58:55Z,2023-03-24T17:59:00Z,0.13350040122862472,3.089358896368529,3.2228592975971537,1
2023-03-24T17:58:55Z,2023-03-24T17:59:00Z,0.13881538705456897,3.0760431385414884,3.2148585255960573,1
2023-03-24T17:58:55Z,2023-03-24T17:59:00Z,0.14472952548697648,3.061046986855438,3.2057765123424145,1
2023-03-24T17:58:55Z,2023-03-24T17:59:00Z,0.1552857073012306,3.040915038437947,3.1962007457391777,1
2023-03-24T17:58:55Z,2023-03-24T17:59:00Z,0.16230733143354348,3.023351823159283,3.1856591545928263,1
2023-03-24T17:58:55Z,2023-03-24T17:59:00Z,0.17193003856951572,3.002198407457379,3.1741284460268946,1
2023-03-24T17:58:55Z,2023-03-24T17:59:00Z,0.18507014427155877,2.97661293943208,3.1616830837036387,1
2023-03-24T17:58:55Z,2023-03-24T17:59:00Z,0.18087314547816868,2.96718043006281,3.148053575540979,1
2023-03-24T17:58:55Z,2023-03-24T17:59:00Z,0.14262287777555915,2.9906931642438535,3.1333160420194126,1
2023-03-24T17:58:55Z,2023-03-24T17:59:00Z,0.1130230081167869,3.0054055229767496,3.1184285310935365,1
2023-03-24T17:58:55Z,2023-03-24T17:59:00Z,0.09297656720042813,3.011967740657728,3.104944307858156,1
2023-03-24T17:58:55Z,2023-03-24T17:59:00Z,0.07467311389781317,3.0185462841741435,3.0932193980719567,1
2023-03-24T17:58:55Z,2023-03-24T17:59:00Z,0.062393775578503785,3.019863844186811,3.082257619765315,1
2023-03-24T17:58:55Z,2023-03-24T17:59:00Z,0.058518485670166154,3.0136996928187605,3.0722181784889266,1
2023-03-24T17:58:55Z,2023-03-24T17:59:00Z,0.05258247845945441,3.0102697527964377,3.062852231255892,1
2023-03-24T17:58:55Z,2023-03-24T17:59:00Z,0.04484672330209305,3.0087399332023375,3.0535866565044305,1
2023-03-24T17:58:55Z,2023-03-24T17:59:00Z,0.04002876132062472,3.004974280800295,3.0450030421209195,1
2023-03-24T17:58:55Z,2023-03-24T17:59:00Z,0.037346664757500925,2.999678029557826,3.0370246943153267,1
2023-03-24T17:58:55Z,2023-03-24T17:59:00Z,0.03565204012199974,2.9940073519103656,3.0296593920323653,1
2023-03-24T17:58:55Z,2023-03-24T17:59:00Z,0.032945073316193785,2.989844165344732,3.0227892386609256,1
2023-03-24T17:58:55Z,2023-03-24T17:59:00Z,0.031150779482372215,2.9854046551302735,3.0165554346126457,1
2023-03-24T17:58:55Z,2023-03-24T17:59:00Z,0.027617919248185352,2.983699897942155,3.0113178171903403,1
2023-03-24T17:58:55Z,2023-03-24T17:59:00Z,0.023098830060332975,2.9834485406346802,3.006547370695013,1
2023-03-24T17:58:55Z,2023-03-24T17:59:00Z,0.02323043761548904,2.9792460336630358,3.002476471278525,1
2023-03-24T17:58:55Z,2023-03-24T17:59:00Z,0.026129555212091926,2.973322363550471,2.999451918762563,1
2023-03-24T17:58:55Z,2023-03-24T17:59:00Z,0.02301484292003675,2.974115718500619,2.9971305614206556,1
2023-03-24T17:58:55Z,2023-03-24T17:59:00Z,0.025907231912244644,2.969703537723837,2.9956107696360816,1
2023-03-24T17:58:55Z,2023-03-24T17:59:00Z,0.02652658397028418,2.9689527529851945,2.9954793369554786,1
2023-03-24T17:58:55Z,2023-03-24T17:59:00Z,0.03209767914773476,2.9635144529477975,2.9956121320955322,1
2023-03-24T17:58:55Z,2023-03-24T17:59:00Z,0.037315806365189275,2.9571520935588347,2.994467899924024,1
2023-03-24T17:58:55Z,2023-03-24T17:59:00Z,0.03793982310079702,2.954323283663808,2.992263106764605,1
2023-03-24T17:58:55Z,2023-03-24T17:59:00Z,0.03906739996886888,2.9503106727379,2.989378072706769,1
2023-03-24T17:58:55Z,2023-03-24T17:59:00Z,0.04003908394973976,2.9459588308354325,2.9859979147851723,1
2023-03-24T17:58:55Z,2023-03-24T17:59:00Z,0.03618844952236344,2.9461487720286557,2.982337221551019,1
2023-03-24T17:58:55Z,2023-03-24T17:59:00Z,0.03292856096758312,2.9458433520579974,2.9787719130255805,1
2023-03-24T17:58:55Z,2023-03-24T17:59:00Z,0.03131462292548415,2.9440825016386345,2.9753971245641186,1
2023-03-24T17:58:55Z,2023-03-24T17:59:00Z,0.029851902795715368,2.9422348753923857,2.972086778188101,1
2023-03-24T17:58:55Z,2023-03-24T17:59:00Z,0.031797883490092715,2.9370840642158154,2.968881947705908,1
2023-03-24T17:58:55Z,2023-03-24T17:59:00Z,0.04054624868956491,2.925312375112899,2.965858623802464,1
2023-03-24T17:58:55Z,2023-03-24T17:59:00Z,0.050467427596374126,2.9123952336958503,2.9628626612922244,1
2023-03-24T17:58:55Z,2023-03-24T17:59:00Z,0.056815166498530356,2.9026510847814926,2.959466251280023,1
2023-03-24T17:58:55Z,2023-03-24T17:59:00Z,0.0648735370725606,2.890750113079334,2.9556236501518947,1
2023-03-24T17:58:55Z,2023-03-24T17:59:00Z,0.07465397093774051,2.8767039522056983,2.951357923143439,1
2023-03-24T17:58:55Z,2023-03-24T17:59:00Z,0.10780730070721711,2.8386717578280463,2.9464790585352634,1
2023-03-24T17:58:55Z,2023-03-24T17:59:00Z,0.08373352944767642,2.8573485774319374,2.941082106879614,1
2023-03-24T17:58:55Z,2023-03-24T17:59:00Z,0.058238795333503734,2.875756437560719,2.933995232894223,1
2023-03-24T17:58:55Z,2023-03-24T17:59:00Z,0.03340906062555238,2.894440533265055,2.9278495938906075,0
2023-03-24T17:58:55Z,2023-03-24T17:59:00Z,0.007759072475503448,2.915145937195993,2.9229050096714966,0
2023-03-24T17:58:55Z,2023-03-24T17:59:00Z,0.024494011690365358,2.943477325587117,2.9189833138967516,0
2023-03-24T17:58:55Z,2023-03-24T17:59:00Z,0.046156029845405566,2.9625936323868,2.9164376025413943,0
2023-03-24T17:58:55Z,2023-03-24T17:59:00Z,0.05874848853478154,2.9744663664460855,2.915717877911304,0
2023-03-24T17:58:55Z,2023-03-24T17:59:00Z,0.07529404416771612,2.991447203590756,2.91615315942304,0
2023-03-24T17:58:55Z,2023-03-24T17:59:00Z,0.08887000048401017,3.0062945122074813,2.917424511723471,0
2023-03-24T17:58:55Z,2023-03-24T17:59:00Z,0.10430115526430983,3.02411979186964,2.91981863660533,0
2023-03-24T17:58:55Z,2023-03-24T17:59:00Z,0.12115819862053545,3.0441424004984357,2.9229842018779,0
2023-03-24T17:58:55Z,2023-03-24T17:59:00Z,0.13139379933658857,3.058497813836154,2.9271040144995655,0
2023-03-24T17:58:55Z,2023-03-24T17:59:00Z,0.14066662885564796,3.0730369538215183,2.9323703249658704,0
2023-03-24T17:58:55Z,2023-03-24T17:59:00Z,0.14624677801490638,3.084736205004133,2.9384894269892268,0
2023-03-24T17:58:55Z,2023-03-24T17:59:00Z,0.1522013275298586,3.097846169761491,2.9456448422316326,0
2023-03-24T17:58:55Z,2023-03-24T17:59:00Z,0.15397966138499264,3.1080152315056377,2.954035570120645,0
2023-03-24T17:58:55Z,2023-03-24T17:59:00Z,0.15371629918395024,3.117512444886997,2.963796145703047,0
2023-03-24T17:58:55Z,2023-03-24T17:59:00Z,0.15362432591498942,3.128229110919307,2.974604785004318,0
2023-03-24T17:58:55Z,2023-03-24T17:59:00Z,0.15033651470705367,3.1368761592801957,2.986539644573142,0
2023-03-24T17:58:55Z,2023-03-24T17:59:00Z,0.1496584412802382,3.149436252101465,2.999777810821227,0
2023-03-24T17:58:55Z,2023-03-24T17:59:00Z,0.12956269436501033,3.145035473683719,3.0154727793187086,0
2023-03-24T17:58:55Z,2023-03-24T17:59:00Z,0.10878195621427045,3.1396277710419014,3.030845814827631,0
2023-03-24T17:58:55Z,2023-03-24T17:59:00Z,0.10471518351244802,3.1497335791886583,3.0450183956762102,0
2023-03-24T17:58:55Z,2023-03-24T17:59:00Z,0.09854388917516355,3.1564668763133126,3.057922987138149,0
2023-03-24T17:58:55Z,2023-03-24T17:59:00Z,0.0933381748440385,3.163607879981801,3.0702697051377625,0
2023-03-24T17:58:55Z,2023-03-24T17:59:00Z,0.0812600700996291,3.1627397515914017,3.0814796814917726,0
2023-03-24T17:58:55Z,2023-03-24T17:59:00Z,0.07568704083116806,3.167746419564783,3.092059378733615,0
2023-03-24T17:58:55Z,2023-03-24T17:59:00Z,0.0666783563101867,3.1686468605777662,3.1019685042675795,0
2023-03-24T17:58:55Z,2023-03-24T17:59:00Z,0.052811633109628,3.164059043481104,3.111247410371476,0
2023-03-24T17:58:55Z,2023-03-24T17:59:00Z,0.05068360107582137,3.170475871887838,3.1197922708120167,0
2023-03-24T17:58:55Z,2023-03-24T17:59:00Z,0.04892008079740506,3.1760775753784465,3.1271574945810414,0
2023-03-24T17:58:55Z,2023-03-24T17:59:00Z,0.04165182174226434,3.175458446396432,3.133806624654168,0
2023-03-24T17:58:55Z,2023-03-24T17:59:00Z,0.03563995411448184,3.1756349872708753,3.1399950331563935,0
2023-03-24T17:58:55Z,2023-03-24T17:59:00Z,0.02695788204527272,3.17234352007403,3.1453856380287575,0
2023-03-24T17:58:55Z,2023-03-24T17:59:00Z,0.013732193426040595,3.16390197788989,3.1501697844638494,0
2023-03-24T17:58:55Z,2023-03-24T17:59:00Z,0.0022244417493855195,3.156315139387579,3.1540906976381935,0
2023-03-24T17:58:55Z,2023-03-24T17:59:00Z,0.007425141577313887,3.149606963765314,3.157032105342628,0
2023-03-24T17:58:55Z,2023-03-24T17:59:00Z,0.017990695005571045,3.141083657416035,3.159074352421606,0
2023-03-24T17:58:55Z,2023-03-24T17:59:00Z,0.025195418883685594,3.1350040836877104,3.160199502571396,0
2023-03-24T17:58:55Z,2023-03-24T17:59:00Z,0.032970998720436295,3.1274499511212666,3.160420949841703,0
2023-03-24T17:58:55Z,2023-03-24T17:59:00Z,0.03714832036370419,3.1225130416667484,3.1596613620304526,0
2023-03-24T17:58:55Z,2023-03-24T17:59:00Z,0.03067554066260003,3.128060267548776,3.158735808211376,0
2023-03-24T17:58:55Z,2023-03-24T17:59:00Z,0.03159287626353979,3.1262421567175647,3.1578350329811045,0
2023-03-24T17:58:55Z,2023-03-24T17:59:00Z,0.02270405399951425,3.133990278368965,3.1566943323684793,0
2023-03-24T17:58:55Z,2023-03-24T17:59:00Z,0.026039903343811677,3.1290636543091024,3.155103557652914,0
2023-03-24T17:58:55Z,2023-03-24T17:59:00Z,0.03301606704717397,3.120528669468222,3.153544736515396,0
2023-03-24T17:58:55Z,2023-03-24T17:59:00Z,0.040529628510090454,3.1112426818325525,3.151772310342643,0
2023-03-24T17:58:55Z,2023-03-24T17:59:00Z,0.058561032291132964,3.090726133309586,3.149287165600719,0
2023-03-24T17:58:55Z,2023-03-24T17:59:00Z,0.05963141943757755,3.086634473597604,3.1462658930351814,0
2023-03-24T17:58:55Z,2023-03-24T17:59:00Z,0.060852877729594024,3.081553388454455,3.142406266184049,0
2023-03-24T17:58:55Z,2023-03-24T17:59:00Z,0.0554158758347576,3.0825776851761213,3.137993561010879,0
2023-03-24T17:58:55Z,2023-03-24T17:59:00Z,0.04148372859429461,3.0915348752100584,3.133018603804353,0
2023-03-24T17:58:55Z,2023-03-24T17:59:00Z,0.038592178486683615,3.0895379642008107,3.1281301426874943,0
2023-03-24T17:58:55Z,2023-03-24T17:59:00Z,0.0423752110382245,3.0813286099618584,3.123703821000083,0
2023-03-24T17:58:55Z,2023-03-24T17:59:00Z,0.035490206701160876,3.0838554271477,3.119345633848861,0
2023-03-24T17:58:55Z,2023-03-24T17:59:00Z,0.04177669676878315,3.0732229703470235,3.1149996671158067,0
2023-03-24T17:58:55Z,2023-03-24T17:59:00Z,0.035239673483318246,3.075946324567232,3.11118599805055,0
2023-03-24T17:58:55Z,2023-03-24T17:59:00Z,0.03588676887492959,3.0712790189957104,3.10716578787064,0
2023-03-24T17:58:55Z,2023-03-24T17:59:00Z,0.03740200687673578,3.0663355003176513,3.103737507194387,0
2023-03-24T17:58:55Z,2023-03-24T17:59:00Z,0.037116666471938675,3.0632668899491855,3.100383556421124,0
2023-03-24T17:58:55Z,2023-03-24T17:59:00Z,0.03817518014957866,3.05899182622925,3.097167006378829,0
2023-03-24T17:58:55Z,2023-03-24T17:59:00Z,0.03299360763485826,3.061055180232519,3.0940487878673775,0
2023-03-24T17:58:55Z,2023-03-24T17:59:00Z,0.03039962742731772,3.0600139793179797,3.0904136067452974,0
2023-03-24T17:58:55Z,2023-03-24T17:59:00Z,0.022859373225901702,3.064123340020183,3.0869827132460848,0
2023-03-24T17:58:55Z,2023-03-24T17:59:00Z,0.01949176204884573,3.063597461773503,3.083089223822349,0
2023-03-24T17:58:55Z,2023-03-24T17:59:00Z,0.022177938378940887,3.0574933741650434,3.0796713125439843,0
2023-03-24T17:58:55Z,2023-03-24T17:59:00Z,0.018142277747688063,3.0585326554439427,3.0766749331916308,0
2023-03-24T17:58:55Z,2023-03-24T17:59:00Z,0.027773656186439677,3.0460723660753217,3.0738460222617614,0
2023-03-24T17:58:55Z,2023-03-24T17:59:00Z,0.029034021556358702,3.043117607133527,3.072151628689886,0
2023-03-24T17:58:55Z,2023-03-24T17:59:00Z,0.021796808830357506,3.0482199720951972,3.0700167809255547,0
2023-03-24T17:58:55Z,2023-03-24T17:59:00Z,0.028178193847996358,3.0398156512185626,3.067993845066559,0
2023-03-24T17:58:55Z,2023-03-24T17:59:00Z,0.030867818896693766,3.0353177254813954,3.066185544378089,0
2023-03-24T17:58:55Z,2023-03-24T17:59:00Z,0.0365354806995688,3.0269279992579152,3.063463479957484,0
2023-03-24T17:58:55Z,2023-03-24T17:59:00Z,0.03736092058425822,3.02324886259852,3.060609783182778,0
2023-03-24T17:58:55Z,2023-03-24T17:59:00Z,0.034273280416271756,3.0234733127294566,3.0577465931457284,0
2023-03-24T17:58:55Z,2023-03-24T17:59:00Z,0.03467149309189432,3.019885280867036,3.05455677395893,0
2023-03-24T17:58:55Z,2023-03-24T17:59:00Z,0.027471090652249508,3.0244672802741768,3.0519383709264263,0
2023-03-24T17:58:55Z,2023-03-24T17:59:00Z,0.03413432302171726,3.01485346665733,3.0489877896790474,0
2023-03-24T17:58:55Z,2023-03-24T17:59:00Z,0.030990192938805894,3.015533821018056,3.0465240139568617,0
2023-03-24T17:58:55Z,2023-03-24T17:59:00Z,0.02777134417925531,3.0160430890586416,3.043814433237897,0
2023-03-24T17:58:55Z,2023-03-24T17:59:00Z,0.0279425563257516,3.0133596101262965,3.041302166452048,0
2023-03-24T17:58:55Z,2023-03-24T17:59:00Z,0.02643493970665789,3.0126067668943053,3.039041706600963,0
2023-03-24T17:58:55Z,2023-03-24T17:59:00Z,0.024830192729376144,3.0117012207081015,3.0365314134374777,0
2023-03-24T17:58:55Z,2023-03-24T17:59:00Z,0.015096364525070793,3.0189399324690562,3.034036296994127,0
2023-03-24T17:58:55Z,2023-03-24T17:59:00Z,0.008406419755849104,3.0228708183271156,3.0312772380829647,0
2023-03-24T17:58:55Z,2023-03-24T17:59:00Z,0.0017640461963472909,3.030690888000131,3.028926841803784,0
2023-03-24T17:58:55Z,2023-03-24T17:59:00Z,0.00983365654783075,3.0369382585706703,3.0271046020228396,0
2023-03-24T17:58:55Z,2023-03-24T17:59:00Z,0.013471016882642406,3.039110262724229,3.0256392458415866,0
2023-03-24T17:58:55Z,2023-03-24T17:59:00Z,0.01190108997396866,3.03705959331531,3.0251585033413413,0
2023-03-24T17:58:55Z,2023-03-24T17:59:00Z,0.00150888692506701,3.0264564774027614,3.0249475904776943,0
2023-03-24T17:58:55Z,2023-03-24T17:59:00Z,0.004616620856043863,3.0197435812648146,3.0243602021208584,0
2023-03-24T17:58:55Z,2023-03-24T17:59:00Z,0.007686563858678497,3.0159705238508216,3.0236570877095,0
2023-03-24T17:58:55Z,2023-03-24T17:59:00Z,0.011816686519302344,3.0110207093893253,3.0228373959086277,0
2023-03-24T17:58:55Z,2023-03-24T17:59:00Z,0.011803139285777142,3.0104575473908977,3.022260686676675,0
2023-03-24T17:58:55Z,2023-03-24T17:59:00Z,0.012523832507082666,3.0090932671585824,3.021617099665665,0
2023-03-24T17:58:55Z,2023-03-24T17:59:00Z,0.015391309796207953,3.00554074958848,3.020932059384688,0
2023-03-24T17:58:55Z,2023-03-24T17:59:00Z,0.012063233891238312,3.0083008247719527,3.020364058663191,0
2023-03-24T17:58:55Z,2023-03-24T17:59:00Z,0.005001632060645633,3.0143662934085613,3.019367925469207,0
2023-03-24T17:58:55Z,2023-03-24T17:59:00Z,0.011143688606826796,3.007879360973676,3.0190230495805026,0
2023-03-24T17:58:55Z,2023-03-24T17:59:00Z,0.01795972782557609,3.001001872933374,3.01896160075895,0
2023-03-24T17:58:55Z,2023-03-24T17:59:00Z,0.03240104203151306,2.9861308888282285,3.0185319308597416,0
2023-03-24T17:58:55Z,2023-03-24T17:59:00Z,0.03062298149203979,2.9872585421470217,3.0178815236390615,0
2023-03-24T17:58:55Z,2023-03-24T17:59:00Z,0.022187269742237614,2.994300786630188,3.0164880563724257,0
2023-03-24T17:58:55Z,2023-03-24T17:59:00Z,0.010309406813612032,3.0048921927924415,3.0152015996060535,0
2023-03-24T17:58:55Z,2023-03-24T17:59:00Z,0.010069260020311166,3.0038355424363283,3.0139048024566395,0
2023-03-24T17:58:55Z,2023-03-24T17:59:00Z,0.004212467373447382,3.0087460916339985,3.012958559007446,0
2023-03-24T17:58:55Z,2023-03-24T17:59:00Z,0.004915663910473711,3.0066294558567717,3.0115451197672454,0
2023-03-24T17:58:55Z,2023-03-24T17:59:00Z,0.005270103102946511,3.015331424610367,3.0100613215074206,0
2023-03-24T17:58:55Z,2023-03-24T17:59:00Z,0.00961011657174149,3.0179619219282436,3.008351805356502,0
2023-03-24T17:58:55Z,2023-03-24T17:59:00Z,0.00032214249960293984,3.0068860750303235,3.0072082175299264,0
2023-03-24T17:58:55Z,2023-03-24T17:59:00Z,0.0002481224223989109,3.0065130132404474,3.0067611356628463,0
2023-03-24T17:58:55Z,2023-03-24T17:59:00Z,0.003450056326375961,3.009534481134775,3.006084424808399,0
2023-03-24T17:58:55Z,2023-03-24T17:59:00Z,0.0028861806947526603,3.0084728417868165,3.005586661092064,0
2023-03-24T17:58:55Z,2023-03-24T17:59:00Z,0.00301893368724393,3.0085273722395947,3.0055084385523507,0
2023-03-24T17:58:55Z,2023-03-24T17:59:00Z,0.006439868522847281,3.0118438488855093,3.005403980362662,0
2023-03-24T17:58:55Z,2023-03-24T17:59:00Z,0.011100204210234388,3.016474400629792,3.0053741964195577,0
2023-03-24T17:58:55Z,2023-03-24T17:59:00Z,0.011167654238261715,3.0168735927260837,3.005705938487822,0
2023-03-24T17:58:55Z,2023-03-24T17:59:00Z,0.001205942730434284,3.0049301839604317,3.006136126690866,0
2023-03-24T17:58:55Z,2023-03-24T17:59:00Z,0.0036193239501693952,3.0026487658626717,3.006268089812841,0
2023-03-24T17:58:55Z,2023-03-24T17:59:00Z,0.006890634475468005,2.999222235494571,3.006112869970039,0
2023-03-24T17:58:55Z,2023-03-24T17:59:00Z,0.0017407899056349763,3.0079403384509,3.006199548545265,0
2023-03-24T17:58:55Z,2023-03-24T17:59:00Z,0.0015205679539218586,3.0084091347447837,3.006888566790862,0
2023-03-24T17:58:55Z,2023-03-24T17:59:00Z,0.011403056340221873,2.9965740260455815,3.0079770823858034,0
2023-03-24T17:58:55Z,2023-03-24T17:59:00Z,0.008578691451670561,3.0001409355717428,3.0087196270234133,0
2023-03-24T17:58:55Z,2023-03-24T17:59:00Z,0.011967007362370108,2.996314821411208,3.008281828773578,0
2023-03-24T17:58:55Z,2023-03-24T17:59:00Z,0.0133110370982652,2.99477633868244,3.0080873757807054,0
2023-03-24T17:58:55Z,2023-03-24T17:59:00Z,0.021044728979266125,2.9863883694212925,3.0074330984005586,0
2023-03-24T17:58:55Z,2023-03-24T17:59:00Z,0.026414830252376564,2.980394419875849,3.0068092501282258,0
2023-03-24T17:58:55Z,2023-03-24T17:59:00Z,0.028435716433624414,2.9768502150004394,3.005285931434064,0
2023-03-24T17:58:55Z,2023-03-24T17:59:00Z,0.027301567682401995,2.9760071268015356,3.0033086944839376,0
2023-03-24T17:58:55Z,2023-03-24T17:59:00Z,0.03215761881199475,2.9695702409335283,3.001727859745523,0
2023-03-24T17:58:55Z,2023-03-24T17:59:00Z,0.03777348761783772,2.962348799157216,3.0001222867750537,0
2023-03-24T17:58:55Z,2023-03-24T17:59:00Z,0.03937836657194582,2.9586405391398842,2.99801890571183,0
2023-03-24T17:58:55Z,2023-03-24T17:59:00Z,0.04327864364873868,2.95231268087206,2.995591324520799,0
2023-03-24T17:58:55Z,2023-03-24T17:59:00Z,0.04705407973997611,2.9459116219861006,2.9929657017260767,0
2023-03-24T17:58:55Z,2023-03-24T17:59:00Z,0.03948007625274608,2.9503524061042024,2.9898324823569484,0
2023-03-24T17:58:55Z,2023-03-24T17:59:00Z,0.03279734221460773,2.9533213096874094,2.986118651902017,0
2023-03-24T17:58:55Z,2023-03-24T17:59:00Z,0.028180061954795388,2.954437474861859,2.9826175368166545,0
2023-03-24T17:58:55Z,2023-03-24T17:59:00Z,0.024394238542794433,2.9555070417331746,2.979901280275969,0
2023-03-24T17:58:55Z,2023-03-24T17:59:00Z,0.02797761132305565,2.94938623258445,2.9773638439075056,0
2023-03-24T17:58:55Z,2023-03-24T17:59:00Z,0.020231770834164386,2.9548312734016893,2.9750630442358537,0
2023-03-24T17:58:55Z,2023-03-24T17:59:00Z,0.017933214449271873,2.954048034740979,2.971981249190251,0
2023-03-24T17:58:55Z,2023-03-24T17:59:00Z,0.016987794627614683,2.9521735671235256,2.9691613617511403,0
2023-03-24T17:58:55Z,2023-03-24T17:59:00Z,0.011604057036408655,2.955319094646068,2.966923151682477,0
2023-03-24T17:58:55Z,2023-03-24T17:59:00Z,0.008929434121825786,2.9554691192212705,2.9643985533430963,0
2023-03-24T17:58:55Z,2023-03-24T17:59:00Z,0.007664383368237271,2.954576500145116,2.962240883513353,0
2023-03-24T17:58:55Z,2023-03-24T17:59:00Z,0.00040268814960953137,2.9597693943394714,2.960172082489081,0
2023-03-24T17:58:55Z,2023-03-24T17:59:00Z,0.0002241887975840129,2.9582735847822246,2.9584977735798086,0
2023-03-24T17:58:55Z,2023-03-24T17:59:00Z,4.946325108345917e-05,2.957461709171082,2.9574122459199987,0
2023-03-24T17:58:55Z,2023-03-24T17:59:00Z,0.0024879464707967536,2.953946582069296,2.956434528540093,0
2023-03-24T17:58:55Z,2023-03-24T17:59:00Z,0.004232001758532888,2.9512264521694314,2.9554584539279642,0
2023-03-24T17:58:55Z,2023-03-24T17:59:00Z,0.011056894983717314,2.9435792611092872,2.9546361560930046,0
2023-03-24T17:58:55Z,2023-03-24T17:59:00Z,0.012833513748440772,2.9412172556609955,2.9540507694094362,0
2023-03-24T17:58:55Z,2023-03-24T17:59:00Z,0.00604327623831713,2.9472147943274036,2.9532580705657208,0
2023-03-24T17:58:55Z,2023-03-24T17:59:00Z,0.006361701114335094,2.959035801932105,2.9526741008177697,0
2023-03-24T17:58:55Z,2023-03-24T17:59:00Z,0.0031161077682462235,2.9558587966039793,2.952742688835733,0
2023-03-24T17:58:55Z,2023-03-24T17:59:00Z,7.105395006767878e-05,2.953128655718713,2.9531997096687808,0
2023-03-24T17:58:55Z,2023-03-24T17:59:00Z,0.005678829832406418,2.959012091444164,2.953333261611758,0
2023-03-24T17:58:55Z,2023-03-24T17:59:00Z,0.011973305393776723,2.9652376817874746,2.953264376393698,0
2023-03-24T17:58:55Z,2023-03-24T17:59:00Z,0.008805775386476089,2.9622546280807525,2.9534488526942764,0
2023-03-24T17:58:55Z,2023-03-24T17:59:00Z,0.011809187850709613,2.9660923273451454,2.9542831394944358,0
2023-03-24T17:58:55Z,2023-03-24T17:59:00Z,0.017367545743118384,2.9720413881153993,2.954673842372281,0
2023-03-24T17:58:55Z,2023-03-24T17:59:00Z,0.015446414251463647,2.970754166760806,2.9553077525093423,0
2023-03-24T17:58:55Z,2023-03-24T17:59:00Z,0.016540311577734723,2.972893738876123,2.9563534272983882,0
2023-03-24T17:58:55Z,2023-03-24T17:59:00Z,0.018162354754779564,2.975328154269733,2.9571657995149536,0
2023-03-24T17:58:55Z,2023-03-24T17:59:00Z,0.02406192142713426,2.98214480618708,2.958082884759946,0
2023-03-24T17:58:55Z,2023-03-24T17:59:00Z,0.031657277135345385,2.9908323542176394,2.959175077082294,0
2023-03-24T17:58:55Z,2023-03-24T17:59:00Z,0.03447081803400698,2.9948235483714383,2.9603527303374313,0
2023-03-24T17:58:55Z,2023-03-24T17:59:00Z,0.0316621965126096,2.99372854629401,2.9620663497814004,0
2023-03-24T17:58:55Z,2023-03-24T17:59:00Z,0.02993861202171555,2.993971374392608,2.9640327623708926,0
2023-03-24T17:58:55Z,2023-03-24T17:59:00Z,0.036262872148570935,3.0023894221102383,2.9661265499616674,0
2023-03-24T17:58:55Z,2023-03-24T17:59:00Z,0.029161117400144043,2.9975374001104,2.9683762827102558,0
2023-03-24T17:58:55Z,2023-03-24T17:59:00Z,0.023224481330070823,2.994696035671956,2.971471554341885,0
2023-03-24T17:58:55Z,2023-03-24T17:59:00Z,0.017835524733443187,2.992271297204244,2.974435772470801,0
2023-03-24T17:58:55Z,2023-03-24T17:59:00Z,0.013585372746447888,2.990520157919594,2.976934785173146,0
2023-03-24T17:58:55Z,2023-03-24T17:59:00Z,0.012238057319809315,2.990922079086226,2.9786840217664166,0
2023-03-24T17:58:55Z,2023-03-24T17:59:00Z,0.01251793477023977,2.9930262387111624,2.9805083039409226,0
2023-03-24T17:58:55Z,2023-03-24T17:59:00Z,0.008696970218603273,2.9911944017051835,2.98249743148658,0
2023-03-24T17:58:55Z,2023-03-24T17:59:00Z,0.01173906521395729,2.9960267149777486,2.9842876497637914,0
2023-03-24T17:58:55Z,2023-03-24T17:59:00Z,0.011985435320082338,2.9976392282374373,2.985653792917355,0
2023-03-24T17:58:55Z,2023-03-24T17:59:00Z,0.005438058773307386,2.992869329948399,2.9874312711750917,0
2023-03-24T17:58:55Z,2023-03-24T17:59:00Z,0.002724708906803208,2.991816343286752,2.9890916343799487,0
2023-03-24T17:58:55Z,2023-03-24T17:59:00Z,0.0036644070328955003,2.993852248877739,2.9901878418448433,0
2023-03-24T17:58:55Z,2023-03-24T17:59:00Z,0.0033644988242484963,2.987931878627224,2.9912963774514725,0
2023-03-24T17:58:55Z,2023-03-24T17:59:00Z,0.006497508897923332,2.985901948027318,2.9923994569252415,0
2023-03-24T17:58:55Z,2023-03-24T17:59:00Z,0.012907420581497853,2.9801553902572953,2.993062810838793,0
2023-03-24T17:58:55Z,2023-03-24T17:59:00Z,0.012469514243297564,2.9807910409028766,2.993260555146174,0
2023-03-24T17:58:55Z,2023-03-24T17:59:00Z,0.010006987617069196,2.9826916220575086,2.992698609674578,0
2023-03-24T17:58:55Z,2023-03-24T17:59:00Z,0.013934992455516326,2.9780250641944006,2.991960056649917,0
2023-03-24T17:58:55Z,2023-03-24T17:59:00Z,0.013263292655508963,2.978115873245118,2.991379165900627,0
2023-03-24T17:58:55Z,2023-03-24T17:59:00Z,0.013169201453340662,2.97737068496317,2.9905398864165105,0
2023-03-24T17:58:55Z,2023-03-24T17:59:00Z,0.017046482201622304,2.9722158490114605,2.989262331213083,0
2023-03-24T17:58:55Z,2023-03-24T17:59:00Z,0.019910581932485183,2.9682903432202172,2.9882009251527024,0
2023-03-24T17:58:55Z,2023-03-24T17:59:00Z,0.022460299134533734,2.9645574582991956,2.9870177574337293,0
2023-03-24T17:58:55Z,2023-03-24T17:59:00Z,0.019120869827975007,2.9666347321329107,2.9857556019608857,0
2023-03-24T17:58:55Z,2023-03-24T17:59:00Z,0.021257881288020197,2.963131262798108,2.984389144086128,0
2023-03-24T17:58:55Z,2023-03-24T17:59:00Z,0.017747335237308537,2.9653635274302244,2.983110862667533,0
2023-03-24T17:58:55Z,2023-03-24T17:59:00Z,0.016921086331874502,2.9646163565507604,2.981537442882635,0
2023-03-24T17:58:55Z,2023-03-24T17:59:00Z,0.012038685285752582,2.9681392378982006,2.980177923183953,0
2023-03-24T17:58:55Z,2023-03-24T17:59:00Z,0.005625076041984922,2.972899670382653,2.978524746424638,0
2023-03-24T17:58:55Z,2023-03-24T17:59:00Z,0.0029690645222042455,2.9740030508319473,2.9769721153541515,0
2023-03-24T17:58:55Z,2023-03-24T17:59:00Z,0.0057032769125826555,2.9702178037275826,2.9759210806401653,0
2023-03-24T17:58:55Z,2023-03-24T17:59:00Z,0.0064775584657326135,2.9685059804662846,2.974983538932017,0
2023-03-24T17:58:55Z,2023-03-24T17:59:00Z,0.0056000823730819604,2.9681395383931375,2.9737396207662194,0
2023-03-24T17:58:55Z,2023-03-24T17:59:00Z,0.005265105085783706,2.9674520999877547,2.9727172050735384,0
2023-03-24T17:58:55Z,2023-03-24T17:59:00Z,0.002855626167869829,2.9689267152407117,2.9717823414085816,0
2023-03-24T17:58:55Z,2023-03-24T17:59:00Z,0.010134807865096018,2.960978939318773,2.971113747183869,0
2023-03-24T17:58:55Z,2023-03-24T17:59:00Z,0.002551453210193788,2.9679378557809297,2.9704893089911235,0
2023-03-24T17:58:55Z,2023-03-24T17:59:00Z,0.004601711172332212,2.9647448250430686,2.969346536215401,0
2023-03-24T17:58:55Z,2023-03-24T17:59:00Z,0.01069834068380926,2.958117289825619,2.9688156305094284,0
2023-03-24T17:58:55Z,2023-03-24T17:59:00Z,0.003041750957926137,2.9650701401724473,2.9681118911303734,0
2023-03-24T17:58:55Z,2023-03-24T17:59:00Z,0.000764547741647359,2.9678631022858335,2.967098554544186,0
2023-03-24T17:58:55Z,2023-03-24T17:59:00Z,0.00373227411261956,2.9704547387179105,2.966722464605291,0
2023-03-24T17:58:55Z,2023-03-24T17:59:00Z,0.005752869412960937,2.972452847653284,2.966699978240323,0
2023-03-24T17:58:55Z,2023-03-24T17:59:00Z,0.01828305795464935,2.985293419374905,2.9670103614202556,0
2023-03-24T17:58:55Z,2023-03-24T17:59:00Z,0.033984507499251304,3.0013010855258426,2.9673165780265913,0
2023-03-24T17:58:55Z,2023-03-24T17:59:00Z,0.03505119729077144,3.003534204610878,2.9684830073201067,0
2023-03-24T17:58:55Z,2023-03-24T17:59:00Z,0.03415935466869424,3.004533812414887,2.9703744577461926,0
2023-03-24T17:58:55Z,2023-03-24T17:59:00Z,0.035285110510064666,3.0077078760488942,2.9724227655388296,0
2023-03-24T17:58:55Z,2023-03-24T17:59:00Z,0.048050064467716425,3.022388333928477,2.9743382694607607,0
2023-03-24T17:58:55Z,2023-03-24T17:59:00Z,0.057430189080132976,3.0336004693654326,2.9761702802852996,0
2023-03-24T17:58:55Z,2023-03-24T17:59:00Z,0.06389280854442125,3.0426096826769067,2.9787168741324854,0
2023-03-24T17:58:55Z,2023-03-24T17:59:00Z,0.06691863684661925,3.0489714407495176,2.9820528039028984,0
2023-03-24T17:58:55Z,2023-03-24T17:59:00Z,0.0657346667746257,3.051687665530715,2.985952998756089,0
2023-03-24T17:58:55Z,2023-03-24T17:59:00Z,0.06401561832802916,3.054222927734454,2.9902073094064248,0
2023-03-24T17:58:55Z,2023-03-24T17:59:00Z,0.06609692347970109,3.0607376837041764,2.9946407602244753,0
2023-03-24T17:58:55Z,2023-03-24T17:59:00Z,0.07651088264718586,3.0756409172134376,2.9991300345662517,0
2023-03-24T17:58:55Z,2023-03-24T17:59:00Z,0.09088919025964337,3.0952696850567056,3.0043804947970623,0
2023-03-24T17:58:55Z,2023-03-24T17:59:00Z,0.0920700858904211,3.1021191628681413,3.01004907697772,0
2023-03-24T17:58:55Z,2023-03-24T17:59:00Z,0.08815005913333662,3.1050688655854586,3.016918806452122,0
2023-03-24T17:58:55Z,2023-03-24T17:59:00Z,0.07681309763732536,3.101310950039054,3.0244978524017285,0
2023-03-24T17:58:55Z,2023-03-24T17:59:00Z,0.06393391160407447,3.095800117974909,3.0318662063708346,0
2023-03-24T17:58:55Z,2023-03-24T17:59:00Z,0.05790938183387828,3.096799159139093,3.0388897773052146,0
2023-03-24T17:58:55Z,2023-03-24T17:59:00Z,0.0712998173551731,3.1167867198844403,3.0454869025292672,0
2023-03-24T17:58:55Z,2023-03-24T17:59:00Z,0.07939835746866208,3.131429802707709,3.052031445239047,0
2023-03-24T17:58:55Z,2023-03-24T17:59:00Z,0.08032125232934373,3.139273397595208,3.0589521452658643,0
2023-03-24T17:58:55Z,2023-03-24T17:59:00Z,0.07949860209999349,3.145299627217535,3.0658010251175414,0
2023-03-24T17:58:55Z,2023-03-24T17:59:00Z,0.07913783288506737,3.1520830260544153,3.072945193169348,0
2023-03-24T17:58:55Z,2023-03-24T17:59:00Z,0.08941464808879207,3.169768568353016,3.080353920264224,0
2023-03-24T17:58:55Z,2023-03-24T17:59:00Z,0.09276435163666408,3.180716964006442,3.087952612369778,0
2023-03-24T17:58:55Z,2023-03-24T17:59:00Z,0.09645232413378801,3.1921617909469626,3.0957094668131746,0
2023-03-24T17:58:55Z,2023-03-24T17:59:00Z,0.08659112679257497,3.1900435670079084,3.1034524402153334,0
2023-03-24T17:58:55Z,2023-03-24T17:59:00Z,0.08052934987867122,3.1918529536871656,3.1113236038084944,0
2023-03-24T17:58:55Z,2023-03-24T17:59:00Z,0.08615918720062465,3.2049076397595604,3.1187484525589357,0
2023-03-24T17:58:55Z,2023-03-24T17:59:00Z,0.08030597666547656,3.2064315496536997,3.126125572988223,0
2023-03-24T17:58:55Z,2023-03-24T17:59:00Z,0.07780377010152728,3.211860117406861,3.1340563473053336,0
2023-03-24T17:58:55Z,2023-03-24T17:59:00Z,0.06511068899607642,3.20683513450928,3.1417244455132036,0
2023-03-24T17:58:55Z,2023-03-24T17:59:00Z,0.06055324446447985,3.209447121566811,3.148893877102331,0
2023-03-24T17:58:55Z,2023-03-24T17:59:00Z,0.05457312453831298,3.2093388674013057,3.1547657428629927,0
2023-03-24T17:58:55Z,2023-03-24T17:59:00Z,0.04050778705340141,3.2009223698479023,3.160414582794501,0
2023-03-24T17:58:55Z,2023-03-24T17:59:00Z,0.028506664516691593,3.194409142143606,3.1659024776269145,0
2023-03-24T17:58:55Z,2023-03-24T17:59:00Z,0.027450553232822195,3.1985957371654656,3.1711451839326434,0
2023-03-24T17:58:55Z,2023-03-24T17:59:00Z,0.024911619928978723,3.2012467525020796,3.176335132573101,0
2023-03-24T17:58:55Z,2023-03-24T17:59:00Z,0.022448245184827353,3.2041410923908957,3.1816928472060684,0
2023-03-24T17:58:55Z,2023-03-24T17:59:00Z,0.019478010063365137,3.2056161221440456,3.1861381120806804,0
2023-03-24T17:58:55Z,2023-03-24T17:59:00Z,0.012256941326772353,3.2022219633907785,3.189965022064006,0
2023-03-24T17:58:55Z,2023-03-24T17:59:00Z,0.007980013994521418,3.201436758403203,3.1934567444086817,0
2023-03-24T17:58:55Z,2023-03-24T17:59:00Z,0.0012046021606746393,3.195248054678178,3.1964526568388525,0
2023-03-24T17:58:55Z,2023-03-24T17:59:00Z,0.0027785301127103423,3.1962716915866047,3.199050221699315,0
2023-03-24T17:58:55Z,2023-03-24T17:59:00Z,0.010984552750134213,3.1894066945452417,3.200391247295376,0
2023-03-24T17:58:55Z,2023-03-24T17:59:00Z,0.03098802905906739,3.170221888108949,3.201209917168016,0
2023-03-24T17:58:55Z,2023-03-24T17:59:00Z,0.05100457442172379,3.1500603376725174,3.201064912094241,0
2023-03-24T17:58:55Z,2023-03-24T17:59:00Z,0.04596659320562546,3.1540550726307757,3.200021665836401,0
2023-03-24T17:58:55Z,2023-03-24T17:59:00Z,0.03308898159837481,3.164733072868835,3.19782205446721,0
2023-03-24T17:58:55Z,2023-03-24T17:59:00Z,0.02965880669112675,3.1654867968745677,3.1951456035656944,0
2023-03-24T17:58:55Z,2023-03-24T17:59:00Z,0.026408557810993827,3.1665423890818136,3.1929509468928075,0
2023-03-24T17:58:55Z,2023-03-24T17:59:00Z,0.022742976201866494,3.167767269610293,3.1905102458121597,0
2023-03-24T17:58:55Z,2023-03-24T17:59:00Z,0.003498615564194729,3.1848909594359935,3.1883895750001883,0
2023-03-24T17:58:55Z,2023-03-24T17:59:00Z,0.0007195689956525086,3.1869154675770766,3.186195898581424,0
2023-03-24T17:58:55Z,2023-03-24T17:59:00Z,0.0012880426485750718,3.1861972092318247,3.1849091665832496,0
2023-03-24T17:58:55Z,2023-03-24T17:59:00Z,0.0017172023782823231,3.1824547588222925,3.1841719612005748,0
2023-03-24T17:58:55Z,2023-03-24T17:59:00Z,0.003218604570883965,3.180521149634334,3.183739754205218,0
2023-03-24T17:58:55Z,2023-03-24T17:59:00Z,0.0025545878799682065,3.1803356411492936,3.1828902290292618,0
2023-03-24T17:58:55Z,2023-03-24T17:59:00Z,0.003449422390645829,3.1783499854350503,3.181799407825696,0
2023-03-24T17:58:55Z,2023-03-24T17:59:00Z,0.012819926192679354,3.1677265631466165,3.180546489339296,0
2023-03-24T17:58:55Z,2023-03-24T17:59:00Z,0.021998389454429557,3.1571130400580767,3.1791114295125062,0
2023-03-24T17:58:55Z,2023-03-24T17:59:00Z,0.022867004846359062,3.154428877284875,3.1772958821312343,0
2023-03-24T17:58:55Z,2023-03-24T17:59:00Z,0.02133340453085042,3.1536296503190617,3.174963054849912,0
2023-03-24T17:58:55Z,2023-03-24T17:59:00Z,0.015490455962766436,3.1573242211296035,3.17281467709237,0
2023-03-24T17:58:55Z,2023-03-24T17:59:00Z,0.009507073865620441,3.1610632852653,3.1705703591309202,0
2023-03-24T17:58:55Z,2023-03-24T17:59:00Z,0.009222158332997221,3.1596596495655214,3.1688818078985186,0
2023-03-24T17:58:55Z,2023-03-24T17:59:00Z,0.017724003339702143,3.150675772830203,3.168399776169905,0
2023-03-24T17:58:55Z,2023-03-24T17:59:00Z,0.03253488432485918,3.1363701187867834,3.1689050031116426,0
2023-03-24T17:58:55Z,2023-03-24T17:59:00Z,0.038510209054908096,3.1302169361724936,3.1687271452274017,0
2023-03-24T17:58:55Z,2023-03-24T17:59:00Z,0.043166996880498854,3.1240673612899528,3.1672343581704516,0
2023-03-24T17:58:55Z,2023-03-24T17:59:00Z,0.04953986707128122,3.1158381826411667,3.165378049712448,0
2023-03-24T17:58:55Z,2023-03-24T17:59:00Z,0.06350685771776066,3.0996356642161684,3.163142521933929,0
2023-03-24T17:58:55Z,2023-03-24T17:59:00Z,0.06985983142109253,3.090549580672356,3.1604094120934487,0
2023-03-24T17:58:55Z,2023-03-24T17:59:00Z,0.08491185245587118,3.0710104388365336,3.1559222912924048,0
2023-03-24T17:58:55Z,2023-03-24T17:59:00Z,0.08155661440928519,3.069293788098661,3.1508504025079462,0
2023-03-24T17:58:55Z,2023-03-24T17:59:00Z,0.08598084425019437,3.058807096657999,3.1447879409081936,0
2023-03-24T17:58:55Z,2023-03-24T17:59:00Z,0.09532783976332349,3.0435042605804687,3.1388321003437922,0
2023-03-24T17:58:55Z,2023-03-24T17:59:00Z,0.09776801444489269,3.0346580831106715,3.1324260975555642,0
2023-03-24T17:58:55Z,2023-03-24T17:59:00Z,0.10009622019389752,3.0251282257527814,3.125224445946679,0
2023-03-24T17:58:55Z,2023-03-24T17:59:00Z,0.09497219842796012,3.022689515817435,3.1176617142453953,0
2023-03-24T17:58:55Z,2023-03-24T17:59:00Z,0.0941495684894611,3.0160069701036267,3.110156538593088,0
2023-03-24T17:58:55Z,2023-03-24T17:59:00Z,0.08352236936977198,3.019559246894861,3.103081616264633,0
2023-03-24T17:58:55Z,2023-03-24T17:59:00Z,0.055752085639912075,3.0400441670888663,3.0957962527287783,0
2023-03-24T17:58:55Z,2023-03-24T17:59:00Z,0.047565447345910616,3.0411744683605413,3.088739915706452,0
2023-03-24T17:58:55Z,2023-03-24T17:59:00Z,0.04655743856143735,3.036009842721818,3.0825672812832554,0
2023-03-24T17:58:55Z,2023-03-24T17:59:00Z,0.03506513639905107,3.041192207152375,3.076257343551426,0
2023-03-24T17:58:55Z,2023-03-24T17:59:00Z,0.03159913616910481,3.0381503228115996,3.0697494589807044,0
2023-03-24T17:58:55Z,2023-03-24T17:59:00Z,0.02276861694438015,3.0412185491059125,3.0639871660502926,0
2023-03-24T17:58:55Z,2023-03-24T17:59:00Z,0.010206255836648026,3.0486114472675823,3.0588177031042303,0
2023-03-24T17:58:55Z,2023-03-24T17:59:00Z,0.00043039909410858,3.054563976563256,3.0541335774691474,0
2023-03-24T17:58:55Z,2023-03-24T17:59:00Z,0.010435844773923453,3.060598058347156,3.0501622135732327,0
2023-03-24T17:58:55Z,2023-03-24T17:59:00Z,0.013963252865529352,3.060900508224136,3.0469372553586065,0
2023-03-24T17:58:55Z,2023-03-24T17:59:00Z,0.01903287123578501,3.06391551575918,3.044882644523395,0
2023-03-24T17:58:55Z,2023-03-24T17:59:00Z,0.0076682649053205765,3.050990431931441,3.0433221670261204,0
2023-03-24T17:58:55Z,2023-03-24T17:59:00Z,0.010190840145669178,3.0327579098763797,3.042948750022049,0
2023-03-24T17:58:55Z,2023-03-24T17:59:00Z,0.025564283936521104,3.016421131550411,3.041985415486932,0
2023-03-24T17:58:55Z,2023-03-24T17:59:00Z,0.026628172328792665,3.0139862333275276,3.0406144056563202,0
2023-03-24T17:58:55Z,2023-03-24T17:59:00Z,0.0295809058562595,3.009608071956374,3.0391889778126333,0
2023-03-24T17:58:55Z,2023-03-24T17:59:00Z,0.027703025168971163,3.0103979605498123,3.0381009857187835,0
2023-03-24T17:58:55Z,2023-03-24T17:59:00Z,0.02346031057483744,3.013823824944135,3.0372841355189726,0
2023-03-24T17:58:55Z,2023-03-24T17:59:00Z,0.03116651547402771,3.0054706960834907,3.0366372115575184,0
2023-03-24T17:58:55Z,2023-03-24T17:59:00Z,0.028108604362704348,3.0084137048179986,3.036522309180703,0
2023-03-24T17:58:55Z,2023-03-24T17:59:00Z,0.027688375657776376,3.0080924308486443,3.0357808065064207,0
2023-03-24T17:58:55Z,2023-03-24T17:59:00Z,0.024993333084322167,3.0091227122499475,3.0341160453342697,0
2023-03-24T17:58:55Z,2023-03-24T17:59:00Z,0.018179423239415016,3.0141954622258074,3.0323748854652224,0
2023-03-24T17:58:55Z,2023-03-24T17:59:00Z,0.018724084632783633,3.0122356887023405,3.030959773335124,0
2023-03-24T17:58:55Z,2023-03-24T17:59:00Z,0.017715236606806517,3.011823655416393,3.0295388920231994,0
2023-03-24T17:58:55Z,2023-03-24T17:59:00Z,0.013929160957193432,3.0142458029549926,3.028174963912186,0
2023-03-24T17:58:55Z,2023-03-24T17:59:00Z,0.017222193424278665,3.009405670820038,3.0266278642443165,0
2023-03-24T17:58:55Z,2023-03-24T17:59:00Z,0.013118816914115872,3.0117003292084856,3.0248191461226015,0
2023-03-24T17:58:55Z,2023-03-24T17:59:00Z,0.010077300199625938,3.012365092989122,3.022442393188748,0
2023-03-24T17:58:55Z,2023-03-24T17:59:00Z,0.012275460363622592,3.0075933681336164,3.019868828497239,0
2023-03-24T17:58:55Z,2023-03-24T17:59:00Z,0.011999920619442772,3.0053144123391107,3.0173143329585534,0
2023-03-24T17:58:55Z,2023-03-24T17:59:00Z,0.008374192568870509,3.0059758168304436,3.014350009399314,0
2023-03-24T17:58:55Z,2023-03-24T17:59:00Z,0.007298330561464894,3.0046476778066733,3.011946008368138,0
2023-03-24T17:58:55Z,2023-03-24T17:59:00Z,7.695032380272693e-05,3.0106133748474186,3.010536424523616,0
2023-03-24T17:58:55Z,2023-03-24T17:59:00Z,0.0026223251979562434,3.007294443865462,3.0099167690634183,0
2023-03-24T17:58:55Z,2023-03-24T17:59:00Z,0.000671024659536279,3.0104102748555808,3.0097392501960445,0
2023-03-24T17:58:55Z,2023-03-24T17:59:00Z,0.004416762020937437,3.01403424231746,3.0096174802965225,0
2023-03-24T17:58:55Z,2023-03-24T17:59:00Z,0.007600607969759032,3.0172187363876377,3.0096181284178787,0
2023-03-24T17:58:55Z,2023-03-24T17:59:00Z,0.011472476802569798,3.0211016798190444,3.0096292030164746,0
2023-03-24T17:58:55Z,2023-03-24T17:59:00Z,0.021519197301200776,3.03176671822842,3.0102475209272193,0
2023-03-24T17:58:55Z,2023-03-24T17:59:00Z,0.02521974291762641,3.0361350520027957,3.0109153090851692,0
2023-03-24T17:58:55Z,2023-03-24T17:59:00Z,0.032906267051799,3.04506759126222,3.012161324210421,0
2023-03-24T17:58:55Z,2023-03-24T17:59:00Z,0.02814448694301319,3.0417275132456894,3.013583026302676,0
2023-03-24T17:58:55Z,2023-03-24T17:59:00Z,0.027255295719391004,3.0424631709187198,3.0152078751993288,0
2023-03-24T17:58:55Z,2023-03-24T17:59:00Z,0.01985762951760517,3.03661770600869,3.0167600764910847,0
2023-03-24T17:58:55Z,2023-03-24T17:59:00Z,0.026816891973263868,3.045189574543418,3.018372682570154,0
2023-03-24T17:58:55Z,2023-03-24T17:59:00Z,0.02514318835460516,3.0446933395065336,3.0195501511519285,0
2023-03-24T17:58:55Z,2023-03-24T17:59:00Z,0.01298740106401386,3.0344209155698043,3.0214335145057905,0
2023-03-24T17:58:55Z,2023-03-24T17:59:00Z,0.0015603976370712758,3.021609591094932,3.023169988732003,0
2023-03-24T17:58:55Z,2023-03-24T17:59:00Z,0.0026489645956657704,3.0216818569037422,3.024330821499408,0
2023-03-24T17:58:55Z,2023-03-24T17:59:00Z,0.0007601841122792941,3.0243083333324603,3.0250685174447396,0
2023-03-24T17:58:55Z,2023-03-24T17:59:00Z,0.013852112806562289,3.0120778490889473,3.0259299618955096,0
2023-03-24T17:58:55Z,2023-03-24T17:59:00Z,0.022358682866844948,3.0045361483182447,3.0268948311850896,0
2023-03-24T17:58:55Z,2023-03-24T17:59:00Z,0.02928799135551774,2.9979979014760074,3.027285892831525,0
2023-03-24T17:58:55Z,2023-03-24T17:59:00Z,0.04570220573760375,2.98126383306607,3.026966038803674,0
2023-03-24T17:58:55Z,2023-03-24T17:59:00Z,0.06551786414785932,2.960958882951106,3.0264767470989655,0
2023-03-24T17:58:55Z,2023-03-24T17:59:00Z,0.07653413485256699,2.9484085889943192,3.0249427238468862,0
2023-03-24T17:58:55Z,2023-03-24T17:59:00Z,0.08515198274659808,2.936997301133638,3.022149283880236,0
2023-03-24T17:58:55Z,2023-03-24T17:59:00Z,0.09197199770451503,2.9265556994708093,3.0185276971753243,0
2023-03-24T17:58:55Z,2023-03-24T17:59:00Z,0.09164963312199248,2.9224515178067314,3.014101150928724,0
2023-03-24T17:58:55Z,2023-03-24T17:59:00Z,0.0855529856313888,2.923010743257461,3.00856372888885,0
2023-03-24T17:58:55Z,2023-03-24T17:59:00Z,0.06876597030093112,2.9338144146828626,3.0025803849837938,0
2023-03-24T17:58:55Z,2023-03-24T17:59:00Z,0.05964467412035468,2.93651166623161,2.996156340351965,0
2023-03-24T17:58:55Z,2023-03-24T17:59:00Z,0.05020610674688042,2.9402705968386202,2.9904767035855007,0
2023-03-24T17:58:55Z,2023-03-24T17:59:00Z,0.0446126109977949,2.940287697604173,2.984900308601968,0
2023-03-24T17:58:55Z,2023-03-24T17:59:00Z,0.044616731290993084,2.9352126768283395,2.9798294081193326,0
2023-03-24T17:58:55Z,2023-03-24T17:59:00Z,0.03210683655500279,2.942201420146475,2.9743082567014776,0
2023-03-24T17:58:55Z,2023-03-24T17:59:00Z,0.021181818703225552,2.947364297857295,2.9685461165605207,0
2023-03-24T17:58:55Z,2023-03-24T17:59:00Z,0.01626528083619805,2.9474271780704626,2.9636924589066607,0
2023-03-24T17:58:55Z,2023-03-24T17:59:00Z,0.009543890660976384,2.9502409212331777,2.959784811894154,0
2023-03-24T17:58:55Z,2023-03-24T17:59:00Z,0.007054706629361807,2.9488219642735665,2.9558766709029283,0
2023-03-24T17:58:55Z,2023-03-24T17:59:00Z,0.0016328656483204362,2.950345520407277,2.9519783860555973,0
2023-03-24T17:58:55Z,2023-03-24T17:59:00Z,0.0019318341393850247,2.9505809630994357,2.9486491289600507,0
2023-03-24T17:58:55Z,2023-03-24T17:59:00Z,0.009139078333815664,2.954936068982763,2.9457969906489474,0
2023-03-24T17:58:55Z,2023-03-24T17:59:00Z,0.017308970483210562,2.9606103327965485,2.943301362313338,0
2023-03-24T17:58:55Z,2023-03-24T17:59:00Z,0.016066699320617772,2.9579823898400974,2.9419156905194797,0
2023-03-24T17:58:55Z,2023-03-24T17:59:00Z,0.016594126898614725,2.958491472673118,2.9418973457745032,0
2023-03-24T17:58:55Z,2023-03-24T17:59:00Z,0.025552021915635326,2.9679532519451794,2.942401230029544,1
2023-03-24T17:58:55Z,2023-03-24T17:59:00Z,0.030766902949713515,2.974299405165546,2.9435325022158323,1
2023-03-24T17:58:55Z,2023-03-24T17:59:00Z,0.0342747074002685,2.979986028167384,2.9457113207671153,1
2023-03-24T17:58:55Z,2023-03-24T17:59:00Z,0.042759621942019876,2.991199778885915,2.948440156943895,1
2023-03-24T17:58:55Z,2023-03-24T17:59:00Z,0.04057251820391139,2.992011374353592,2.9514388561496805,1
2023-03-24T17:58:55Z,2023-03-24T17:59:00Z,0.04659736283729332,3.00105650131345,2.9544591384761567,1
2023-03-24T17:58:55Z,2023-03-24T17:59:00Z,0.04629018033642707,3.0036703560821616,2.9573801757457345,1
2023-03-24T17:58:55Z,2023-03-24T17:59:00Z,0.05796068320763759,3.0185401170836266,2.960579433875989,1
2023-03-24T17:58:55Z,2023-03-24T17:59:00Z,0.0554134519189704,3.019328815188538,2.9639153632695674,1
2023-03-24T17:58:55Z,2023-03-24T17:59:00Z,0.04807752865038184,3.0163785466702273,2.9683010180198455,1
2023-03-24T17:58:55Z,2023-03-24T17:59:00Z,0.03388716686107829,3.006247521462085,2.972360354601007,1
2023-03-24T17:58:55Z,2023-03-24T17:59:00Z,0.031402772657567635,3.0073954561434655,2.975992683485898,1
2023-03-24T17:58:55Z,2023-03-24T17:59:00Z,0.022736516578147903,3.0018250076109734,2.9790884910328255,0
2023-03-24T17:58:55Z,2023-03-24T17:59:00Z,0.025549131521739543,3.007645755970896,2.9820966244491562,0
2023-03-24T17:58:55Z,2023-03-24T17:59:00Z,0.025604558707133407,3.0104908170161533,2.98488625830902,0
2023-03-24T17:58:55Z,2023-03-24T17:59:00Z,0.024279109594311343,3.0121811697751015,2.98790206018079,0
2023-03-24T17:58:55Z,2023-03-24T17:59:00Z,0.02270684151842639,3.01376205190536,2.9910552103869334,0
2023-03-24T17:58:55Z,2023-03-24T17:59:00Z,0.020301622417162157,3.014369732845797,2.9940681104286346,0
2023-03-24T17:58:55Z,2023-03-24T17:59:00Z,0.01946715681495359,3.0163327261440522,2.9968655693290986,0
2023-03-24T17:58:55Z,2023-03-24T17:59:00Z,0.025039768277403063,3.024873092501539,2.9998333242241357,0
2023-03-24T17:58:55Z,2023-03-24T17:59:00Z,0.02268397474896222,3.025561575471568,3.0028776007226057,0
2023-03-24T17:58:55Z,2023-03-24T17:59:00Z,0.016295283770897395,3.022168665575416,3.0058733818045185,0
2023-03-24T17:58:55Z,2023-03-24T17:59:00Z,0.017356462642899917,3.0259278534108938,3.008571390767994,0
2023-03-24T17:58:55Z,2023-03-24T17:59:00Z,0.017047644223790126,3.027839173802733,3.0107915295789427,0
2023-03-24T17:58:55Z,2023-03-24T17:59:00Z,0.015704698649396054,3.0283240216243907,3.0126193229749947,0
2023-03-24T17:58:55Z,2023-03-24T17:59:00Z,0.012968722133862798,3.027473718764075,3.014504996630212,0
2023-03-24T17:58:55Z,2023-03-24T17:59:00Z,0.02198234513585362,3.0379224744140103,3.0159401292781567,0
2023-03-24T17:58:55Z,2023-03-24T17:59:00Z,0.02122194560981061,3.0384148834501734,3.017192937840363,0
2023-03-24T17:58:55Z,2023-03-24T17:59:00Z,0.027524976421530845,3.045738038331914,3.0182130619103833,0
2023-03-24T17:58:55Z,2023-03-24T17:59:00Z,0.029205710749736546,3.0484233025686267,3.01921759181889,0
2023-03-24T17:58:55Z,2023-03-24T17:59:00Z,0.028148114484604747,3.0489109427067413,3.0207628282221366,0
2023-03-24T17:58:55Z,2023-03-24T17:59:00Z,0.02174173043251937,3.044724336607632,3.0229826061751126,0
2023-03-24T17:58:55Z,2023-03-24T17:59:00Z,0.005239552963676619,3.0304071847473826,3.025167631783706,0
2023-03-24T17:58:55Z,2023-03-24T17:59:00Z,0.001628564054494852,3.029054055259078,3.0274254912045833,0
2023-03-24T17:58:55Z,2023-03-24T17:59:00Z,0.0003314526728646072,3.0282920084673224,3.028623461140187,0
2023-03-24T17:58:55Z,2023-03-24T17:59:00Z,0.0012521974930188584,3.02834827618627,3.029600473679289,0
2023-03-24T17:58:55Z,2023-03-24T17:59:00Z,0.0042638678625746,3.026184544695252,3.030448412557827,0
2023-03-24T17:58:55Z,2023-03-24T17:59:00Z,0.009163016439315719,3.022053092133296,3.031216108572612,0
2023-03-24T17:58:55Z,2023-03-24T17:59:00Z,0.01064522335567375,3.0211927174195408,3.0318379407752145,0
2023-03-24T17:58:55Z,2023-03-24T17:59:00Z,0.007363995662239109,3.0247750170071463,3.0321390126693855,0
2023-03-24T17:58:55Z,2023-03-24T17:59:00Z,0.0053276026106359176,3.026617706107065,3.031945308717701,0
2023-03-24T17:58:55Z,2023-03-24T17:59:00Z,0.008135257604418467,3.0237686532993657,3.031903910903784,0
2023-03-24T17:58:55Z,2023-03-24T17:59:00Z,0.010335879227111544,3.021802191704654,3.0321380709317656,0
2023-03-24T17:58:55Z,2023-03-24T17:59:00Z,0.0045103185409445246,3.027514110279688,3.0320244288206326,0
2023-03-24T17:58:55Z,2023-03-24T17:59:00Z,0.001207098638789983,3.0329137915595235,3.0317066929207335,0
2023-03-24T17:58:55Z,2023-03-24T17:59:00Z,0.005043673430416451,3.036707739438271,3.0316640660078544,0
2023-03-24T17:58:55Z,2023-03-24T17:59:00Z,0.0021907033580035318,3.034141088986671,3.0319503856286674,0
2023-03-24T17:58:55Z,2023-03-24T17:59:00Z,0.0024656342355648952,3.029420817973327,3.0318864522088917,0
2023-03-24T17:58:55Z,2023-03-24T17:59:00Z,0.018274933816538663,3.0133865818416425,3.031661515658181,0
2023-03-24T17:58:55Z,2023-03-24T17:59:00Z,0.019423489225348423,3.011379225361328,3.0308027145866765,0
2023-03-24T17:58:55Z,2023-03-24T17:59:00Z,0.030816260216437463,2.99814241643724,3.0289586766536774,0
2023-03-24T17:58:55Z,2023-03-24T17:59:00Z,0.026933379418488723,3.0000499436906933,3.026983323109182,0
2023-03-24T17:58:55Z,2023-03-24T17:59:00Z,0.02742441824101416,2.9971072248592003,3.0245316431002145,0
2023-03-24T17:58:55Z,2023-03-24T17:59:00Z,0.034523998288586544,2.9884098952823277,3.0229338935709142,0
2023-03-24T17:58:55Z,2023-03-24T17:59:00Z,0.026900310191992016,2.994352171252613,3.021252481444605,0
2023-03-24T17:58:55Z,2023-03-24T17:59:00Z,0.03885250702396448,2.9803009158319567,3.019153422855921,0
2023-03-24T17:58:55Z,2023-03-24T17:59:00Z,0.044583829739076375,2.972780324436126,3.0173641541752025,0
2023-03-24T17:58:55Z,2023-03-24T17:59:00Z,0.05660611623639911,2.9583431101038933,3.0149492263402924,0
2023-03-24T17:58:55Z,2023-03-24T17:59:00Z,0.05201823270197181,2.9603376900753116,3.0123559227772834,0
2023-03-24T17:58:55Z,2023-03-24T17:59:00Z,0.04614575370173846,2.9629022950063,3.0090480487080384,0
2023-03-24T17:58:55Z,2023-03-24T17:59:00Z,0.03960117371022287,2.9660554367382455,3.0056566104484683,0
2023-03-24T17:58:55Z,2023-03-24T17:59:00Z,0.04030352262125447,2.9619996451377,3.0023031677589547,0
2023-03-24T17:58:55Z,2023-03-24T17:59:00Z,0.04153489211444983,2.9577307379307616,2.9992656300452114,0
2023-03-24T17:58:55Z,2023-03-24T17:59:00Z,0.031131662829519513,2.964986464764799,2.9961181275943187,0
2023-03-24T17:58:55Z,2023-03-24T17:59:00Z,0.03591987621159776,2.9565254423117246,2.9924453185233224,0
2023-03-24T17:58:55Z,2023-03-24T17:59:00Z,0.03759722642277641,2.951272969637666,2.9888701960604425,0
2023-03-24T17:58:55Z,2023-03-24T17:59:00Z,0.02809206484198734,2.9565580103170577,2.984650075159045,0
2023-03-24T17:58:55Z,2023-03-24T17:59:00Z,0.041089189839707885,2.9391994053536004,2.9802885951933082,0
2023-03-24T17:58:55Z,2023-03-24T17:59:00Z,0.040137551183736075,2.936316159396084,2.97645371057982,0
2023-03-24T17:58:55Z,2023-03-24T17:59:00Z,0.03359648785659086,2.9389526344870167,2.9725491223436076,0
2023-03-24T17:58:55Z,2023-03-24T17:59:00Z,0.03734101224116593,2.9312574224200603,2.968598434661226,0
2023-03-24T17:58:55Z,2023-03-24T17:59:00Z,0.032098907067754645,2.933384275911881,2.9654831829796358,0
2023-03-24T17:58:55Z,2023-03-24T17:59:00Z,0.02741673856876936,2.9344457853966226,2.961862523965392,0
2023-03-24T17:58:55Z,2023-03-24T17:59:00Z,0.029683526472995325,2.9288251580741163,2.9585086845471116,0
2023-03-24T17:58:55Z,2023-03-24T17:59:00Z,0.0339508524833958,2.921717615753942,2.955668468237338,0
2023-03-24T17:58:55Z,2023-03-24T17:59:00Z,0.03601924646628252,2.9162004316037664,2.952219678070049,0
2023-03-24T17:58:55Z,2023-03-24T17:59:00Z,0.0382850363506928,2.9108513101363025,2.9491363464869953,0
2023-03-24T17:58:55Z,2023-03-24T17:59:00Z,0.030913610938107183,2.915244846452448,2.9461584573905553,0
2023-03-24T17:58:55Z,2023-03-24T17:59:00Z,0.018726460348330587,2.9249324286228777,2.9436588889712083,0
2023-03-24T17:58:55Z,2023-03-24T17:59:00Z,0.01853406892561793,2.9227515124864922,2.94128558141211,0
2023-03-24T17:58:55Z,2023-03-24T17:59:00Z,0.012857179656153406,2.9264299877357765,2.93928716739193,0
2023-03-24T17:58:55Z,2023-03-24T17:59:00Z,0.015600281871550603,2.9214077316123923,2.937008013483943,0
2023-03-24T17:58:55Z,2023-03-24T17:59:00Z,0.0067205525552545,2.9284153736970087,2.935135926252263,0
2023-03-24T17:58:55Z,2023-03-24T17:59:00Z,0.000983177930805823,2.932241011146806,2.933224189077612,1
2023-03-24T17:58:55Z,2023-03-24T17:59:00Z,0.007713221731080022,2.939012616541966,2.931299394810886,1
2023-03-24T17:58:55Z,2023-03-24T17:59:00Z,0.007357639757446854,2.937378906612285,2.930021266854838,1
2023-03-24T17:58:55Z,2023-03-24T17:59:00Z,0.0049292764787947085,2.9343052615917533,2.9293759851129586,1
2023-03-24T17:58:55Z,2023-03-24T17:59:00Z,0.0053999380712301814,2.933766496673412,2.928366558602182,1
2023-03-24T17:58:55Z,2023-03-24T17:59:00Z,0.0012618073722676648,2.929370779460668,2.9281089720884004,1
2023-03-24T17:58:55Z,2023-03-24T17:59:00Z,0.005390842316371991,2.9333656216298944,2.9279747793135225,1
2023-03-24T17:58:55Z,2023-03-24T17:59:00Z,0.009663715693020603,2.9371341868472616,2.927470471154241,1
2023-03-24T17:58:55Z,2023-03-24T17:59:00Z,0.011414069954720496,2.938995498962111,2.9275814290073905,1
2023-03-24T17:58:55Z,2023-03-24T17:59:00Z,0.014004096831291335,2.9417828895721225,2.927778792740831,1
2023-03-24T17:58:55Z,2023-03-24T17:59:00Z,0.00828817052657227,2.9363064218761132,2.928018251349541,1
2023-03-24T17:58:55Z,2023-03-24T17:59:00Z,0.01610789643370758,2.9448081336515646,2.928700237217857,1
2023-03-24T17:58:55Z,2023-03-24T17:59:00Z,0.028880366593586615,2.958348435712611,2.9294680691190242,1
2023-03-24T17:58:55Z,2023-03-24T17:59:00Z,0.03489948573073409,2.965873223378589,2.930973737647855,1
2023-03-24T17:58:55Z,2023-03-24T17:59:00Z,0.027710323806764414,2.961183910169162,2.9334735863623975,1
2023-03-24T17:58:55Z,2023-03-24T17:59:00Z,0.02730214930794883,2.9634403870875117,2.936138237779563,1
2023-03-24T17:58:55Z,2023-03-24T17:59:00Z,0.021629370762116462,2.959675581254642,2.9380462104925256,1
2023-03-24T17:58:55Z,2023-03-24T17:59:00Z,0.013915304209082269,2.9541030344174506,2.9401877302083683,1
2023-03-24T17:58:55Z,2023-03-24T17:59:00Z,0.007861316716717859,2.949798815005027,2.941937498288309,1
2023-03-24T17:58:55Z,2023-03-24T17:59:00Z,0.021170395070354342,2.9224879086287467,2.943658303699101,1
2023-03-24T17:58:55Z,2023-03-24T17:59:00Z,0.03976274106353861,2.9050210069149323,2.944783747978471,1
2023-03-24T17:58:55Z,2023-03-24T17:59:00Z,0.06055670234313126,2.8837137244501787,2.94427042679331,1
2023-03-24T17:58:55Z,2023-03-24T17:59:00Z,0.0702537051613108,2.872227689546366,2.9424813947076767,1
2023-03-24T17:58:55Z,2023-03-24T17:59:00Z,0.08606027915662562,2.8535966322793618,2.9396569114359874,1
2023-03-24T17:58:55Z,2023-03-24T17:59:00Z,0.11246383609510913,2.82392583470691,2.936389670802019,1
2023-03-24T17:58:55Z,2023-03-24T17:59:00Z,0.1286138325306676,2.8035563717242966,2.932170204254964,1
2023-03-24T17:58:55Z,2023-03-24T17:59:00Z,0.14592735044579186,2.780693119874764,2.926620470320556,1
2023-03-24T17:58:55Z,2023-03-24T17:59:00Z,0.16756201421024475,2.752226390325806,2.919788404536051,1
2023-03-24T17:58:55Z,2023-03-24T17:59:00Z,0.18594161187914304,2.725613052289934,2.911554664169077,1
2023-03-24T17:58:55Z,2023-03-24T17:59:00Z,0.20777584188893838,2.6939488691940174,2.901724711082956,1
2023-03-24T17:58:55Z,2023-03-24T17:59:00Z,0.22709690537247917,2.6632504458535196,2.8903473512259987,1
2023-03-24T17:58:55Z,2023-03-24T17:59:00Z,0.24544703260078427,2.6321446579577357,2.87759169055852,1
2023-03-24T17:58:55Z,2023-03-24T17:59:00Z,0.26161125468351365,2.601161610201425,2.8627728648849384,1
2023-03-24T17:58:55Z,2023-03-24T17:59:00Z,0.2774823183346977,2.568121926668405,2.845604245003103,1
2023-03-24T17:58:55Z,2023-03-24T17:59:00Z,0.28955324395510873,2.536855652986038,2.826408896941147,1
2023-03-24T17:58:55Z,2023-03-24T17:59:00Z,0.29583179448655583,2.509889629638762,2.8057214241253177,1
2023-03-24T17:58:55Z,2023-03-24T17:59:00Z,0.3000875203601163,2.483182075654597,2.7832695960147134,1
2023-03-24T17:58:55Z,2023-03-24T17:59:00Z,0.29971446755161013,2.459882183641215,2.759596651192825,1
2023-03-24T17:58:55Z,2023-03-24T17:59:00Z,0.3487279537264967,2.386083383847231,2.7348113375737277,1
2023-03-24T17:58:55Z,2023-03-24T17:59:00Z,0.3648313041169935,2.3441949475954806,2.709026251712474,1
2023-03-24T17:58:55Z,2023-03-24T17:59:00Z,0.3177006348121103,2.3630937998065997,2.68079443461871,1
2023-03-24T17:58:55Z,2023-03-24T17:59:00Z,0.26924661808534545,2.3820306555165516,2.651277273601897,1
2023-03-24T17:58:55Z,2023-03-24T17:59:00Z,0.21840906240556102,2.405467162530884,2.623876224936445,1
2023-03-24T17:58:55Z,2023-03-24T17:59:00Z,0.17088995674206187,2.427186424298078,2.5980763810401397,1
2023-03-24T17:58:55Z,2023-03-24T17:59:00Z,0.13031114012291622,2.444179479351514,2.5744906194744304,1
2023-03-24T17:58:55Z,2023-03-24T17:59:00Z,0.08491684453444837,2.468692753339517,2.5536095978739652,1
2023-03-24T17:58:55Z,2023-03-24T17:59:00Z,0.04922254658662162,2.4854724780045654,2.534695024591187,1
2023-03-24T17:58:55Z,2023-03-24T17:59:00Z,0.018694283157738578,2.499579669510541,2.5182739526682796,1
2023-03-24T17:58:55Z,2023-03-24T17:59:00Z,0.014679263796217423,2.5189135368686424,2.504234273072425,1
2023-03-24T17:58:55Z,2023-03-24T17:59:00Z,0.04400338487190414,2.5363411641138343,2.49233777924193,0
2023-03-24T17:58:55Z,2023-03-24T17:59:00Z,0.07285481197695232,2.555980205307021,2.4831253933300688,0
2023-03-24T17:58:55Z,2023-03-24T17:59:00Z,0.10230404262679338,2.578750000075826,2.4764459574490325,0
2023-03-24T17:58:55Z,2023-03-24T17:59:00Z,0.1262349499009976,2.5986722519473613,2.4724373020463637,0
2023-03-24T17:58:55Z,2023-03-24T17:59:00Z,0.14876813702845837,2.620025880647159,2.4712577436187004,0
2023-03-24T17:58:55Z,2023-03-24T17:59:00Z,0.17201147914574388,2.6448771346212316,2.4728656554754878,0
2023-03-24T17:58:55Z,2023-03-24T17:59:00Z,0.20524810313154873,2.682491139010253,2.477243035878704,0
2023-03-24T17:58:55Z,2023-03-24T17:59:00Z,0.2242238376821235,2.708571479086221,2.4843476414040975,0
2023-03-24T17:58:55Z,2023-03-24T17:59:00Z,0.2420155598011795,2.736853151908206,2.4948375921070265,0
2023-03-24T17:58:55Z,2023-03-24T17:59:00Z,0.2684847970716726,2.7764112994652788,2.507926502393606,0
2023-03-24T17:58:55Z,2023-03-24T17:59:00Z,0.28363967423406544,2.8100277433677228,2.5263880691336573,0
2023-03-24T17:58:55Z,2023-03-24T17:59:00Z,0.2755372921154793,2.824673590294916,2.5491362981794365,0
2023-03-24T17:58:55Z,2023-03-24T17:59:00Z,0.27277729181913113,2.845436429133363,2.572659137314232,0
2023-03-24T17:58:55Z,2023-03-24T17:59:00Z,0.28176115990670647,2.877717293788221,2.5959561338815145,0
2023-03-24T17:58:55Z,2023-03-24T17:59:00Z,0.2844998825532996,2.9036122936244184,2.619112411071119,0
2023-03-24T17:58:55Z,2023-03-24T17:59:00Z,0.2675106818833801,2.910335243980296,2.6428245620969157,0
2023-03-24T17:58:55Z,2023-03-24T17:59:00Z,0.25631966386574545,2.923324900398077,2.6670052365323316,0
2023-03-24T17:58:55Z,2023-03-24T17:59:00Z,0.24958791426113214,2.9398374924061366,2.6902495781450044,0
2023-03-24T17:58:55Z,2023-03-24T17:59:00Z,0.2430050268108741,2.956299469292379,2.713294442481505,0
2023-03-24T17:58:55Z,2023-03-24T17:59:00Z,0.22129970328556814,2.957765610129999,2.736465906844431,0
2023-03-24T17:58:55Z,2023-03-24T17:59:00Z,0.21411542415143847,2.9736016432286974,2.759486219077259,0
2023-03-24T17:58:55Z,2023-03-24T17:59:00Z,0.19456796860019399,2.9762344216783037,2.7816664530781097,0
2023-03-24T17:58:55Z,2023-03-24T17:59:00Z,0.17687464573858547,2.980521174496783,2.8036465287581978,0
2023-03-24T17:58:55Z,2023-03-24T17:59:00Z,0.15382121263939696,2.978387974113515,2.824566761474118,0
2023-03-24T17:58:55Z,2023-03-24T17:59:00Z,0.1190811173448445,2.96374519053209,2.8446640731872455,0
2023-03-24T17:58:55Z,2023-03-24T17:59:00Z,0.09151185802990947,2.955037094031174,2.8635252360012644,0
2023-03-24T17:58:55Z,2023-03-24T17:59:00Z,0.06879551010905471,2.949103275368785,2.8803077652597304,0
2023-03-24T17:58:55Z,2023-03-24T17:59:00Z,0.04430018424328219,2.938952473451482,2.8946522892082,0
2023-03-24T17:58:55Z,2023-03-24T17:59:00Z,0.03244195020659202,2.93975380764019,2.907311857433598,0
2023-03-24T17:58:55Z,2023-03-24T17:59:00Z,0.02327835919683796,2.9412270230274506,2.9179486638306127,0
2023-03-24T17:58:55Z,2023-03-24T17:59:00Z,0.008122566474696669,2.934668204419778,2.926545637945081,0
2023-03-24T17:58:55Z,2023-03-24T17:59:00Z,0.011072523332994244,2.9223783398573357,2.93345086319033,0
2023-03-24T17:58:55Z,2023-03-24T17:59:00Z,0.020291150714400796,2.9189489026930273,2.939240053407428,0
2023-03-24T17:58:55Z,2023-03-24T17:59:00Z,0.02910047443005581,2.914189153226003,2.9432896276560587,0
2023-03-24T17:58:55Z,2023-03-24T17:59:00Z,0.043131631969593354,2.9023280803656655,2.945459712335259,0
2023-03-24T17:58:55Z,2023-03-24T17:59:00Z,0.05498280225236707,2.891033586904028,2.946016389156395,0
2023-03-24T17:58:55Z,2023-03-24T17:59:00Z,0.05945119836310209,2.8861437611293645,2.9455949594924666,0
2023-03-24T17:58:55Z,2023-03-24T17:59:00Z,0.09073411249555008,2.853161304181441,2.943895416676991,0
2023-03-24T17:58:55Z,2023-03-24T17:59:00Z,0.12193696515859775,2.8191324656617205,2.9410694308203182,0
2023-03-24T17:58:55Z,2023-03-24T17:59:00Z,0.1201528556100735,2.8154882507307217,2.9356411063407952,0
2023-03-24T17:58:55Z,2023-03-24T17:59:00Z,0.11023802292642415,2.8181066021265675,2.9283446250529916,0
2023-03-24T17:58:55Z,2023-03-24T17:59:00Z,0.10627935508661146,2.8137435124664862,2.9200228675530977,0
2023-03-24T17:58:55Z,2023-03-24T17:59:00Z,0.10113233353117712,2.8105680172034084,2.9117003507345856,0
2023-03-24T17:58:55Z,2023-03-24T17:59:00Z,0.09232651737688347,2.8105960616718972,2.9029225790487807,0
2023-03-24T17:58:55Z,2023-03-24T17:59:00Z,0.08340459247253484,2.8106853572651875,2.8940899497377224,0
2023-03-24T17:58:55Z,2023-03-24T17:59:00Z,0.0688185591439523,2.817210910127444,2.886029469271396,0
2023-03-24T17:58:55Z,2023-03-24T17:59:00Z,0.06502264728767049,2.813409362153936,2.8784320094416067,0
2023-03-24T17:58:55Z,2023-03-24T17:59:00Z,0.05767176872038915,2.813818537287463,2.871490306007852,0
2023-03-24T17:58:55Z,2023-03-24T17:59:00Z,0.047545505713101566,2.8173372681211957,2.8648827738342972,0
2023-03-24T17:58:55Z,2023-03-24T17:59:00Z,0.03776751663024536,2.820487085080224,2.8582546017104695,0
2023-03-24T17:58:55Z,2023-03-24T17:59:00Z,0.033027404867072896,2.818706683427278,2.851734088294351,0
2023-03-24T17:58:55Z,2023-03-24T17:59:00Z,0.0220331475808333,2.823691408116699,2.845724555697532,0
2023-03-24T17:58:55Z,2023-03-24T17:59:00Z,0.01602040633227597,2.8242477463952533,2.8402681527275293,0
2023-03-24T17:58:55Z,2023-03-24T17:59:00Z,0.014923232273722054,2.820331368107685,2.835254600381407,0
2023-03-24T17:58:55Z,2023-03-24T17:59:00Z,0.017736883377829304,2.8127839587493275,2.830520842127157,0
2023-03-24T17:58:55Z,2023-03-24T17:59:00Z,0.012092776331240174,2.8141124493612866,2.8262052256925267,0
2023-03-24T17:58:55Z,2023-03-24T17:59:00Z,0.01010687283326206,2.811979951377438,2.8220868242107002,0
2023-03-24T17:58:55Z,2023-03-24T17:59:00Z,0.0157794865408305,2.8025162159978656,2.818295702538696,0
2023-03-24T17:58:55Z,2023-03-24T17:59:00Z,0.018886067953917784,2.797242194963515,2.8161282629174327,0
2023-03-24T17:58:55Z,2023-03-24T17:59:00Z,0.013081449123643285,2.8021722743377975,2.8152537234614408,0
2023-03-24T17:58:55Z,2023-03-24T17:59:00Z,0.01817742718610882,2.796115977550742,2.814293404736851,0
2023-03-24T17:58:55Z,2023-03-24T17:59:00Z,0.024263498400706407,2.789191257505156,2.8134547559058625,0
2023-03-24T17:58:55Z,2023-03-24T17:59:00Z,0.0271174544480397,2.7854095364622573,2.812526990910297,0
2023-03-24T17:58:55Z,2023-03-24T17:59:00Z,0.02871472243169748,2.782687175862902,2.8114018982945996,0
2023-03-24T17:58:55Z,2023-03-24T17:59:00Z,0.018352831589449004,2.79172346011517,2.810076291704619,0
2023-03-24T17:58:55Z,2023-03-24T17:59:00Z,0.015391605766650773,2.7932110974431112,2.808602703209762,0
2023-03-24T17:58:55Z,2023-03-24T17:59:00Z,0.01068744772840402,2.7965738107438693,2.8072612584722734,0
2023-03-24T17:58:55Z,2023-03-24T17:59:00Z,0.0017003585561532475,2.8078985504646994,2.806198191908546,0
2023-03-24T17:58:55Z,2023-03-24T17:59:00Z,0.006408391034089966,2.8116989657561313,2.8052905747220414,0
2023-03-24T17:58:55Z,2023-03-24T17:59:00Z,0.019714458455514006,2.8245082585640553,2.8047938001085413,0
2023-03-24T17:58:55Z,2023-03-24T17:59:00Z,0.0188726639904524,2.823203931502989,2.8043312675125365,0
2023-03-24T17:58:55Z,2023-03-24T17:59:00Z,0.025878649149829513,2.830515262722196,2.8046366135723666,0
2023-03-24T17:58:55Z,2023-03-24T17:59:00Z,0.042284385367807875,2.846895342276295,2.804610956908487,0
2023-03-24T17:58:55Z,2023-03-24T17:59:00Z,0.05446151817278899,2.8594023443616408,2.8049408261888518,0
2023-03-24T17:58:55Z,2023-03-24T17:59:00Z,0.06485703398732223,2.871195964079786,2.8063389300924637,0
2023-03-24T17:58:55Z,2023-03-24T17:59:00Z,0.06825807765811076,2.8770506069933273,2.8087925293352165,0
2023-03-24T17:58:55Z,2023-03-24T17:59:00Z,0.0610177801911127,2.8728147050378294,2.8117969248467167,0
2023-03-24T17:58:55Z,2023-03-24T17:59:00Z,0.05455858583723305,2.8697802820321545,2.8152216961949215,0
2023-03-24T17:58:55Z,2023-03-24T17:59:00Z,0.06639920296279689,2.885320819633506,2.818921616670709,0
2023-03-24T17:58:55Z,2023-03-24T17:59:00Z,0.0793686133107454,2.9021080240376986,2.8227394107269532,0
2023-03-24T17:58:55Z,2023-03-24T17:59:00Z,0.07735994973567673,2.9044755996887197,2.827115649953043,0
2023-03-24T17:58:55Z,2023-03-24T17:59:00Z,0.07435755338803407,2.9070517321035485,2.8326941787155144,0
2023-03-24T17:58:55Z,2023-03-24T17:59:00Z,0.06790353126660786,2.906665306939152,2.8387617756725443,0
2023-03-24T17:58:55Z,2023-03-24T17:59:00Z,0.06282518557030814,2.9079891820660784,2.8451639964957702,0
2023-03-24T17:58:55Z,2023-03-24T17:59:00Z,0.05550241946205947,2.9071915807513165,2.851689161289257,0
2023-03-24T17:58:55Z,2023-03-24T17:59:00Z,0.047436092977162225,2.9052445027901506,2.8578084098129883,0
2023-03-24T17:58:55Z,2023-03-24T17:59:00Z,0.045087693353117686,2.9088950759718015,2.863807382618684,0
2023-03-24T17:58:55Z,2023-03-24T17:59:00Z,0.042652123014153887,2.912179015740537,2.869526892726383,0
2023-03-24T17:58:55Z,2023-03-24T17:59:00Z,0.036332829508487485,2.9111753288405073,2.87484249933202,0
2023-03-24T17:58:55Z,2023-03-24T17:59:00Z,0.03547376813665437,2.9156046911520637,2.8801309230154093,0
2023-03-24T17:58:55Z,2023-03-24T17:59:00Z,0.037288085309014285,2.9219804330758157,2.8846923477668014,0
2023-03-24T17:58:55Z,2023-03-24T17:59:00Z,0.037946084555319004,2.9275016301983876,2.8895555456430686,0
2023-03-24T17:58:55Z,2023-03-24T17:59:00Z,0.039806719408049585,2.9341762213855196,2.89436950197747,0
2023-03-24T17:58:55Z,2023-03-24T17:59:00Z,0.04047953000969473,2.9390914681935905,2.8986119381838957,0
2023-03-24T17:58:55Z,2023-03-24T17:59:00Z,0.042526839592615495,2.9450742449882945,2.902547405395679,0
2023-03-24T17:58:55Z,2023-03-24T17:59:00Z,0.0495470518622283,2.9556679048428443,2.906120852980616,0
2023-03-24T17:58:55Z,2023-03-24T17:59:00Z,0.05676350574097144,2.9664645501950067,2.909701044454035,0
2023-03-24T17:58:55Z,2023-03-24T17:59:00Z,0.07747602287825961,2.9915377620588743,2.9140617391806147,0
2023-03-24T17:58:55Z,2023-03-24T17:59:00Z,0.09378805380227773,3.012938438675674,2.9191503848733964,0
2023-03-24T17:58:55Z,2023-03-24T17:59:00Z,0.09959542668911148,3.024336176953317,2.9247407502642053,0
2023-03-24T17:58:55Z,2023-03-24T17:59:00Z,0.09816230138511184,3.0287362313671053,2.9305739299819935,0
2023-03-24T17:58:55Z,2023-03-24T17:59:00Z,0.09260498895096747,3.0294873703679404,2.936882381416973,0
2023-03-24T17:58:55Z,2023-03-24T17:59:00Z,0.09400800430055112,3.0372948330471847,2.9432868287466336,0
2023-03-24T17:58:55Z,2023-03-24T17:59:00Z,0.09936812009715057,3.049119267971615,2.9497511478744642,0
2023-03-24T17:58:55Z,2023-03-24T17:59:00Z,0.09721482490625766,3.053771533358675,2.956556708452417,0
2023-03-24T17:58:55Z,2023-03-24T17:59:00Z,0.09490491517624688,3.058931501903417,2.96402658672717,0
2023-03-24T17:58:55Z,2023-03-24T17:59:00Z,0.0958490835958572,3.067692882458213,2.9718437988623556,0
2023-03-24T17:58:55Z,2023-03-24T17:59:00Z,0.10252294339025614,3.0822633962490125,2.9797404528587563,0
2023-03-24T17:58:55Z,2023-03-24T17:59:00Z,0.12556974525498177,3.1134951384673,2.9879253932123184,0
2023-03-24T17:58:55Z,2023-03-24T17:59:00Z,0.1333421640665109,3.1302721924055925,2.9969300283390816,0
2023-03-24T17:58:55Z,2023-03-24T17:59:00Z,0.1412859161040454,3.148631231143929,3.0073453150398834,0
2023-03-24T17:58:55Z,2023-03-24T17:59:00Z,0.1514932922562151,3.16980133147135,3.018308039215135,0
2023-03-24T17:58:55Z,2023-03-24T17:59:00Z,0.14718213389069312,3.177128573155594,3.0299464392649007,0
2023-03-24T17:58:55Z,2023-03-24T17:59:00Z,0.14352414008962322,3.185871900937988,3.0423477608483647,0
2023-03-24T17:58:55Z,2023-03-24T17:59:00Z,0.1462483873477689,3.2011244168783444,3.0548760295305755,0
2023-03-24T17:58:55Z,2023-03-24T17:59:00Z,0.14558999065951594,3.213139581029549,3.067549590370033,0
2023-03-24T17:58:55Z,2023-03-24T17:59:00Z,0.1489016747490206,3.229370028910396,3.0804683541613755,0
2023-03-24T17:58:55Z,2023-03-24T17:59:00Z,0.1464135825653372,3.2398648330864255,3.0934512505210883,0
2023-03-24T17:58:55Z,2023-03-24T17:59:00Z,0.14952404948954534,3.255492787739661,3.1059687382501155,0
2023-03-24T17:58:55Z,2023-03-24T17:59:00Z,0.14257372142417246,3.2604859541169593,3.117912232692787,0
2023-03-24T17:58:55Z,2023-03-24T17:59:00Z,0.15420948927290157,3.284287859375496,3.1300783701025945,0
2023-03-24T17:58:55Z,2023-03-24T17:59:00Z,0.1739352614799654,3.3162109854115,3.1422757239315344,0
2023-03-24T17:58:55Z,2023-03-24T17:59:00Z,0.17086466059901584,3.326550936583579,3.155686275984563,0
2023-03-24T17:58:55Z,2023-03-24T17:59:00Z,0.1653101131996486,3.3356761866770706,3.170366073477422,0
2023-03-24T17:58:55Z,2023-03-24T17:59:00Z,0.16029016091136006,3.345257901157833,3.184967740246473,0
2023-03-24T17:58:55Z,2023-03-24T17:59:00Z,0.17255563323316014,3.3723604604963904,3.1998048272632302,0
2023-03-24T17:58:55Z,2023-03-24T17:59:00Z,0.16788875304381756,3.382763390794122,3.2148746377503046,0
2023-03-24T17:58:55Z,2023-03-24T17:59:00Z,0.15234540423084697,3.383255177667371,3.230909773436524,0
2023-03-24T17:58:55Z,2023-03-24T17:59:00Z,0.14366389976671545,3.390389462389825,3.2467255626231095,0
2023-03-24T17:58:55Z,2023-03-24T17:59:00Z,0.13975405703257415,3.4006775164556875,3.2609234594231133,0
2023-03-24T17:58:55Z,2023-03-24T17:59:00Z,0.1382893797935063,3.412903221847369,3.2746138420538626,0
2023-03-24T17:58:55Z,2023-03-24T17:59:00Z,0.13502589498471274,3.422905331002352,3.287879436017639,0
2023-03-24T17:58:55Z,2023-03-24T17:59:00Z,0.1367611218098519,3.437435394163071,3.300674272353219,0
2023-03-24T17:58:55Z,2023-03-24T17:59:00Z,0.13671954543716192,3.4503294366244206,3.3136098911872587,0
2023-03-24T17:58:55Z,2023-03-24T17:59:00Z,0.1336337721993619,3.460483847240573,3.326850075041211,0
2023-03-24T17:58:55Z,2023-03-24T17:59:00Z,0.129432537122808,3.4693986658348654,3.3399661287120574,0
2023-03-24T17:58:55Z,2023-03-24T17:59:00Z,0.12806683800994856,3.4810510859962704,3.352984247986322,0
2023-03-24T17:58:55Z,2023-03-24T17:59:00Z,0.12310414741667008,3.4887214815569108,3.3656173341402407,0
2023-03-24T17:58:55Z,2023-03-24T17:59:00Z,0.11696192648711712,3.4952732739384023,3.378311347451285,0
2023-03-24T17:58:55Z,2023-03-24T17:59:00Z,0.1164468971426662,3.5070334390053857,3.3905865418627195,0
2023-03-24T17:58:55Z,2023-03-24T17:59:00Z,0.11058834232359072,3.513532111545333,3.4029437692217424,0
2023-03-24T17:58:55Z,2023-03-24T17:59:00Z,0.10214489201153798,3.5168121127927483,3.4146672207812103,0
2023-03-24T17:58:55Z,2023-03-24T17:59:00Z,0.10240012733063786,3.5274526705399443,3.4250525432093064,0
2023-03-24T17:58:55Z,2023-03-24T17:59:00Z,0.0879715613026204,3.5230378506281994,3.435066289325579,0
2023-03-24T17:58:55Z,2023-03-24T17:59:00Z,0.08781798478608716,3.532977773262344,3.445159788476257,0
2023-03-24T17:58:55Z,2023-03-24T17:59:00Z,0.07221565325768431,3.5267322811797497,3.4545166279220654,0
2023-03-24T17:58:55Z,2023-03-24T17:59:00Z,0.05938535657773336,3.5223555272769542,3.462970170699221,0
2023-03-24T17:58:55Z,2023-03-24T17:59:00Z,0.04970084232139094,3.5202483230409074,3.4705474807195165,0
2023-03-24T17:58:55Z,2023-03-24T17:59:00Z,0.04204241652414309,3.5199109682757435,3.4778685517516004,0
2023-03-24T17:58:55Z,2023-03-24T17:59:00Z,0.03799025266195333,3.5226934812899264,3.484703228627973,0
2023-03-24T17:58:55Z,2023-03-24T17:59:00Z,0.03691087958371986,3.5278895530443273,3.4909786734606074,0
2023-03-24T17:58:55Z,2023-03-24T17:59:00Z,0.038144546675185964,3.5349016548432965,3.4967571081681106,0
2023-03-24T17:58:55Z,2023-03-24T17:59:00Z,0.03061423890821091,3.532896832446952,3.502282593538741,0
2023-03-24T17:58:55Z,2023-03-24T17:59:00Z,0.03031606528966213,3.5377284620220992,3.507412396732437,0
2023-03-24T17:58:55Z,2023-03-24T17:59:00Z,0.028540112643987037,3.5402981617881357,3.5117580491441487,0
2023-03-24T17:58:55Z,2023-03-24T17:59:00Z,0.027830905838253983,3.543654461023536,3.515823555185282,0
2023-03-24T17:58:55Z,2023-03-24T17:59:00Z,0.02117699083298108,3.540732098436856,3.519555107603875,0
2023-03-24T17:58:55Z,2023-03-24T17:59:00Z,0.01695103335922976,3.5398010554382244,3.5228500220789947,0
2023-03-24T17:58:55Z,2023-03-24T17:59:00Z,0.012556393738439642,3.538143816705852,3.5255874229674125,0
2023-03-24T17:58:55Z,2023-03-24T17:59:00Z,0.012855358212566337,3.540786348627338,3.5279309904147715,0
2023-03-24T17:58:55Z,2023-03-24T17:59:00Z,0.012810750194740095,3.5423791289095363,3.5295683787147962,0
2023-03-24T17:58:55Z,2023-03-24T17:59:00Z,0.008387046722876157,3.5393898589683044,3.5310028122454282,0
2023-03-24T17:58:55Z,2023-03-24T17:59:00Z,0.0008833170116342437,3.5314651276609927,3.532348444672627,0
2023-03-24T17:58:55Z,2023-03-24T17:59:00Z,0.0012075831167237538,3.53176913463108,3.532976717747804,0
2023-03-24T17:58:55Z,2023-03-24T17:59:00Z,0.0074685926412740855,3.525951666002993,3.533420258644267,0
2023-03-24T17:58:55Z,2023-03-24T17:59:00Z,0.01140447129374289,3.5219521747909845,3.5333566460847274,0
2023-03-24T17:58:55Z,2023-03-24T17:59:00Z,0.005251054266093735,3.52806450680933,3.533315561075424,0
2023-03-24T17:58:55Z,2023-03-24T17:59:00Z,0.013709076231889217,3.547003408229104,3.5332943319972148,0
2023-03-24T17:58:55Z,2023-03-24T17:59:00Z,0.0010522223906650474,3.5326534876996245,3.5337057100902896,0
2023-03-24T17:58:55Z,2023-03-24T17:59:00Z,0.019352262840675927,3.515779365141896,3.535131627982572,0
2023-03-24T17:58:55Z,2023-03-24T17:59:00Z,0.020808053743481825,3.5148477851027584,3.5356558388462402,0
2023-03-24T17:58:55Z,2023-03-24T17:59:00Z,0.010856962387338243,3.5241614981482483,3.5350184605355865,0
2023-03-24T17:58:55Z,2023-03-24T17:59:00Z,0.009494475105987998,3.5244685186011484,3.5339629937071364,0
2023-03-24T17:58:55Z,2023-03-24T17:59:00Z,0.021981623808132955,3.5115216154622297,3.5335032392703627,0
2023-03-24T17:58:55Z,2023-03-24T17:59:00Z,0.03580077962575068,3.4970045678856145,3.532805347511365,0
2023-03-24T17:58:55Z,2023-03-24T17:59:00Z,0.03224734027025544,3.4990434521713256,3.531290792441581,0
2023-03-24T17:58:55Z,2023-03-24T17:59:00Z,0.026805077300902536,3.5020304576071037,3.5288355349080063,0
2023-03-24T17:58:55Z,2023-03-24T17:59:00Z,0.021850514080176797,3.5047908815506954,3.526641395630872,0
2023-03-24T17:58:55Z,2023-03-24T17:59:00Z,0.011754841495301704,3.512898627933933,3.524653469429235,0
2023-03-24T17:58:55Z,2023-03-24T17:59:00Z,0.0034962062075738487,3.5194018455819163,3.52289805178949,0
2023-03-24T17:58:55Z,2023-03-24T17:59:00Z,0.0028069279362887833,3.524237204952442,3.521430277016153,0
2023-03-24T17:58:55Z,2023-03-24T17:59:00Z,0.013634439900782613,3.5338553862154822,3.5202209463146996,0
2023-03-24T17:58:55Z,2023-03-24T17:59:00Z,0.0228832332740887,3.5423066714826903,3.5194234382086016,0
2023-03-24T17:58:55Z,2023-03-24T17:59:00Z,0.02622558852830359,3.54577482981872,3.5195492412904166,0
2023-03-24T17:58:55Z,2023-03-24T17:59:00Z,0.026027198164915166,3.546131046658048,3.520103848493133,0
2023-03-24T17:58:55Z,2023-03-24T17:59:00Z,0.02165195551918897,3.542799128423676,3.521147172904487,0
2023-03-24T17:58:55Z,2023-03-24T17:59:00Z,0.023161761582916274,3.545581506690933,3.522419745108017,0
2023-03-24T17:58:55Z,2023-03-24T17:59:00Z,0.029169211234113757,3.552364462742885,3.5231952515087714,0
2023-03-24T17:58:55Z,2023-03-24T17:59:00Z,0.033869284983294445,3.556989699569004,3.5231204145857093,0
2023-03-24T17:58:55Z,2023-03-24T17:59:00Z,0.04200890760771836,3.566166741932547,3.5241578343248285,0
2023-03-24T17:58:55Z,2023-03-24T17:59:00Z,0.03378255124364449,3.560109350538321,3.5263267992946763,0
2023-03-24T17:58:55Z,2023-03-24T17:59:00Z,0.04036758904992244,3.5693953860724825,3.52902779702256,0
2023-03-24T17:58:55Z,2023-03-24T17:59:00Z,0.03469106684770784,3.565610856101325,3.530919789253617,0
2023-03-24T17:58:55Z,2023-03-24T17:59:00Z,0.03034510476011487,3.5636294659859074,3.5332843612257925,0
2023-03-24T17:58:55Z,2023-03-24T17:59:00Z,0.024173868461323966,3.5603050318260157,3.5361311633646917,0
2023-03-24T17:58:55Z,2023-03-24T17:59:00Z,0.022345893504585046,3.561983630453503,3.539637736948918,0
2023-03-24T17:58:55Z,2023-03-24T17:59:00Z,0.024961641103988352,3.5678236717189424,3.542862030614954,0
2023-03-24T17:58:55Z,2023-03-24T17:59:00Z,0.03151953361995474,3.5775369943847193,3.5460174607647645,0
2023-03-24T17:58:55Z,2023-03-24T17:59:00Z,0.036970905837775625,3.5863058818745537,3.549334976036778,0
2023-03-24T17:58:55Z,2023-03-24T17:59:00Z,0.03127748698082744,3.5840144823044886,3.552736995323661,0
2023-03-24T17:58:55Z,2023-03-24T17:59:00Z,0.04031629513628188,3.596574555527977,3.556258260391695,0
2023-03-24T17:58:55Z,2023-03-24T17:59:00Z,0.043347434941592766,3.6027518678255004,3.5594044328839076,0
2023-03-24T17:58:55Z,2023-03-24T17:59:00Z,0.04861499529104796,3.611320437086139,3.562705441795091,0
2023-03-24T17:58:55Z,2023-03-24T17:59:00Z,0.043442515216537636,3.6093292831349353,3.5658867679183976,0
2023-03-24T17:58:55Z,2023-03-24T17:59:00Z,0.04200277979673395,3.6113393165186793,3.5693365367219454,0
2023-03-24T17:58:55Z,2023-03-24T17:59:00Z,0.04064523298301381,3.613307992677427,3.5726627596944134,0
2023-03-24T17:58:55Z,2023-03-24T17:59:00Z,0.04005622856410174,3.6163263665793046,3.576270138015203,0
2023-03-24T17:58:55Z,2023-03-24T17:59:00Z,0.04509543193865184,3.624930121847881,3.5798346899092293,0
2023-03-24T17:58:55Z,2023-03-24T17:59:00Z,0.04833199753650419,3.6315331034371234,3.5832011059006192,0
2023-03-24T17:58:55Z,2023-03-24T17:59:00Z,0.053416590533524655,3.6401935081330326,3.586776917599508,0
2023-03-24T17:58:55Z,2023-03-24T17:59:00Z,0.06619404657074712,3.6564112989862854,3.5902172524155382,0
2023-03-24T17:58:55Z,2023-03-24T17:59:00Z,0.05146228066028913,3.6458944887387066,3.5944322080784175,0
2023-03-24T17:58:55Z,2023-03-24T17:59:00Z,0.05438504387229015,3.6533970368409077,3.5990119929686175,0
2023-03-24T17:58:55Z,2023-03-24T17:59:00Z,0.05557739409958273,3.6588148414175365,3.603237447317954,0
2023-03-24T17:58:55Z,2023-03-24T17:59:00Z,0.043048110176747034,3.6510101664870693,3.6079620563103223,0
2023-03-24T17:58:55Z,2023-03-24T17:59:00Z,0.04315987345480421,3.6563066565857327,3.6131467831309285,0
2023-03-24T17:58:55Z,2023-03-24T17:59:00Z,0.045154654963261986,3.6629870452538515,3.6178323902905896,0
2023-03-24T17:58:55Z,2023-03-24T17:59:00Z,0.04958879608742439,3.6720781855815297,3.6224893894941053,0
2023-03-24T17:58:55Z,2023-03-24T17:59:00Z,0.05210293705703206,3.6790896976495127,3.6269867605924806,0
2023-03-24T17:58:55Z,2023-03-24T17:59:00Z,0.04632177814543459,3.6778228705119664,3.631501092366532,0
2023-03-24T17:58:55Z,2023-03-24T17:59:00Z,0.06364082498613,3.700145876055032,3.636505051068902,0
2023-03-24T17:58:55Z,2023-03-24T17:59:00Z,0.07250167956449394,3.713282957737816,3.640781278173322,0
2023-03-24T17:58:55Z,2023-03-24T17:59:00Z,0.07952091311574128,3.7254281917221963,3.645907278606455,0
2023-03-24T17:58:55Z,2023-03-24T17:59:00Z,0.08238600672096785,3.7336597337827753,3.6512737270618074,0
2023-03-24T17:58:55Z,2023-03-24T17:59:00Z,0.08511938179838596,3.7425035777332067,3.657384195934821,0
2023-03-24T17:58:55Z,2023-03-24T17:59:00Z,0.07890205355730684,3.7427241661902375,3.6638221126329307,0
2023-03-24T17:58:55Z,2023-03-24T17:59:00Z,0.07121236453922819,3.741834244806674,3.6706218802674457,0
2023-03-24T17:58:55Z,2023-03-24T17:59:00Z,0.05996290463760978,3.7372373006740514,3.6772743960364416,0
2023-03-24T17:58:55Z,2023-03-24T17:59:00Z,0.06155585110007644,3.7449830957132972,3.683427244613221,0
2023-03-24T17:58:55Z,2023-03-24T17:59:00Z,0.05358889290908264,3.7425795163242466,3.688990623415164,0
2023-03-24T17:58:55Z,2023-03-24T17:59:00Z,0.04474259856304297,3.7392484634297998,3.694505864866757,0
2023-03-24T17:58:55Z,2023-03-24T17:59:00Z,0.04608050323940205,3.7451215374397355,3.6990410342003335,0
2023-03-24T17:58:55Z,2023-03-24T17:59:00Z,0.04311162645028377,3.7470660277396224,3.7039544012893386,0
2023-03-24T17:58:55Z,2023-03-24T17:59:00Z,0.04037578864268321,3.7491577952266972,3.708782006584014,0
2023-03-24T17:58:55Z,2023-03-24T17:59:00Z,0.030171383261164753,3.7435981891252883,3.7134268058641235,0
2023-03-24T17:58:55Z,2023-03-24T17:59:00Z,0.01646001531375374,3.735052485848384,3.71859247053463,0
2023-03-24T17:58:55Z,2023-03-24T17:59:00Z,0.00812883007464249,3.731315591795566,3.7231867617209233,0
2023-03-24T17:58:55Z,2023-03-24T17:59:00Z,0.002796694692559054,3.72977637433951,3.7269796796469508,0
2023-03-24T17:58:55Z,2023-03-24T17:59:00Z,0.007432128069135402,3.737529565937877,3.7300974378687415,0
2023-03-24T17:58:55Z,2023-03-24T17:59:00Z,0.006588462543867468,3.739353620238399,3.7327651576945313,0
2023-03-24T17:58:55Z,2023-03-24T17:59:00Z,0.004682293659863834,3.7405899090083907,3.735907615348527,0
2023-03-24T17:58:55Z,2023-03-24T17:59:00Z,0.0075488308372531066,3.7455200116691154,3.7379711808318623,0
2023-03-24T17:58:55Z,2023-03-24T17:59:00Z,0.012280212659681045,3.7516886014531527,3.7394083887934717,0
2023-03-24T17:58:55Z,2023-03-24T17:59:00Z,0.023408099751458522,3.7638739527526615,3.740465853001203,0
2023-03-24T17:58:55Z,2023-03-24T17:59:00Z,0.02997215822664767,3.771386898999977,3.741414740773329,0
2023-03-24T17:58:55Z,2023-03-24T17:59:00Z,0.02893947105161887,3.771478968404919,3.7425394973533,0
2023-03-24T17:58:55Z,2023-03-24T17:59:00Z,0.025407517445101835,3.7694555796831253,3.7440480622380234,0
2023-03-24T17:58:55Z,2023-03-24T17:59:00Z,0.027804009767198323,3.7734123206156553,3.745608310848457,0
2023-03-24T17:58:55Z,2023-03-24T17:59:00Z,0.01980159119257241,3.767105600936244,3.7473040097436714,0
2023-03-24T17:58:55Z,2023-03-24T17:59:00Z,0.015441303643344728,3.7642415883818776,3.748800284738533,0
2023-03-24T17:58:55Z,2023-03-24T17:59:00Z,0.006956243151696739,3.7570473744487556,3.750091131297059,0
2023-03-24T17:58:55Z,2023-03-24T17:59:00Z,0.0053535429518540845,3.7567601018779695,3.7514065589261154,0
2023-03-24T17:58:55Z,2023-03-24T17:59:00Z,0.0018354290337723178,3.7501988055243975,3.75203423455817,0
2023-03-24T17:58:55Z,2023-03-24T17:59:00Z,0.00025399021080607653,3.752290458775698,3.752544448986504,0
2023-03-24T17:58:55Z,2023-03-24T17:59:00Z,0.0022765398412207816,3.7548757788433917,3.752599239002171,0
2023-03-24T17:58:55Z,2023-03-24T17:59:00Z,0.0029524705634278448,3.750104256315082,3.7530567268785098,0
2023-03-24T17:58:55Z,2023-03-24T17:59:00Z,0.0034732075350056846,3.750626850553767,3.7541000580887727,0
2023-03-24T17:58:55Z,2023-03-24T17:59:00Z,0.0027688332628832413,3.7523201019058643,3.7550889351687475,0
2023-03-24T17:58:55Z,2023-03-24T17:59:00Z,0.0035199791024620453,3.7526663495512462,3.7561863286537083,0
2023-03-24T17:58:55Z,2023-03-24T17:59:00Z,0.0069956852912760326,3.763960463206458,3.756964777915182,0
2023-03-24T17:58:55Z,2023-03-24T17:59:00Z,0.005914736332660375,3.7635801842116754,3.757665447879015,0
2023-03-24T17:58:55Z,2023-03-24T17:59:00Z,0.011636387892875355,3.7705318649402106,3.7588954770473353,0
2023-03-24T17:58:55Z,2023-03-24T17:59:00Z,0.02108711364138971,3.780933126085701,3.7598460124443114,0
2023-03-24T17:58:55Z,2023-03-24T17:59:00Z,0.007190963515785409,3.7680287266699417,3.7608377631541563,0
2023-03-24T17:58:55Z,2023-03-24T17:59:00Z,0.0001326783428976519,3.7616029360393135,3.761735614382211,0
2023-03-24T17:58:55Z,2023-03-24T17:59:00Z,0.008672399297568134,3.770231267767672,3.761558868470104,0
2023-03-24T17:58:55Z,2023-03-24T17:59:00Z,0.0072423372065828495,3.7682814144995493,3.7610390772929665,0
2023-03-24T17:58:55Z,2023-03-24T17:59:00Z,0.008991994534726988,3.7700718975163543,3.7610799029816273,0
2023-03-24T17:58:55Z,2023-03-24T17:59:00Z,0.0007363858089850517,3.760073469482321,3.760809855291306,0
2023-03-24T17:58:55Z,2023-03-24T17:59:00Z,0.0013646739566919308,3.762330650120636,3.760965976163944,0
2023-03-24T17:58:55Z,2023-03-24T17:59:00Z,0.00017781901083901985,3.7609244204958583,3.7607466014850193,0
2023-03-24T17:58:55Z,2023-03-24T17:59:00Z,0.0007341298226264392,3.7617587984482705,3.761024668625644,0
2023-03-24T17:58:55Z,2023-03-24T17:59:00Z,0.007442198143523093,3.753801645146221,3.761243843289744,0
2023-03-24T17:58:55Z,2023-03-24T17:59:00Z,0.014332276280136558,3.7475199876898113,3.761852263969948,0
2023-03-24T17:58:55Z,2023-03-24T17:59:00Z,0.004288739111774742,3.7576430609829385,3.7619318000947133,0
2023-03-24T17:58:55Z,2023-03-24T17:59:00Z,0.013332536303499065,3.774877189495392,3.761544653191893,0
2023-03-24T17:58:55Z,2023-03-24T17:59:00Z,0.00877450274045799,3.7707159351253954,3.7619414323849374,0
2023-03-24T17:58:55Z,2023-03-24T17:59:00Z,0.009193669450036523,3.7724114354634812,3.7632177660134447,0
2023-03-24T17:58:55Z,2023-03-24T17:59:00Z,0.005528063248096515,3.769714031009937,3.7641859677618403,0
2023-03-24T17:58:55Z,2023-03-24T17:59:00Z,0.004722437128791501,3.769947619938645,3.7652251828098535,0
2023-03-24T17:58:55Z,2023-03-24T17:59:00Z,0.005525410833649325,3.7710534130015807,3.7655280021679314,0
2023-03-24T17:58:55Z,2023-03-24T17:59:00Z,0.0023455318623435417,3.7682086622264306,3.765863130364087,0
2023-03-24T17:58:55Z,2023-03-24T17:59:00Z,0.008338177178827788,3.7742287574408815,3.7658905802620537,0
2023-03-24T17:58:55Z,2023-03-24T17:59:00Z,0.009421700258415822,3.7746425718962975,3.7652208716378817,0
2023-03-24T17:58:55Z,2023-03-24T17:59:00Z,0.013188891295352612,3.7787360803422314,3.765547189046879,0
2023-03-24T17:58:55Z,2023-03-24T17:59:00Z,0.009136472844406551,3.775369958515336,3.7662334856709294,0
2023-03-24T17:58:55Z,2023-03-24T17:59:00Z,0.0038226371189908903,3.7705037445043716,3.7666811073853808,0
2023-03-24T17:58:55Z,2023-03-24T17:59:00Z,0.0020478785695812185,3.7691020672189506,3.7670541886493694,0
2023-03-24T17:58:55Z,2023-03-24T17:59:00Z,0.006071507398931697,3.7731484248371445,3.767076917438213,0
2023-03-24T17:58:55Z,2023-03-24T17:59:00Z,0.008706798334320975,3.7762589051270927,3.7675521067927717,0
2023-03-24T17:58:55Z,2023-03-24T17:59:00Z,0.01047426088352088,3.7785957242403194,3.7681214633567985,0
2023-03-24T17:58:55Z,2023-03-24T17:59:00Z,0.0003370366431245664,3.7692655781384095,3.768928541495285,0
2023-03-24T17:58:55Z,2023-03-24T17:59:00Z,0.006352900392978089,3.763461795091362,3.76981469548434,0
2023-03-24T17:58:55Z,2023-03-24T17:59:00Z,0.01210241287555247,3.758526173818903,3.7706285866944556,0
2023-03-24T17:58:55Z,2023-03-24T17:59:00Z,0.015604482405303877,3.7558631467839696,3.7714676291892735,0
2023-03-24T17:58:55Z,2023-03-24T17:59:00Z,0.025830185575391518,3.7456839232368275,3.771514108812219,0
2023-03-24T17:58:55Z,2023-03-24T17:59:00Z,0.02150945962129036,3.749003910100854,3.7705133697221442,0
2023-03-24T17:58:55Z,2023-03-24T17:59:00Z,0.02504633399945,3.7441495614127698,3.7691958954122198,0
2023-03-24T17:58:55Z,2023-03-24T17:59:00Z,0.01933149740000495,3.7486324229931283,3.767963920393133,0
2023-03-24T17:58:55Z,2023-03-24T17:59:00Z,0.015780988375174942,3.750837433618108,3.766618421993283,0
2023-03-24T17:58:55Z,2023-03-24T17:59:00Z,0.013903824963719114,3.7515927445587467,3.765496569522466,0
2023-03-24T17:58:55Z,2023-03-24T17:59:00Z,0.01789134714831997,3.746541223459227,3.7644325706075468,0
2023-03-24T17:58:55Z,2023-03-24T17:59:00Z,0.021122310250096366,3.7424357383749403,3.7635580486250366,0
2023-03-24T17:58:55Z,2023-03-24T17:59:00Z,0.022955269345220852,3.7391455406492025,3.7621008099944233,0
2023-03-24T17:58:55Z,2023-03-24T17:59:00Z,0.021848200936461115,3.7385575125568384,3.7604057134932996,0
2023-03-24T17:58:55Z,2023-03-24T17:59:00Z,0.02088046061838522,3.737441540259492,3.758322000877877,0
2023-03-24T17:58:55Z,2023-03-24T17:59:00Z,0.02595971655707041,3.730424787165096,3.7563845037221664,0
2023-03-24T17:58:55Z,2023-03-24T17:59:00Z,0.020272476022223707,3.7343719116870546,3.7546443877092783,0
2023-03-24T17:58:55Z,2023-03-24T17:59:00Z,0.017230343910155987,3.735378397480498,3.752608741390654,0
2023-03-24T17:58:55Z,2023-03-24T17:59:00Z,0.02114852673650436,3.729419345540987,3.7505678722774913,0
2023-03-24T17:58:55Z,2023-03-24T17:59:00Z,0.01283878490675816,3.735577481705124,3.748416266611882,0
2023-03-24T17:58:55Z,2023-03-24T17:59:00Z,0.00627837384715102,3.739549662306871,3.745828036154022,0
2023-03-24T17:58:55Z,2023-03-24T17:59:00Z,0.005997992205229785,3.7380569862417765,3.7440549784470063,0
2023-03-24T17:58:55Z,2023-03-24T17:59:00Z,0.02398953631686851,3.718806908825691,3.7427964451425595,0
2023-03-24T17:58:55Z,2023-03-24T17:59:00Z,0.01203200254298542,3.72968711693762,3.741719119480605,0
2023-03-24T17:58:55Z,2023-03-24T17:59:00Z,0.013281044859787539,3.7264877463072237,3.739768791167011,0
2023-03-24T17:58:55Z,2023-03-24T17:59:00Z,0.019207101081502476,3.7197197529118675,3.73892685399337,0
2023-03-24T17:58:55Z,2023-03-24T17:59:00Z,0.028902549180936266,3.7088392435601376,3.737741792741074,0
2023-03-24T17:58:55Z,2023-03-24T17:59:00Z,0.02829577042850895,3.70816024291778,3.736456013346289,0
2023-03-24T17:58:55Z,2023-03-24T17:59:00Z,0.024789742270115322,3.7095718932112787,3.734361635481394,0
2023-03-24T17:58:55Z,2023-03-24T17:59:00Z,0.019178445528470256,3.712937022021329,3.732115467549799,0
2023-03-24T17:58:55Z,2023-03-24T17:59:00Z,0.017797171462871297,3.712106672331797,3.729903843794668,0
2023-03-24T17:58:55Z,2023-03-24T17:59:00Z,0.02741175869757395,3.700723442916152,3.728135201613726,0
2023-03-24T17:58:55Z,2023-03-24T17:59:00Z,0.04207133235530458,3.684467602624572,3.7265389349798768,0
2023-03-24T17:58:55Z,2023-03-24T17:59:00Z,0.043476009385913006,3.6810407099238036,3.7245167193097166,0
2023-03-24T17:58:55Z,2023-03-24T17:59:00Z,0.04344147987839175,3.6782284020664684,3.72166988194486,0
2023-03-24T17:58:55Z,2023-03-24T17:59:00Z,0.03601027359610587,3.682691143594245,3.718701417190351,0
2023-03-24T17:58:55Z,2023-03-24T17:59:00Z,0.03838262145828475,3.67757161756898,3.7159542390272646,0
2023-03-24T17:58:55Z,2023-03-24T17:59:00Z,0.0360328854402332,3.677201313161094,3.7132341986013273,0
2023-03-24T17:58:55Z,2023-03-24T17:59:00Z,0.027992411732113087,3.6821993247686082,3.7101917365007213,0
2023-03-24T17:58:55Z,2023-03-24T17:59:00Z,0.02936379969395775,3.6780796193130856,3.7074434190070433,0
2023-03-24T17:58:55Z,2023-03-24T17:59:00Z,0.023841746621005022,3.680792295705168,3.704634042326173,0
2023-03-24T17:58:55Z,2023-03-24T17:59:00Z,0.021636393509834484,3.679762383395613,3.7013987769054473,0
2023-03-24T17:58:55Z,2023-03-24T17:59:00Z,0.009853174149653032,3.6885316716749212,3.6983848458245743,0
2023-03-24T17:58:55Z,2023-03-24T17:59:00Z,0.0025160218102158183,3.698845892612154,3.696329870801938,0
2023-03-24T17:58:55Z,2023-03-24T17:59:00Z,0.006736206610388429,3.7009000013458686,3.69416379473548,0
2023-03-24T17:58:55Z,2023-03-24T17:59:00Z,0.009639318785992668,3.7023482791164692,3.6927089603304766,0
2023-03-24T17:58:55Z,2023-03-24T17:59:00Z,0.0119704935809124,3.703688940671074,3.6917184470901616,0
2023-03-24T17:58:55Z,2023-03-24T17:59:00Z,0.011041267771021879,3.702418085153621,3.691376817382599,0
2023-03-24T17:58:55Z,2023-03-24T17:59:00Z,0.017358483810832492,3.708499969496237,3.6911414856854043,0
2023-03-24T17:58:55Z,2023-03-24T17:59:00Z,0.02606175306026337,3.716826722532107,3.690764969471844,0
2023-03-24T17:58:55Z,2023-03-24T17:59:00Z,0.03439407880635148,3.7249255191979267,3.690531440391575,0
2023-03-24T17:58:55Z,2023-03-24T17:59:00Z,0.039996701598201234,3.730776565684529,3.690779864086328,0
2023-03-24T17:58:55Z,2023-03-24T17:59:00Z,0.04710505627042716,3.7391587138452698,3.6920536575748426,0
2023-03-24T17:58:55Z,2023-03-24T17:59:00Z,0.04788437282576874,3.7423753442458723,3.6944909714201035,0
2023-03-24T17:58:55Z,2023-03-24T17:59:00Z,0.048991152735172516,3.7465409664669327,3.69754981373176,0
2023-03-24T17:58:55Z,2023-03-24T17:59:00Z,0.04308780424015213,3.7440137728234593,3.700925968583307,0
2023-03-24T17:58:55Z,2023-03-24T17:59:00Z,0.044271479741034625,3.7485579653176417,3.704286485576607,1
2023-03-24T17:58:55Z,2023-03-24T17:59:00Z,0.04937356127798731,3.7571570023943037,3.7077834411163164,1
2023-03-24T17:58:55Z,2023-03-24T17:59:00Z,0.053083173959014296,3.7646222283467274,3.711539054387713,1
2023-03-24T17:58:55Z,2023-03-24T17:59:00Z,0.05316568606275185,3.768649881378134,3.715484195315382,1
2023-03-24T17:58:55Z,2023-03-24T17:59:00Z,0.051873715155625,3.7719127846306724,3.7200390694750474,1
2023-03-24T17:58:55Z,2023-03-24T17:59:00Z,0.0541124851237913,3.7787756380553104,3.724663152931519,1
2023-03-24T17:58:55Z,2023-03-24T17:59:00Z,0.05584494473579982,3.785358118784954,3.729513174049154,1
2023-03-24T17:58:55Z,2023-03-24T17:59:00Z,0.05743118133779168,3.7916940378280186,3.734262856490227,1
2023-03-24T17:58:55Z,2023-03-24T17:59:00Z,0.06320280229456054,3.802018933846514,3.7388161315519532,1
2023-03-24T17:58:55Z,2023-03-24T17:59:00Z,0.06808318398340951,3.811677949034423,3.7435947650510135,1
2023-03-24T17:58:55Z,2023-03-24T17:59:00Z,0.07202889792302125,3.8208694869071955,3.7488405889841743,1
2023-03-24T17:58:55Z,2023-03-24T17:59:00Z,0.061815473327119896,3.8163396943304173,3.7545242210032974,1
2023-03-24T17:58:55Z,2023-03-24T17:59:00Z,0.06120786296246283,3.8219663682685803,3.7607585053061174,1
2023-03-24T17:58:55Z,2023-03-24T17:59:00Z,0.06618289313131731,3.832617173428708,3.7664342802973905,1
2023-03-24T17:58:55Z,2023-03-24T17:59:00Z,0.07113588067557419,3.8431038265380417,3.7719679458624675,1
2023-03-24T17:58:55Z,2023-03-24T17:59:00Z,0.07081048722226368,3.848446414886351,3.7776359276640874,1
2023-03-24T17:58:55Z,2023-03-24T17:59:00Z,0.07335879262461598,3.8569066813862563,3.7835478887616403,1
2023-03-24T17:58:55Z,2023-03-24T17:59:00Z,0.07527636390743053,3.8645762369343917,3.789299873026961,1
2023-03-24T17:58:55Z,2023-03-24T17:59:00Z,0.07464280811140922,3.8699706462510215,3.7953278381396123,1
2023-03-24T17:58:55Z,2023-03-24T17:59:00Z,0.0773212549067952,3.87886147570259,3.8015402207957947,1
2023-03-24T17:58:55Z,2023-03-24T17:59:00Z,0.07649514681579594,3.8846646767393573,3.8081695299235614,1
2023-03-24T17:58:55Z,2023-03-24T17:59:00Z,0.07945338045300332,3.8944809898705093,3.815027609417506,1
2023-03-24T17:58:55Z,2023-03-24T17:59:00Z,0.07422826799730453,3.8959668076434975,3.821738539646193,1
2023-03-24T17:58:55Z,2023-03-24T17:59:00Z,0.06828455077217832,3.896857762077518,3.82857321130534,1
2023-03-24T17:58:55Z,2023-03-24T17:59:00Z,0.07447014277439701,3.909744244935809,3.835274102161412,0
2023-03-24T17:58:55Z,2023-03-24T17:59:00Z,0.0897731592538995,3.931623312859881,3.8418501536059817,0
2023-03-24T17:58:55Z,2023-03-24T17:59:00Z,0.09264196916972178,3.9413852073483615,3.8487432381786397,0
2023-03-24T17:58:55Z,2023-03-24T17:59:00Z,0.08087536097959269,3.937316767267439,3.8564414062878463,0
2023-03-24T17:58:55Z,2023-03-24T17:59:00Z,0.06865380899286899,3.932973697887049,3.86431988889418,0
2023-03-24T17:58:55Z,2023-03-24T17:59:00Z,0.06503322638065523,3.936474053875936,3.871440827495281,0
2023-03-24T17:58:55Z,2023-03-24T17:59:00Z,0.06526289700928656,3.943087711286285,3.8778248142769987,0
2023-03-24T17:58:55Z,2023-03-24T17:59:00Z,0.07127905628326481,3.955188321453355,3.8839092651700904,0
2023-03-24T17:58:55Z,2023-03-24T17:59:00Z,0.06955130737088622,3.960131520801812,3.8905802134309257,0
2023-03-24T17:58:55Z,2023-03-24T17:59:00Z,0.06549690086186644,3.9630887960393584,3.897591895177492,0
2023-03-24T17:58:55Z,2023-03-24T17:59:00Z,0.053662639463121664,3.9579658160813036,3.904303176618182,0
2023-03-24T17:58:55Z,2023-03-24T17:59:00Z,0.046869160453245406,3.9574873354662334,3.910618175012988,0
2023-03-24T17:58:55Z,2023-03-24T17:59:00Z,0.04075797163959116,3.95714032566284,3.916382354023249,0
2023-03-24T17:58:55Z,2023-03-24T17:59:00Z,0.030276628717329945,3.951952701376367,3.921676072659037,1
2023-03-24T17:58:55Z,2023-03-24T17:59:00Z,0.023798778729667625,3.9503466455323073,3.9265478668026397,1
2023-03-24T17:58:55Z,2023-03-24T17:59:00Z,0.023170965666665655,3.954033677475903,3.930862711809237,1
2023-03-24T17:58:55Z,2023-03-24T17:59:00Z,0.017360180032060413,3.9519852692007564,3.934625089168696,1
2023-03-24T17:58:55Z,2023-03-24T17:59:00Z,0.009335225348433784,3.9476113145558953,3.9382760892074615,1
2023-03-24T17:58:55Z,2023-03-24T17:59:00Z,0.00045203720093667243,3.94175466742578,3.9413026302248433,1
2023-03-24T17:58:55Z,2023-03-24T17:59:00Z,0.011219758027161575,3.9328010041404395,3.944020762167601,1
2023-03-24T17:58:55Z,2023-03-24T17:59:00Z,0.015403470771907735,3.930980286414023,3.946383757185931,1
2023-03-24T17:58:55Z,2023-03-24T17:59:00Z,0.021646361885818255,3.925950908942461,3.9475972708282794,1
2023-03-24T17:58:55Z,2023-03-24T17:59:00Z,0.030723167877023894,3.9168402594541054,3.9475634273311293,1
2023-03-24T17:58:55Z,2023-03-24T17:59:00Z,0.02682639904357398,3.919924696792508,3.946751095836082,1
2023-03-24T17:58:55Z,2023-03-24T17:59:00Z,0.022236897734234873,3.923436487164303,3.9456733848985377,1
2023-03-24T17:58:55Z,2023-03-24T17:59:00Z,0.023808539546577023,3.9211780558206684,3.9449865953672454,1
2023-03-24T17:58:55Z,2023-03-24T17:59:00Z,0.0236389975193827,3.9206614101261987,3.9443004076455814,1
2023-03-24T17:58:55Z,2023-03-24T17:59:00Z,0.020040674381988755,3.923106593502244,3.9431472678842328,1
2023-03-24T17:58:55Z,2023-03-24T17:59:00Z,0.01660273402657797,3.9247273279983306,3.9413300620249085,1
2023-03-24T17:58:55Z,2023-03-24T17:59:00Z,0.018174930079797758,3.9212064515609226,3.9393813816407204,1
2023-03-24T17:58:55Z,2023-03-24T17:59:00Z,0.01570195738719793,3.921660399619784,3.937362357006982,1
2023-03-24T17:58:55Z,2023-03-24T17:59:00Z,0.009177994582644011,3.9262496590285285,3.9354276536111725,1
2023-03-24T17:58:55Z,2023-03-24T17:59:00Z,0.01824491264309236,3.9152971127656357,3.933542025408728,1
2023-03-24T17:58:55Z,2023-03-24T17:59:00Z,0.0217446832090884,3.910171517639939,3.9319162008490274,1
2023-03-24T17:58:55Z,2023-03-24T17:59:00Z,0.01887577634085602,3.911111183002344,3.9299869593432,1
2023-03-24T17:58:55Z,2023-03-24T17:59:00Z,0.01759199133750533,3.910280487590307,3.9278724789278123,1
2023-03-24T17:58:55Z,2023-03-24T17:59:00Z,0.030488307137803705,3.8951250931335055,3.9256134002713092,1
2023-03-24T17:58:55Z,2023-03-24T17:59:00Z,0.042319406011795735,3.8810990057537005,3.923418411765496,1
2023-03-24T17:58:55Z,2023-03-24T17:59:00Z,0.05289155939021928,3.867764419668835,3.9206559790590543,1
2023-03-24T17:58:55Z,2023-03-24T17:59:00Z,0.06484100710481489,3.85262256870834,3.917463575813155,1
2023-03-24T17:58:55Z,2023-03-24T17:59:00Z,0.0684648517743831,3.845575745908687,3.91404059768307,1
2023-03-24T17:58:55Z,2023-03-24T17:59:00Z,0.06717545845254946,3.842741048824959,3.9099165072775084,1
2023-03-24T17:58:55Z,2023-03-24T17:59:00Z,0.06772799205453017,3.8379582434843584,3.9056862355388886,1
2023-03-24T17:58:55Z,2023-03-24T17:59:00Z,0.07530456758674342,3.82648170949798,3.9017862770847236,1
2023-03-24T17:58:55Z,2023-03-24T17:59:00Z,0.08276462385703676,3.814707629369363,3.8974722532264,1
2023-03-24T17:58:55Z,2023-03-24T17:59:00Z,0.09027603701563836,3.8020933331756916,3.89236937019133,1
2023-03-24T17:58:55Z,2023-03-24T17:59:00Z,0.09691147279217249,3.789854190743826,3.8867656635359986,1
2023-03-24T17:58:55Z,2023-03-24T17:59:00Z,0.10888247818748198,3.771642760245858,3.88052523843334,1
2023-03-24T17:58:55Z,2023-03-24T17:59:00Z,0.13132750486376876,3.7421844492138647,3.8735119540776335,1
2023-03-24T17:58:55Z,2023-03-24T17:59:00Z,0.173371603149703,3.6920832684146423,3.8654548715643453,1
2023-03-24T17:58:55Z,2023-03-24T17:59:00Z,0.19701143451914538,3.659021226395355,3.8560326609145004,1
2023-03-24T17:58:55Z,2023-03-24T17:59:00Z,0.20963148311947188,3.6343181708894954,3.8439496540089673,1
2023-03-24T17:58:55Z,2023-03-24T17:59:00Z,0.21721938869940338,3.612665610960449,3.8298849996598525,1
2023-03-24T17:58:55Z,2023-03-24T17:59:00Z,0.2089092884621251,3.606187345835825,3.81509663429795,1
2023-03-24T17:58:55Z,2023-03-24T17:59:00Z,0.20775858120529467,3.5916798474779457,3.7994384286832403,1
2023-03-24T17:58:55Z,2023-03-24T17:59:00Z,0.21189151642627468,3.571498289248201,3.7833898056744757,1
2023-03-24T17:58:55Z,2023-03-24T17:59:00Z,0.21307582505383849,3.5535455258778814,3.76662135093172,1
2023-03-24T17:58:55Z,2023-03-24T17:59:00Z,0.21418083091524975,3.535407530338296,3.749588361253546,1
2023-03-24T17:58:55Z,2023-03-24T17:59:00Z,0.21396729414317361,3.518381410274803,3.7323487044179764,1
2023-03-24T17:58:55Z,2023-03-24T17:59:00Z,0.2131333527505217,3.5017228838079526,3.7148562365584743,1
2023-03-24T17:58:55Z,2023-03-24T17:59:00Z,0.21884449791821048,3.478420098722709,3.6972645966409194,1
2023-03-24T17:58:55Z,2023-03-24T17:59:00Z,0.2345089360115753,3.444658141571412,3.679167077582987,1
2023-03-24T17:58:55Z,2023-03-24T17:59:00Z,0.22762450094976439,3.4323677897857356,3.6599922907355,1
2023-03-24T17:58:55Z,2023-03-24T17:59:00Z,0.2203654485218789,3.4189268368497814,3.6392922853716603,1
2023-03-24T17:58:55Z,2023-03-24T17:59:00Z,0.20875346699855513,3.4097959804935134,3.6185494474920685,1
2023-03-24T17:58:55Z,2023-03-24T17:59:00Z,0.200842973036099,3.396875906428623,3.597718879464722,1
2023-03-24T17:58:55Z,2023-03-24T17:59:00Z,0.19218417589609071,3.384887474480096,3.577071650376187,1
2023-03-24T17:58:55Z,2023-03-24T17:59:00Z,0.1780000133175057,3.3783885694631435,3.556388582780649,1
2023-03-24T17:58:55Z,2023-03-24T17:59:00Z,0.16803998746629478,3.3679930539582625,3.5360330414245573,1
2023-03-24T17:58:55Z,2023-03-24T17:59:00Z,0.1546085901690737,3.362277299689656,3.5168858898587296,1
2023-03-24T17:58:55Z,2023-03-24T17:59:00Z,0.14579271182359843,3.3540357983269002,3.4998285101504987,1
2023-03-24T17:58:55Z,2023-03-24T17:59:00Z,0.14247767593894656,3.3417327328059896,3.484210408744936,1
2023-03-24T17:58:55Z,2023-03-24T17:59:00Z,0.1330856570709109,3.3363730478549414,3.4694587049258523,1
2023-03-24T17:58:55Z,2023-03-24T17:59:00Z,0.09314031943419954,3.3620587603256284,3.455199079759828,1
2023-03-24T17:58:55Z,2023-03-24T17:59:00Z,0.09619253854143706,3.3448057886930807,3.4409983272345177,1
2023-03-24T17:58:55Z,2023-03-24T17:59:00Z,0.10427793874997482,3.3246350681081056,3.4289130068580804,1
2023-03-24T17:58:55Z,2023-03-24T17:59:00Z,0.10227978730063958,3.3147020353176977,3.4169818226183373,1
2023-03-24T17:58:55Z,2023-03-24T17:59:00Z,0.10839770427019557,3.2965361995181537,3.4049339037883493,1
2023-03-24T17:58:55Z,2023-03-24T17:59:00Z,0.10979177870727863,3.2835260463957754,3.393317825103054,1
2023-03-24T17:58:55Z,2023-03-24T17:59:00Z,0.11129178849184518,3.270349972887175,3.3816417613790204,1
2023-03-24T17:58:55Z,2023-03-24T17:59:00Z,0.11085290212888088,3.2593048151758133,3.370157717304694,1
2023-03-24T17:58:55Z,2023-03-24T17:59:00Z,0.10834273626733237,3.2508639217828605,3.359206658050193,1
2023-03-24T17:58:55Z,2023-03-24T17:59:00Z,0.10658580216354618,3.2428654176553,3.349451219818846,1
2023-03-24T17:58:55Z,2023-03-24T17:59:00Z,0.10683407731021077,3.2330643073505887,3.3398983846607995,1
2023-03-24T17:58:55Z,2023-03-24T17:59:00Z,0.10246512300841015,3.2281668711684697,3.33063199417688,1
2023-03-24T17:58:55Z,2023-03-24T17:59:00Z,0.09321708587903421,3.2281132412903233,3.3213303271693575,1
2023-03-24T17:58:55Z,2023-03-24T17:59:00Z,0.0854458122022077,3.2270050920587208,3.3124509042609285,1
2023-03-24T17:58:55Z,2023-03-24T17:59:00Z,0.0857227334888937,3.218476895340994,3.304199628829888,1
2023-03-24T17:58:55Z,2023-03-24T17:59:00Z,0.08533802394491419,3.2108940534426353,3.2962320773875495,1
2023-03-24T17:58:55Z,2023-03-24T17:59:00Z,0.08732094983867666,3.2010418560427008,3.2883628058813774,1
2023-03-24T17:58:55Z,2023-03-24T17:59:00Z,0.08720979652205374,3.193185470083165,3.2803952666052187,1
2023-03-24T17:58:55Z,2023-03-24T17:59:00Z,0.08277082545952208,3.1895721283938965,3.2723429538534186,1
2023-03-24T17:58:55Z,2023-03-24T17:59:00Z,0.07781209487096152,3.186712581997045,3.2645246768680067,1
2023-03-24T17:58:55Z,2023-03-24T17:59:00Z,0.0721827539929345,3.184615558692912,3.2567983126858464,1
2023-03-24T17:58:55Z,2023-03-24T17:59:00Z,0.07492777202118894,3.1726417944368372,3.247569566458026,1
2023-03-24T17:58:55Z,2023-03-24T17:59:00Z,0.0537736397088322,3.185364862012343,3.2391385017211753,1
2023-03-24T17:58:55Z,2023-03-24T17:59:00Z,0.026870446027934314,3.2042684097105427,3.231138855738477,1
2023-03-24T17:58:55Z,2023-03-24T17:59:00Z,0.001500137265886714,3.2258317733567132,3.2243316360908265,0
2023-03-24T17:58:55Z,2023-03-24T17:59:00Z,0.031305031754505386,3.2507804683817736,3.219475436627268,0
2023-03-24T17:58:55Z,2023-03-24T17:59:00Z,0.06038740214341187,3.276826298084414,3.216438895941002,0
2023-03-24T17:58:55Z,2023-03-24T17:59:00Z,0.08375475759500173,3.2991636796146673,3.2154089220196655,0
2023-03-24T17:58:55Z,2023-03-24T17:59:00Z,0.10882772852548594,3.32515883385613,3.216331105330644,0
2023-03-24T17:58:55Z,2023-03-24T17:59:00Z,0.13537784140124387,3.354251039249352,3.218873197848108,0
2023-03-24T17:58:55Z,2023-03-24T17:59:00Z,0.16472055063966806,3.387924980919398,3.22320443027973,0
2023-03-24T17:58:55Z,2023-03-24T17:59:00Z,0.18847001006385433,3.418052689390888,3.2295826793270335,0
2023-03-24T17:58:55Z,2023-03-24T17:59:00Z,0.21106388571795076,3.449054886610823,3.237991000892872,0
2023-03-24T17:58:55Z,2023-03-24T17:59:00Z,0.23175985085428064,3.4797476648050774,3.2479878139507967,0
2023-03-24T17:58:55Z,2023-03-24T17:59:00Z,0.2483606256442843,3.5080352708872966,3.2596746452430123,0
2023-03-24T17:58:55Z,2023-03-24T17:59:00Z,0.26562555064750537,3.539051289020206,3.273425738372701,0
2023-03-24T17:58:55Z,2023-03-24T17:59:00Z,0.27778522924749893,3.566849979064655,3.289064749817156,0
2023-03-24T17:58:55Z,2023-03-24T17:59:00Z,0.28364126481175633,3.5904959847856235,3.306854719973867,0
2023-03-24T17:58:55Z,2023-03-24T17:59:00Z,0.28533202432321136,3.611853297401368,3.3265212730781566,0
2023-03-24T17:58:55Z,2023-03-24T17:59:00Z,0.28146018060462286,3.6290827092823443,3.3476225286777215,0
2023-03-24T17:58:55Z,2023-03-24T17:59:00Z,0.27382537963932885,3.6438237354435934,3.3699983558042645,0
2023-03-24T17:58:55Z,2023-03-24T17:59:00Z,0.2591403572212232,3.652531720951247,3.3933913637300237,0
2023-03-24T17:58:55Z,2023-03-24T17:59:00Z,0.2428968815379804,3.661087294794675,3.4181904132566947,0
2023-03-24T17:58:55Z,2023-03-24T17:59:00Z,0.2245652559184692,3.6673433985930015,3.4427781426745323,0
2023-03-24T17:58:55Z,2023-03-24T17:59:00Z,0.197749119856788,3.6645703617462737,3.4668212418894857,0
2023-03-24T17:58:55Z,2023-03-24T17:59:00Z,0.1733802499163022,3.663438945765593,3.490058695849291,0
2023-03-24T17:58:55Z,2023-03-24T17:59:00Z,0.14880607315893046,3.660643184448459,3.5118371112895286,0
2023-03-24T17:58:55Z,2023-03-24T17:59:00Z,0.12683630642506438,3.659021451803076,3.5321851453780115,0
2023-03-24T17:58:55Z,2023-03-24T17:59:00Z,0.09220077271405991,3.643411155188586,3.551210382474526,0
2023-03-24T17:58:55Z,2023-03-24T17:59:00Z,0.06464134058117299,3.633423439789749,3.568782099208576,0
2023-03-24T17:58:55Z,2023-03-24T17:59:00Z,0.04164040640533173,3.625641459084394,3.584001052679062,0
2023-03-24T17:58:55Z,2023-03-24T17:59:00Z,0.010956396931453671,3.6078784211300077,3.596922024198554,0
2023-03-24T17:58:55Z,2023-03-24T17:59:00Z,0.006838103768521009,3.6010096451507447,3.6078477489192657,0
2023-03-24T17:58:55Z,2023-03-24T17:59:00Z,0.022871917294325694,3.5933349650206865,3.616206882315012,0
2023-03-24T17:58:55Z,2023-03-24T17:59:00Z,0.04350906290190393,3.5790800289049844,3.6225890918068884,0
2023-03-24T17:58:55Z,2023-03-24T17:59:00Z,0.06412224737805827,3.5629563020147987,3.627078549392857,0
2023-03-24T17:58:55Z,2023-03-24T17:59:00Z,0.07125258129874101,3.557932743877525,3.629185325176266,0
2023-03-24T17:58:55Z,2023-03-24T17:59:00Z,0.07561506859183176,3.55336532621339,3.6289803948052217,0
2023-03-24T17:58:55Z,2023-03-24T17:59:00Z,0.07998644779830322,3.547280092222281,3.6272665400205844,0
2023-03-24T17:58:55Z,2023-03-24T17:59:00Z,0.08252521647932243,3.541663009268211,3.6241882257475333,0
2023-03-24T17:58:55Z,2023-03-24T17:59:00Z,0.08554309573880392,3.5343397291108305,3.6198828248496344,0
2023-03-24T17:58:55Z,2023-03-24T17:59:00Z,0.09270147187457445,3.52180447265004,3.6145059445246144,0
2023-03-24T17:58:55Z,2023-03-24T17:59:00Z,0.09511184823536345,3.5131734651397553,3.6082853133751187,0
2023-03-24T17:58:55Z,2023-03-24T17:59:00Z,0.09502252499794794,3.5059321135274546,3.6009546385254025,0
2023-03-24T17:58:55Z,2023-03-24T17:59:00Z,0.09417967510267644,3.4986607563988708,3.592840431501547,0
2023-03-24T17:58:55Z,2023-03-24T17:59:00Z,0.10254484466430336,3.481946205352042,3.584491050016345,0
2023-03-24T17:58:55Z,2023-03-24T17:59:00Z,0.10059557024065402,3.475222943493233,3.575818513733887,0
2023-03-24T17:58:55Z,2023-03-24T17:59:00Z,0.10358129792691795,3.4628321116439995,3.5664134095709175,0
2023-03-24T17:58:55Z,2023-03-24T17:59:00Z,0.09701947311835157,3.4597203307520474,3.556739803870399,0
2023-03-24T17:58:55Z,2023-03-24T17:59:00Z,0.09728639139904915,3.449949252284793,3.5472356436838424,0
2023-03-24T17:58:55Z,2023-03-24T17:59:00Z,0.08610571872165274,3.451987656065468,3.538093374787121,0
2023-03-24T17:58:55Z,2023-03-24T17:59:00Z,0.07404415612891269,3.454802260405597,3.5288464165345097,0
2023-03-24T17:58:55Z,2023-03-24T17:59:00Z,0.0700894696587131,3.4505521697671373,3.5206416394258504,0
2023-03-24T17:58:55Z,2023-03-24T17:59:00Z,0.06470308440277428,3.4482434295101734,3.5129465139129477,0
2023-03-24T17:58:55Z,2023-03-24T17:59:00Z,0.054381722608002114,3.4510499073442333,3.5054316299522355,0
2023-03-24T17:58:55Z,2023-03-24T17:59:00Z,0.04367873623279683,3.454866756909185,3.498545493141982,0
2023-03-24T17:58:55Z,2023-03-24T17:59:00Z,0.0376067600591945,3.4550489228369674,3.492655682896162,0
2023-03-24T17:58:55Z,2023-03-24T17:59:00Z,0.032801216333075534,3.4544299409331742,3.4872311572662498,0
2023-03-24T17:58:55Z,2023-03-24T17:59:00Z,0.02505406622292128,3.457002543497201,3.4820566097201224,0
2023-03-24T17:58:55Z,2023-03-24T17:59:00Z,0.01485746384307074,3.4623122958092036,3.4771697596522744,0
2023-03-24T17:58:55Z,2023-03-24T17:59:00Z,0.008226775594504243,3.4644871700698223,3.4727139456643266,0
2023-03-24T17:58:55Z,2023-03-24T17:59:00Z,0.0003583387452228415,3.4692813668673583,3.4689230281221355,0
2023-03-24T17:58:55Z,2023-03-24T17:59:00Z,0.0007471376151912956,3.466653465601526,3.465906327986335,0
2023-03-24T17:58:55Z,2023-03-24T17:59:00Z,0.0016031287369160374,3.4651993462878616,3.4635962175509456,0
2023-03-24T17:58:55Z,2023-03-24T17:59:00Z,0.008596285734367104,3.4701252060260526,3.4615289202916855,0
2023-03-24T17:58:55Z,2023-03-24T17:59:00Z,0.01515909463819165,3.4749268880819297,3.459767793443738,0
2023-03-24T17:58:55Z,2023-03-24T17:59:00Z,0.02239782012393121,3.481543455708407,3.4591456355844756,0
2023-03-24T17:58:55Z,2023-03-24T17:59:00Z,0.028251327406521032,3.487381381127243,3.459130053720722,0
2023-03-24T17:58:55Z,2023-03-24T17:59:00Z,0.024047041694109872,3.4841619029971698,3.46011486130306,0
2023-03-24T17:58:55Z,2023-03-24T17:59:00Z,0.022769193878869665,3.484339899938519,3.4615707060596494,0
2023-03-24T17:58:55Z,2023-03-24T17:59:00Z,0.027361844309418792,3.4907332161960345,3.4633713718866157,0
2023-03-24T17:58:55Z,2023-03-24T17:59:00Z,0.030849017170055948,3.4959231387342014,3.4650741215641454,0
2023-03-24T17:58:55Z,2023-03-24T17:59:00Z,0.04562093015152602,3.51258615465201,3.466965224500484,0
2023-03-24T17:58:55Z,2023-03-24T17:59:00Z,0.039568445782685036,3.5089216160182777,3.4693531702355926,0
2023-03-24T17:58:55Z,2023-03-24T17:59:00Z,0.04004620872139686,3.512785838174981,3.472739629453584,0
2023-03-24T17:58:55Z,2023-03-24T17:59:00Z,0.04984737074329049,3.5256328796007717,3.475785508857481,0
2023-03-24T17:58:55Z,2023-03-24T17:59:00Z,0.07249706791084831,3.5513309494665295,3.478833881555681,0
2023-03-24T17:58:55Z,2023-03-24T17:59:00Z,0.07494075487951646,3.5574895815280296,3.482548826648513,0
2023-03-24T17:58:55Z,2023-03-24T17:59:00Z,0.07353749592514358,3.561186375654359,3.4876488797292153,0
2023-03-24T17:58:55Z,2023-03-24T17:59:00Z,0.077258785457198,3.57019645666172,3.492937671204522,0
2023-03-24T17:58:55Z,2023-03-24T17:59:00Z,0.07547179934787573,3.573613369491617,3.498141570143741,0
2023-03-24T17:58:55Z,2023-03-24T17:59:00Z,0.07243156384176386,3.5761367806482367,3.503705216806473,0
2023-03-24T17:58:55Z,2023-03-24T17:59:00Z,0.07173508590757738,3.5809314607469056,3.5091963748393282,0
2023-03-24T17:58:55Z,2023-03-24T17:59:00Z,0.07327662340372898,3.588235277982358,3.514958654578629,0
2023-03-24T17:58:55Z,2023-03-24T17:59:00Z,0.06796619844523732,3.5890160169427636,3.5210498184975263,0
2023-03-24T17:58:55Z,2023-03-24T17:59:00Z,0.06137899247564471,3.588645130549818,3.5272661380741734,0
2023-03-24T17:58:55Z,2023-03-24T17:59:00Z,0.06088468737310393,3.5941555164399532,3.5332708290668493,0
2023-03-24T17:58:55Z,2023-03-24T17:59:00Z,0.05545213290744089,3.5943598922291007,3.53890775932166,0
2023-03-24T17:58:55Z,2023-03-24T17:59:00Z,0.05167580457943011,3.596203255233338,3.544527450653908,0
2023-03-24T17:58:55Z,2023-03-24T17:59:00Z,0.046509406078814486,3.5968367509028245,3.55032734482401,0
2023-03-24T17:58:55Z,2023-03-24T17:59:00Z,0.040300632253127855,3.5965155220926546,3.5562148898395267,0
2023-03-24T17:58:55Z,2023-03-24T17:59:00Z,0.03946149245127506,3.601260778854317,3.561799286403042,0
2023-03-24T17:58:55Z,2023-03-24T17:59:00Z,0.03573090462601547,3.602824526995292,3.5670936223692764,0
2023-03-24T17:58:55Z,2023-03-24T17:59:00Z,0.03683809491613754,3.6085988027697455,3.571760707853608,0
2023-03-24T17:58:55Z,2023-03-24T17:59:00Z,0.031399356323002614,3.608102322649085,3.5767029663260823,0
2023-03-24T17:58:55Z,2023-03-24T17:59:00Z,0.029237752336241485,3.6109835062725755,3.581745753936334,0
2023-03-24T17:58:55Z,2023-03-24T17:59:00Z,0.026807813956680526,3.612894064895557,3.5860862509388767,0
2023-03-24T17:58:55Z,2023-03-24T17:59:00Z,0.031963309951482,3.6211891691433085,3.5892258591918265,0
2023-03-24T17:58:55Z,2023-03-24T17:59:00Z,0.02977980545916159,3.621921690091384,3.5921418846322224,0
2023-03-24T17:58:55Z,2023-03-24T17:59:00Z,0.02723394395663936,3.622533870351438,3.5952999263947985,0
2023-03-24T17:58:55Z,2023-03-24T17:59:00Z,0.027746379520051434,3.6257686866216745,3.598022307101623,0
2023-03-24T17:58:55Z,2023-03-24T17:59:00Z,0.017822083072879025,3.61841915337765,3.600597070304771,0
2023-03-24T17:58:55Z,2023-03-24T17:59:00Z,0.02003138068851129,3.6232406565708315,3.60320927588232,0
2023-03-24T17:58:55Z,2023-03-24T17:59:00Z,0.013957733359643232,3.6191400456962133,3.60518231233657,0
2023-03-24T17:58:55Z,2023-03-24T17:59:00Z,0.007232564979088085,3.6142572656624203,3.6070247006833323,0
2023-03-24T17:58:55Z,2023-03-24T17:59:00Z,0.005120344044940328,3.6137305199258227,3.6086101758808824,0
2023-03-24T17:58:55Z,2023-03-24T17:59:00Z,0.007696267508127352,3.617654450500199,3.6099581829920715,0
2023-03-24T17:58:55Z,2023-03-24T17:59:00Z,0.009717629356101654,3.6207060756895353,3.6109884463334336,0
2023-03-24T17:58:55Z,2023-03-24T17:59:00Z,0.0047727125324636965,3.6169871882485864,3.6122144757161228,0
2023-03-24T17:58:55Z,2023-03-24T17:59:00Z,0.005888939454289144,3.6193930372996856,3.6135040978453965,0
2023-03-24T17:58:55Z,2023-03-24T17:59:00Z,0.006925194387723543,3.621489841567107,3.6145646471793835,0
2023-03-24T17:58:55Z,2023-03-24T17:59:00Z,0.007967400375790579,3.623736127302913,3.6157687269271226,0
2023-03-24T17:58:55Z,2023-03-24T17:59:00Z,0.0025237421864803267,3.619357156624802,3.6168334144383216,0
2023-03-24T17:58:55Z,2023-03-24T17:59:00Z,0.009990894549454676,3.627924919530283,3.6179340249808285,0
2023-03-24T17:58:55Z,2023-03-24T17:59:00Z,0.001966020134836821,3.6204662742659304,3.6185002541310936,0
2023-03-24T17:58:55Z,2023-03-24T17:59:00Z,0.004359521128345367,3.615184027575444,3.6195435487037892,0
2023-03-24T17:58:55Z,2023-03-24T17:59:00Z,0.006320177174049757,3.613722464582021,3.6200426417560707,0
2023-03-24T17:58:55Z,2023-03-24T17:59:00Z,0.014514468086528343,3.605648698021115,3.6201631661076434,0
2023-03-24T17:58:55Z,2023-03-24T17:59:00Z,0.016946727119052873,3.6028234545379965,3.6197701816570493,0
2023-03-24T17:58:55Z,2023-03-24T17:59:00Z,0.017206230346091367,3.601707478044102,3.618913708390193,0
2023-03-24T17:58:55Z,2023-03-24T17:59:00Z,0.016441754247681573,3.6014345638365413,3.617876318084223,0
2023-03-24T17:58:55Z,2023-03-24T17:59:00Z,0.004220909240725046,3.612389029444678,3.616609938685403,0
2023-03-24T17:58:55Z,2023-03-24T17:59:00Z,0.01008012338099773,3.6056358895390845,3.6157160129200823,0
2023-03-24T17:58:55Z,2023-03-24T17:59:00Z,0.014222812974212573,3.600922061676072,3.6151448746502846,0
2023-03-24T17:58:55Z,2023-03-24T17:59:00Z,0.026469834382085722,3.587964295207297,3.614434129589383,0
2023-03-24T17:58:55Z,2023-03-24T17:59:00Z,0.019348963378331696,3.594383313369664,3.613732276747996,0
2023-03-24T17:58:55Z,2023-03-24T17:59:00Z,0.006469356072877908,3.605906803584669,3.612376159657547,0
2023-03-24T17:58:55Z,2023-03-24T17:59:00Z,0.0015122464881454079,3.609639116478321,3.611151362966466,0
2023-03-24T17:58:55Z,2023-03-24T17:59:00Z,0.004281430133394437,3.6146538840417097,3.6103724539083153,0
2023-03-24T17:58:55Z,2023-03-24T17:59:00Z,0.0028760002280630026,3.6128617135168906,3.6099857132888276,0
2023-03-24T17:58:55Z,2023-03-24T17:59:00Z,0.012751837085129836,3.6224881212551168,3.609736284169987,0
2023-03-24T17:58:55Z,2023-03-24T17:59:00Z,0.011178893430591419,3.6204610655979352,3.609282172167344,0
2023-03-24T17:58:55Z,2023-03-24T17:59:00Z,0.011935836493448537,3.6211523241319608,3.609216487638512,0
2023-03-24T17:58:55Z,2023-03-24T17:59:00Z,0.012097520446441301,3.6213721085572237,3.6092745881107824,0
2023-03-24T17:58:55Z,2023-03-24T17:59:00Z,0.002913598258836636,3.6118317339802335,3.608918135721397,0
2023-03-24T17:58:55Z,2023-03-24T17:59:00Z,0.012092843007837306,3.5968729682025753,3.6089658112104126,0
2023-03-24T17:58:55Z,2023-03-24T17:59:00Z,0.024102213109162385,3.5846871615962397,3.608789374705402,0
2023-03-24T17:58:55Z,2023-03-24T17:59:00Z,0.02724571180866242,3.580656847297821,3.6079025591064835,0
2023-03-24T17:58:55Z,2023-03-24T17:59:00Z,0.030338226745381114,3.5764610936018983,3.6067993203472795,0
2023-03-24T17:58:55Z,2023-03-24T17:59:00Z,0.03718867836148432,3.5684439784468385,3.605632656808323,0
2023-03-24T17:58:55Z,2023-03-24T17:59:00Z,0.042510736202184596,3.561793163530233,3.6043038997324177,0
2023-03-24T17:58:55Z,2023-03-24T17:59:00Z,0.047125250879705316,3.5554423022532546,3.60256755313296,0
2023-03-24T17:58:55Z,2023-03-24T17:59:00Z,0.05808134391171249,3.541823268909961,3.5999046128216734,0
2023-03-24T17:58:55Z,2023-03-24T17:59:00Z,0.06101511667035542,3.536247728399432,3.597262845069787,0
2023-03-24T17:58:55Z,2023-03-24T17:59:00Z,0.06776834966188128,3.526384032630742,3.594152382292623,0
2023-03-24T17:58:55Z,2023-03-24T17:59:00Z,0.0754613452443742,3.5159691124794143,3.5914304577237885,0
2023-03-24T17:58:55Z,2023-03-24T17:59:00Z,0.07341623770108674,3.5144353105101267,3.5878515482112134,0
2023-03-24T17:58:55Z,2023-03-24T17:59:00Z,0.07398239788974648,3.5091355876317163,3.5831179855214628,0
2023-03-24T17:58:55Z,2023-03-24T17:59:00Z,0.0726315159881894,3.5054757429033687,3.578107258891558,0
2023-03-24T17:58:55Z,2023-03-24T17:59:00Z,0.0673219919886785,3.5052316723549852,3.5725536643436637,0
2023-03-24T17:58:55Z,2023-03-24T17:59:00Z,0.06606913632889899,3.5008326348245795,3.5669017711534785,0
2023-03-24T17:58:55Z,2023-03-24T17:59:00Z,0.06549083318173343,3.4952395459243695,3.560730379106103,0
2023-03-24T17:58:55Z,2023-03-24T17:59:00Z,0.06496860606115762,3.489465539846347,3.554434145907505,0
2023-03-24T17:58:55Z,2023-03-24T17:59:00Z,0.06052119282608315,3.487285964754707,3.5478071575807903,0
2023-03-24T17:58:55Z,2023-03-24T17:59:00Z,0.05421900361626175,3.4866457029797457,3.5408647065960075,0
2023-03-24T17:58:55Z,2023-03-24T17:59:00Z,0.05378400707374942,3.4805256590367044,3.534309666110454,0
2023-03-24T17:58:55Z,2023-03-24T17:59:00Z,0.04911257053184315,3.4793956605668823,3.5285082310987255,0
2023-03-24T17:58:55Z,2023-03-24T17:59:00Z,0.050036522661801364,3.472989524091685,3.523026046753486,0
2023-03-24T17:58:55Z,2023-03-24T17:59:00Z,0.04631189691624105,3.4713846136935116,3.5176965106097526,0
2023-03-24T17:58:55Z,2023-03-24T17:59:00Z,0.0439293561618066,3.4683212823684615,3.512250638530268,0
2023-03-24T17:58:55Z,2023-03-24T17:59:00Z,0.0434665744783147,3.4636756764333576,3.5071422509116723,0
2023-03-24T17:58:55Z,2023-03-24T17:59:00Z,0.04724152836226336,3.454981149856684,3.5022226782189474,0
2023-03-24T17:58:55Z,2023-03-24T17:59:00Z,0.03886297003068906,3.4585298857766844,3.4973928558073735,0
2023-03-24T17:58:55Z,2023-03-24T17:59:00Z,0.037832687727971326,3.4549895302344926,3.492822217962464,0
2023-03-24T17:58:55Z,2023-03-24T17:59:00Z,0.02811504955288946,3.460616755639956,3.4887318051928453,0
2023-03-24T17:58:55Z,2023-03-24T17:59:00Z,0.02319450074759688,3.4617796990559726,3.4849741998035695,0
2023-03-24T17:58:55Z,2023-03-24T17:59:00Z,0.02775191420856027,3.454309003656091,3.482060917864651,0
2023-03-24T17:58:55Z,2023-03-24T17:59:00Z,0.03347935473066066,3.445810215162718,3.479289569893379,0
2023-03-24T17:58:55Z,2023-03-24T17:59:00Z,0.0329682786516714,3.4434356815587805,3.476403960210452,0
2023-03-24T17:58:55Z,2023-03-24T17:59:00Z,0.02000147343098302,3.453262195845751,3.473263669276734,0
2023-03-24T17:58:55Z,2023-03-24T17:59:00Z,0.016930018063761487,3.4530812306447505,3.470011248708512,0
2023-03-24T17:58:55Z,2023-03-24T17:59:00Z,0.024584375214518506,3.442923166179318,3.4675075413938363,0
2023-03-24T17:58:55Z,2023-03-24T17:59:00Z,0.02846944091042003,3.43681924178449,3.46528868269491,0
2023-03-24T17:58:55Z,2023-03-24T17:59:00Z,0.04130927143517127,3.4215298126456846,3.462839084080856,0
2023-03-24T17:58:55Z,2023-03-24T17:59:00Z,0.0636400496253362,3.396542891141297,3.460182940766633,0
2023-03-24T17:58:55Z,2023-03-24T17:59:00Z,0.07703513490557734,3.379720653738211,3.4567557886437883,0
2023-03-24T17:58:55Z,2023-03-24T17:59:00Z,0.07337753328260366,3.378958109682479,3.4523356429650827,0
2023-03-24T17:58:55Z,2023-03-24T17:59:00Z,0.0737730657448794,3.37331652422922,3.4470895899740994,0
2023-03-24T17:58:55Z,2023-03-24T17:59:00Z,0.07944084869540724,3.3626997194676815,3.4421405681630888,0
2023-03-24T17:58:55Z,2023-03-24T17:59:00Z,0.08789199065311548,3.349087099117116,3.4369790897702317,0
2023-03-24T17:58:55Z,2023-03-24T17:59:00Z,0.10155268593135558,3.3298673742125193,3.431420060143875,0
2023-03-24T17:58:55Z,2023-03-24T17:59:00Z,0.10980675450954847,3.31558232788084,3.4253890823903883,0
2023-03-24T17:58:55Z,2023-03-24T17:59:00Z,0.11837001289499494,3.300434133935174,3.418804146830169,0
2023-03-24T17:58:55Z,2023-03-24T17:59:00Z,0.12855165741883123,3.2827289337326087,3.41128059115144,0
2023-03-24T17:58:55Z,2023-03-24T17:59:00Z,0.1298225555115411,3.2733235410978296,3.4031460966093707,0
2023-03-24T17:58:55Z,2023-03-24T17:59:00Z,0.1272177555354692,3.26656582413141,3.3937835796668794,0
2023-03-24T17:58:55Z,2023-03-24T17:59:00Z,0.12032753746408087,3.2635372970471064,3.3838648345111872,0
2023-03-24T17:58:55Z,2023-03-24T17:59:00Z,0.11373033476488237,3.2602532797713213,3.3739836145362037,0
2023-03-24T17:58:55Z,2023-03-24T17:59:00Z,0.10557488638192414,3.258815416674511,3.3643903030564353,0
2023-03-24T17:58:55Z,2023-03-24T17:59:00Z,0.08871863137270264,3.2660304926422876,3.3547491240149903,0
2023-03-24T17:58:55Z,2023-03-24T17:59:00Z,0.0713164515778617,3.273198631428115,3.3445150830059767,0
2023-03-24T17:58:55Z,2023-03-24T17:59:00Z,0.06744291513742784,3.2672273921842088,3.3346703073216366,0
2023-03-24T17:58:55Z,2023-03-24T17:59:00Z,0.06221725932020261,3.263520177751371,3.3257374370715738,0
2023-03-24T17:58:55Z,2023-03-24T17:59:00Z,0.05594151501668643,3.26087003523382,3.3168115502505064,0
2023-03-24T17:58:55Z,2023-03-24T17:59:00Z,0.059416842847832996,3.2490784108292887,3.3084952536771217,0
2023-03-24T17:58:55Z,2023-03-24T17:59:00Z,0.06265507909900325,3.238699497951409,3.3013545770504122,0
2023-03-24T17:58:55Z,2023-03-24T17:59:00Z,0.06250175386485113,3.231976915664039,3.2944786695288903,0
2023-03-24T17:58:55Z,2023-03-24T17:59:00Z,0.056068754669613696,3.231027882662904,3.287096637332518,0
2023-03-24T17:58:55Z,2023-03-24T17:59:00Z,0.05613780850131045,3.223519902064619,3.2796577105659295,0
2023-03-24T17:58:55Z,2023-03-24T17:59:00Z,0.04568777526924972,3.227039838622744,3.272727613891994,0
2023-03-24T17:58:55Z,2023-03-24T17:59:00Z,0.0470087246613744,3.219110089385751,3.2661188140471253,0
2023-03-24T17:58:55Z,2023-03-24T17:59:00Z,0.04363500721526714,3.2170718312745015,3.2607068384897686,0
2023-03-24T17:58:55Z,2023-03-24T17:59:00Z,0.04302915870597923,3.212600193547206,3.255629352253185,0
2023-03-24T17:58:55Z,2023-03-24T17:59:00Z,0.04100970358008604,3.2102321590593794,3.2512418626394655,0
2023-03-24T17:58:55Z,2023-03-24T17:59:00Z,0.042345128998752646,3.2052057473151656,3.2475508763139183,0
2023-03-24T17:58:55Z,2023-03-24T17:59:00Z,0.04321948872106729,3.2010107885381953,3.2442302772592626,0
2023-03-24T17:58:55Z,2023-03-24T17:59:00Z,0.04303134817112442,3.1979694513609673,3.2410007995320917,0
2023-03-24T17:58:55Z,2023-03-24T17:59:00Z,0.040343547544158476,3.1973663831190433,3.237709930663202,0
2023-03-24T17:58:55Z,2023-03-24T17:59:00Z,0.035910122487385454,3.198521711943693,3.2344318344310783,0
2023-03-24T17:58:55Z,2023-03-24T17:59:00Z,0.038654297548356364,3.192543377221908,3.2311976747702644,0
2023-03-24T17:58:55Z,2023-03-24T17:59:00Z,0.04006477009873066,3.1875798109505546,3.2276445810492853,0
2023-03-24T17:58:55Z,2023-03-24T17:59:00Z,0.03645415385739792,3.186945413812613,3.223399567670011,0
2023-03-24T17:58:55Z,2023-03-24T17:59:00Z,0.03918053463317017,3.1800270550771748,3.219207589710345,0
2023-03-24T17:58:55Z,2023-03-24T17:59:00Z,0.03840079429157539,3.176776544685151,3.2151773389767264,0
2023-03-24T17:58:55Z,2023-03-24T17:59:00Z,0.03472939629104799,3.1761930489932237,3.2109224452842717,0
2023-03-24T17:58:55Z,2023-03-24T17:59:00Z,0.034663023652250935,3.1724540602560136,3.2071170839082646,0
2023-03-24T17:58:55Z,2023-03-24T17:59:00Z,0.03452292543727031,3.169304345367932,3.2038272708052022,0
2023-03-24T17:58:55Z,2023-03-24T17:59:00Z,0.041007742774715084,3.1596867461669067,3.200694488941622,0
2023-03-24T17:58:55Z,2023-03-24T17:59:00Z,0.03570987923752966,3.161736002478041,3.197445881715571,0
2023-03-24T17:58:55Z,2023-03-24T17:59:00Z,0.031560687311374735,3.162525554620106,3.1940862419314806,0
2023-03-24T17:58:55Z,2023-03-24T17:59:00Z,0.031489190013946455,3.159160007909918,3.1906491979238645,0
2023-03-24T17:58:55Z,2023-03-24T17:59:00Z,0.022937137770953075,3.1647339267441934,3.1876710645151465,0
2023-03-24T17:58:55Z,2023-03-24T17:59:00Z,0.011781797614947909,3.1728412761967992,3.184623073811747,0
2023-03-24T17:58:55Z,2023-03-24T17:59:00Z,0.009221777649326857,3.1728820189622615,3.1821037966115884,0
2023-03-24T17:58:55Z,2023-03-24T17:59:00Z,0.0136579629630873,3.166477892445207,3.1801358554082944,0
2023-03-24T17:58:55Z,2023-03-24T17:59:00Z,0.012999051264964478,3.165435555282651,3.1784346065476154,0
2023-03-24T17:58:55Z,2023-03-24T17:59:00Z,0.016773798878421786,3.159843286822195,3.1766170857006166,0
2023-03-24T17:58:55Z,2023-03-24T17:59:00Z,0.009479281420348595,3.165425493960356,3.1749047753807047,0
2023-03-24T17:58:55Z,2023-03-24T17:59:00Z,0.000939062900839005,3.1738689384764465,3.1729298755756075,0
2023-03-24T17:58:55Z,2023-03-24T17:59:00Z,0.007578829759829375,3.1787667991257877,3.1711879693659584,0
2023-03-24T17:58:55Z,2023-03-24T17:59:00Z,0.018292589682099347,3.1884976938509277,3.1702051041688284,0
2023-03-24T17:58:55Z,2023-03-24T17:59:00Z,0.024650645783133918,3.194391907224343,3.1697412614412093,0
2023-03-24T17:58:55Z,2023-03-24T17:59:00Z,0.03155236246353965,3.2013753228541337,3.169822960390594,0
2023-03-24T17:58:55Z,2023-03-24T17:59:00Z,0.04077005598285499,3.2113490612233004,3.1705790052404454,0
2023-03-24T17:58:55Z,2023-03-24T17:59:00Z,0.04324317953159529,3.2151168573072497,3.1718736777756544,0
2023-03-24T17:58:55Z,2023-03-24T17:59:00Z,0.04223590776244146,3.2159599019712584,3.173723994208817,0
2023-03-24T17:58:55Z,2023-03-24T17:59:00Z,0.03896177664366185,3.214931181223596,3.1759694045799343,0
2023-03-24T17:58:55Z,2023-03-24T17:59:00Z,0.025219561705694282,3.2036445218963303,3.178424960190636,0
2023-03-24T17:58:55Z,2023-03-24T17:59:00Z,0.025061149173589037,3.2063937112093144,3.1813325620357253,0
2023-03-24T17:58:55Z,2023-03-24T17:59:00Z,0.024007671473823322,3.2075459450578796,3.1835382735840563,0
2023-03-24T17:58:55Z,2023-03-24T17:59:00Z,0.025349104827820934,3.2111962287586775,3.1858471239308566,0
2023-03-24T17:58:55Z,2023-03-24T17:59:00Z,0.026898024751537353,3.2152917769533387,3.1883937522018013,0
2023-03-24T17:58:55Z,2023-03-24T17:59:00Z,0.030349457922567602,3.2211885944409215,3.190839136518354,0
2023-03-24T17:58:55Z,2023-03-24T17:59:00Z,0.043321717249242386,3.236395090649519,3.1930733734002765,0
2023-03-24T17:58:55Z,2023-03-24T17:59:00Z,0.04531804276126117,3.24093386750252,3.195615824741259,0
2023-03-24T17:58:55Z,2023-03-24T17:59:00Z,0.04871674177766261,3.24801241905599,3.1992956772783274,0
2023-03-24T17:58:55Z,2023-03-24T17:59:00Z,0.05302751091503177,3.2562967835733527,3.203269272658321,0
2023-03-24T17:58:55Z,2023-03-24T17:59:00Z,0.05380958773732658,3.261719341039531,3.2079097533022045,0
2023-03-24T17:58:55Z,2023-03-24T17:59:00Z,0.06831575743903295,3.2810082101945532,3.2126924527555203,0
2023-03-24T17:58:55Z,2023-03-24T17:59:00Z,0.07133285015450719,3.288649008308085,3.2173161581535776,0
2023-03-24T17:58:55Z,2023-03-24T17:59:00Z,0.07311014694502438,3.295807431996958,3.2226972850519338,0
2023-03-24T17:58:55Z,2023-03-24T17:59:00Z,0.07877287329429272,3.306741280159761,3.227968406865468,0
2023-03-24T17:58:55Z,2023-03-24T17:59:00Z,0.08380057255571893,3.3171066386197454,3.2333060660640265,0
2023-03-24T17:58:55Z,2023-03-24T17:59:00Z,0.0892577268214847,3.3281093695858073,3.2388516427643226,0
2023-03-24T17:58:55Z,2023-03-24T17:59:00Z,0.09078132148821405,3.3351991525365605,3.2444178310483465,0
2023-03-24T17:58:55Z,2023-03-24T17:59:00Z,0.09386659622314619,3.3442314016019434,3.2503648053787972,0
2023-03-24T17:58:55Z,2023-03-24T17:59:00Z,0.09038174741318539,3.347022302821735,3.25664055540855,0
2023-03-24T17:58:55Z,2023-03-24T17:59:00Z,0.08909603842612768,3.3525418685914326,3.263445830165305,0
2023-03-24T17:58:55Z,2023-03-24T17:59:00Z,0.09306750502531091,3.3640595341866897,3.2709920291613788,0
2023-03-24T17:58:55Z,2023-03-24T17:59:00Z,0.09519374605367137,3.3738777834983193,3.278684037444648,0
2023-03-24T17:58:55Z,2023-03-24T17:59:00Z,0.0950785698626273,3.3820001646298437,3.2869215947672163,0
2023-03-24T17:58:55Z,2023-03-24T17:59:00Z,0.09404264398471351,3.3895264258434903,3.2954837818587768,0
2023-03-24T17:58:55Z,2023-03-24T17:59:00Z,0.09195958304372276,3.3962174905696845,3.3042579075259617,0
2023-03-24T17:58:55Z,2023-03-24T17:59:00Z,0.08762714233053348,3.4007449357197883,3.313117793389255,0
2023-03-24T17:58:55Z,2023-03-24T17:59:00Z,0.08516405867832422,3.406693557326535,3.3215294986482107,0
2023-03-24T17:58:55Z,2023-03-24T17:59:00Z,0.07782314755888375,3.4077637550606346,3.329940607501751,0
2023-03-24T17:58:55Z,2023-03-24T17:59:00Z,0.07640477593360595,3.4146970222917012,3.3382922463580953,0
2023-03-24T17:58:55Z,2023-03-24T17:59:00Z,0.07154294789747606,3.417807140123323,3.346264192225847,0
2023-03-24T17:58:55Z,2023-03-24T17:59:00Z,0.0689156113252194,3.423231260459075,3.3543156491338557,0
2023-03-24T17:58:55Z,2023-03-24T17:59:00Z,0.062229919123265365,3.4237455119375833,3.361515592814318,0
2023-03-24T17:58:55Z,2023-03-24T17:59:00Z,0.05751762185199372,3.426116491095311,3.3685988692433173,0
2023-03-24T17:58:55Z,2023-03-24T17:59:00Z,0.0598382363689387,3.435170688767026,3.375332452398087,0
2023-03-24T17:58:55Z,2023-03-24T17:59:00Z,0.049885614982861703,3.431500973219662,3.3816153582368003,0
2023-03-24T17:58:55Z,2023-03-24T17:59:00Z,0.049678380628574104,3.437507636241547,3.387829255612973,0
2023-03-24T17:58:55Z,2023-03-24T17:59:00Z,0.05562883949561215,3.448899758457735,3.393270918962123,0
2023-03-24T17:58:55Z,2023-03-24T17:59:00Z,0.05646930345473278,3.4551248794539604,3.3986555759992276,0
2023-03-24T17:58:55Z,2023-03-24T17:59:00Z,0.06504739733401177,3.4692118342203866,3.404164436886375,0
2023-03-24T17:58:55Z,2023-03-24T17:59:00Z,0.051647802133678145,3.4615018483164848,3.4098540461828066,0
2023-03-24T17:58:55Z,2023-03-24T17:59:00Z,0.04052439958482967,3.456518970274424,3.4159945706895942,0
2023-03-24T17:58:55Z,2023-03-24T17:59:00Z,0.038937953184654095,3.4600610667231853,3.421123113538531,0
2023-03-24T17:58:55Z,2023-03-24T17:59:00Z,0.03237144760303323,3.457844097287675,3.4254726496846417,1
2023-03-24T17:58:55Z,2023-03-24T17:59:00Z,0.03103239380735845,3.4606135120232286,3.42958111821587,1
2023-03-24T17:58:55Z,2023-03-24T17:59:00Z,0.02479248779625598,3.457969272930241,3.433176785133985,1
2023-03-24T17:58:55Z,2023-03-24T17:59:00Z,0.022937322987580888,3.459503372408595,3.436566049421014,1
2023-03-24T17:58:55Z,2023-03-24T17:59:00Z,0.01895573688124097,3.4585335935238577,3.4395778566426167,1
2023-03-24T17:58:55Z,2023-03-24T17:59:00Z,0.023324319601067955,3.4656816401953727,3.4423573205943048,1
2023-03-24T17:58:55Z,2023-03-24T17:59:00Z,0.02078418060049625,3.465813597956023,3.445029417355527,1
2023-03-24T17:58:55Z,2023-03-24T17:59:00Z,0.026286342899961568,3.4739991611977867,3.447712818297825,1
2023-03-24T17:58:55Z,2023-03-24T17:59:00Z,0.02182841812737113,3.4720678921006014,3.4502394739732303,1
2023-03-24T17:58:55Z,2023-03-24T17:59:00Z,0.01867833869281732,3.4715898074417693,3.452911468748952,1
2023-03-24T17:58:55Z,2023-03-24T17:59:00Z,0.01166370932367311,3.4671184612390995,3.4554547519154264,1
2023-03-24T17:58:55Z,2023-03-24T17:59:00Z,0.0023912909497454393,3.4602393753044596,3.457848084354714,1
2023-03-24T17:58:55Z,2023-03-24T17:59:00Z,0.001075321531889717,3.458454224531881,3.4595295460637705,1
2023-03-24T17:58:55Z,2023-03-24T17:59:00Z,0.012245657528138665,3.448796436013778,3.461042093541917,1
2023-03-24T17:58:55Z,2023-03-24T17:59:00Z,0.02350049289685474,3.438644052660344,3.462144545557199,1
2023-03-24T17:58:55Z,2023-03-24T17:59:00Z,0.03441096803707788,3.4277281394967547,3.4621391075338326,1
2023-03-24T17:58:55Z,2023-03-24T17:59:00Z,0.037145475943467066,3.424126219653859,3.461271695597326,1
2023-03-24T17:58:55Z,2023-03-24T17:59:00Z,0.037626058656514694,3.4214622845869362,3.459088343243451,1
2023-03-24T17:58:55Z,2023-03-24T17:59:00Z,0.04626110212077972,3.4108601027720065,3.457121204892786,1
2023-03-24T17:58:55Z,2023-03-24T17:59:00Z,0.05028754501107402,3.4049885711613177,3.4552761161723917,1
2023-03-24T17:58:55Z,2023-03-24T17:59:00Z,0.05198812277459686,3.4006984689793116,3.4526865917539085,1
2023-03-24T17:58:55Z,2023-03-24T17:59:00Z,0.05456868407358506,3.3953360378841997,3.4499047219577847,1
2023-03-24T17:58:55Z,2023-03-24T17:59:00Z,0.05729950276114204,3.3894517958785415,3.4467512986396835,1
2023-03-24T17:58:55Z,2023-03-24T17:59:00Z,0.062302535171958606,3.381152277412671,3.44345481258463,1
2023-03-24T17:58:55Z,2023-03-24T17:59:00Z,0.05581458919821625,3.383953298305884,3.4397678875041002,1
2023-03-24T17:58:55Z,2023-03-24T17:59:00Z,0.0570454401390057,3.3786497465171372,3.435695186656143,1
2023-03-24T17:58:55Z,2023-03-24T17:59:00Z,0.060510411800649866,3.3708832831770987,3.4313936949777486,1
2023-03-24T17:58:55Z,2023-03-24T17:59:00Z,0.06267592295225155,3.3641302008971348,3.4268061238493863,1
2023-03-24T17:58:55Z,2023-03-24T17:59:00Z,0.059887012331688805,3.3614919600429243,3.421378972374613,1
2023-03-24T17:58:55Z,2023-03-24T17:59:00Z,0.05382465769309608,3.3618733835655448,3.415698041258641,1
2023-03-24T17:58:55Z,2023-03-24T17:59:00Z,0.0515617850779142,3.3583416326334197,3.409903417711334,1
2023-03-24T17:58:55Z,2023-03-24T17:59:00Z,0.051784334282524824,3.352579868814411,3.404364203096936,1
2023-03-24T17:58:55Z,2023-03-24T17:59:00Z,0.05239624156738776,3.346604922441599,3.3990011640089866,1
2023-03-24T17:58:55Z,2023-03-24T17:59:00Z,0.05811796788687307,3.3353108616106675,3.3934288294975405,1
2023-03-24T17:58:55Z,2023-03-24T17:59:00Z,0.06427629485442887,3.3237740339287862,3.388050328783215,1
2023-03-24T17:58:55Z,2023-03-24T17:59:00Z,0.0674432950060262,3.315168444774575,3.382611739780601,1
2023-03-24T17:58:55Z,2023-03-24T17:59:00Z,0.07703405430148358,3.300106416765014,3.3771404710664976,1
2023-03-24T17:58:55Z,2023-03-24T17:59:00Z,0.08502011419106603,3.2863857371449425,3.3714058513360086,1
2023-03-24T17:58:55Z,2023-03-24T17:59:00Z,0.09734464887817174,3.2676740515198412,3.365018700398013,1
2023-03-24T17:58:55Z,2023-03-24T17:59:00Z,0.10915717955227677,3.2493102384443113,3.358467417996588,1
2023-03-24T17:58:55Z,2023-03-24T17:59:00Z,0.12010871836282666,3.231131619652631,3.3512403380154576,1
2023-03-24T17:58:55Z,2023-03-24T17:59:00Z,0.13428114159474402,3.2089913948136086,3.3432725364083526,1
2023-03-24T17:58:55Z,2023-03-24T17:59:00Z,0.12331216818222934,3.2113180304244615,3.334630198606691,1
2023-03-24T17:58:55Z,2023-03-24T17:59:00Z,0.10686338199123302,3.218268900769935,3.3251322827611682,1
2023-03-24T17:58:55Z,2023-03-24T17:59:00Z,0.09230779087127283,3.2238858473115686,3.3161936381828414,1
2023-03-24T17:58:55Z,2023-03-24T17:59:00Z,0.0843295433315765,3.2231438634020044,3.307473406733581,1
2023-03-24T17:58:55Z,2023-03-24T17:59:00Z,0.08233195095031842,3.216995987404023,3.2993279383543412,1
2023-03-24T17:58:55Z,2023-03-24T17:59:00Z,0.07010944684880949,3.22144273257,3.2915521794188094,1
2023-03-24T17:58:55Z,2023-03-24T17:59:00Z,0.06131353415829732,3.222494739287191,3.2838082734454885,1
2023-03-24T17:58:55Z,2023-03-24T17:59:00Z,0.05207742699887108,3.224359834474357,3.276437261473228,1
2023-03-24T17:58:55Z,2023-03-24T17:59:00Z,0.04069287505890262,3.2284086682944126,3.2691015433533153,1
2023-03-24T17:58:55Z,2023-03-24T17:59:00Z,0.03670262320922113,3.225347246556775,3.2620498697659963,1
2023-03-24T17:58:55Z,2023-03-24T17:59:00Z,0.035252715412108504,3.22026182801073,3.2555145434228385,1
2023-03-24T17:58:55Z,2023-03-24T17:59:00Z,0.024850583488242428,3.2242819769932893,3.2491325604815318,1
2023-03-24T17:58:55Z,2023-03-24T17:59:00Z,0.018028429432177973,3.22504891875462,3.243077348186798,1
2023-03-24T17:58:55Z,2023-03-24T17:59:00Z,0.00972028298207439,3.228120641155487,3.2378409241375614,1
2023-03-24T17:58:55Z,2023-03-24T17:59:00Z,0.003410576117765629,3.229687215071378,3.2330977911891434,1
2023-03-24T17:58:55Z,2023-03-24T17:59:00Z,0.0060653527461802526,3.235374418903243,3.2293090661570627,1
2023-03-24T17:58:55Z,2023-03-24T17:59:00Z,0.018498724780467768,3.244823658196817,3.226324933416349,1
2023-03-24T17:58:55Z,2023-03-24T17:59:00Z,0.01739879903076158,3.2420237517830786,3.224624952752317,1
2023-03-24T17:58:55Z,2023-03-24T17:59:00Z,0.017844080072557666,3.242232897022375,3.2243888169498174,1
2023-03-24T17:58:55Z,2023-03-24T17:59:00Z,0.020355934460821512,3.2453180215227677,3.224962087061946,1
2023-03-24T17:58:55Z,2023-03-24T17:59:00Z,0.020310518398973354,3.2470221582087495,3.226711639809776,1
2023-03-24T17:58:55Z,2023-03-24T17:59:00Z,0.01865026121448965,3.2471513742399662,3.2285011130254766,1
2023-03-24T17:58:55Z,2023-03-24T17:59:00Z,0.012170793687853454,3.242185236052215,3.2300144423643617,1
2023-03-24T17:58:55Z,2023-03-24T17:59:00Z,0.004309277747689855,3.235548221529336,3.231238943781646,1
2023-03-24T17:58:55Z,2023-03-24T17:59:00Z,0.007480124330505156,3.2247609969590467,3.232241121289552,1
2023-03-24T17:58:55Z,2023-03-24T17:59:00Z,0.010002873053166716,3.223214681611401,3.233217554664568,1
2023-03-24T17:58:55Z,2023-03-24T17:59:00Z,0.009447429960780074,3.223944770197948,3.233392200158728,1
2023-03-24T17:58:55Z,2023-03-24T17:59:00Z,0.007263270282185541,3.2261668215778165,3.233430091860002,1
2023-03-24T17:58:55Z,2023-03-24T17:59:00Z,0.0028554183936289057,3.2305528279781415,3.2334082463717704,1
2023-03-24T17:58:55Z,2023-03-24T17:59:00Z,0.0036515451509258057,3.2296387092883916,3.2332902544393174,1
2023-03-24T17:58:55Z,2023-03-24T17:59:00Z,0.00510916901827807,3.2284550633905855,3.2335642324088636,1
2023-03-24T17:58:55Z,2023-03-24T17:59:00Z,0.003472458898852171,3.2305852935772568,3.234057752476109,1
2023-03-24T17:58:55Z,2023-03-24T17:59:00Z,0.0031978038057784985,3.231079584796504,3.2342773886022824,1
2023-03-24T17:58:55Z,2023-03-24T17:59:00Z,0.00794055923248349,3.2266282175183587,3.234568776750842,1
2023-03-24T17:58:55Z,2023-03-24T17:59:00Z,0.02647505739345135,3.2082494532332335,3.234724510626685,1
2023-03-24T17:58:55Z,2023-03-24T17:59:00Z,0.051878082764933886,3.18268542799054,3.234563510755474,1
2023-03-24T17:58:55Z,2023-03-24T17:59:00Z,0.06607866433336174,3.167057216650006,3.233135880983368,1
2023-03-24T17:58:55Z,2023-03-24T17:59:00Z,0.06307667039816289,3.166788777416454,3.2298654478146167,1
2023-03-24T17:58:55Z,2023-03-24T17:59:00Z,0.05350900947440884,3.172410831227941,3.2259198407023497,1
2023-03-24T17:58:55Z,2023-03-24T17:59:00Z,0.04580023837946312,3.1761488591857328,3.221949097565196,1
2023-03-24T17:58:55Z,2023-03-24T17:59:00Z,0.04059773731610816,3.1775141397072546,3.2181118770233628,1
2023-03-24T17:58:55Z,2023-03-24T17:59:00Z,0.03869541202099969,3.1756862913695727,3.2143817033905724,1
2023-03-24T17:58:55Z,2023-03-24T17:59:00Z,0.03315726622263382,3.177559319560954,3.210716585783588,1
2023-03-24T17:58:55Z,2023-03-24T17:59:00Z,0.01860025614973848,3.188616385176868,3.2072166413266063,1
2023-03-24T17:58:55Z,2023-03-24T17:59:00Z,0.011902911184911602,3.192261682669675,3.2041645938545864,1
2023-03-24T17:58:55Z,2023-03-24T17:59:00Z,0.008373020727434621,3.193889225138616,3.202262245866051,1
2023-03-24T17:58:55Z,2023-03-24T17:59:00Z,0.006968726262392089,3.1936644143961996,3.2006331406585917,1
2023-03-24T17:58:55Z,2023-03-24T17:59:00Z,0.005021222403585046,3.1940300474624097,3.1990512698659948,1
2023-03-24T17:58:55Z,2023-03-24T17:59:00Z,0.0036036794479703538,3.193736937408466,3.1973406168564362,1
2023-03-24T17:58:55Z,2023-03-24T17:59:00Z,7.44307586062476e-05,3.1954927960089514,3.195418365250345,1
2023-03-24T17:58:55Z,2023-03-24T17:59:00Z,0.0042641803993705985,3.1977929787086667,3.193528798309296,1
2023-03-24T17:58:55Z,2023-03-24T17:59:00Z,0.00932177130254308,3.2011157134338584,3.1917939421313153,1
2023-03-24T17:58:55Z,2023-03-24T17:59:00Z,0.019172509611589117,3.209240540434031,3.190068030822442,1
2023-03-24T17:58:55Z,2023-03-24T17:59:00Z,0.018442933331412892,3.206933918292663,3.18849098496125,1
2023-03-24T17:58:55Z,2023-03-24T17:59:00Z,0.017059812820663378,3.2046356568827385,3.187575844062075,1
2023-03-24T17:58:55Z,2023-03-24T17:59:00Z,0.016095052234997187,3.2036016576159896,3.1875066053809924,1
2023-03-24T17:58:55Z,2023-03-24T17:59:00Z,0.011569648273851652,3.2002315288596965,3.188661880585845,1
2023-03-24T17:58:55Z,2023-03-24T17:59:00Z,0.011584254768581381,3.202169526984215,3.1905852722156336,1
2023-03-24T17:58:55Z,2023-03-24T17:59:00Z,0.009968207428536324,3.202313624456972,3.1923454170284358,1
2023-03-24T17:58:55Z,2023-03-24T17:59:00Z,0.006526528482241556,3.2004381926557444,3.193911664173503,1
2023-03-24T17:58:55Z,2023-03-24T17:59:00Z,0.0060278677310803275,3.201316624813596,3.1952887570825155,1
2023-03-24T17:58:55Z,2023-03-24T17:59:00Z,0.006606887959142327,3.20310217414421,3.1964952861850677,1
2023-03-24T17:58:55Z,2023-03-24T17:59:00Z,0.015861498325870027,3.213705749429044,3.197844251103174,1
2023-03-24T17:58:55Z,2023-03-24T17:59:00Z,0.008255604150543494,3.2074442160212575,3.199188611870714,1
2023-03-24T17:58:55Z,2023-03-24T17:59:00Z,0.0074334682878896,3.1930756364382025,3.200509104726092,1
2023-03-24T17:58:55Z,2023-03-24T17:59:00Z,0.01145923371338764,3.1898489517154194,3.201308185428807,1
2023-03-24T17:58:55Z,2023-03-24T17:59:00Z,0.010885079189911107,3.190380285780979,3.20126536497089,1
2023-03-24T17:58:55Z,2023-03-24T17:59:00Z,0.015324871216895186,3.185739679928691,3.201064551145586,1
2023-03-24T17:58:55Z,2023-03-24T17:59:00Z,0.018840041142501374,3.1820324172830095,3.200872458425511,1
2023-03-24T17:58:55Z,2023-03-24T17:59:00Z,0.015619876510517994,3.184831673626584,3.200451550137102,1
2023-03-24T17:58:55Z,2023-03-24T17:59:00Z,0.01428937564887045,3.1854537335026554,3.199743109151526,1
2023-03-24T17:58:55Z,2023-03-24T17:59:00Z,0.01798721727418373,3.181073717925653,3.199060935199837,1
2023-03-24T17:58:55Z,2023-03-24T17:59:00Z,0.018839947864059514,3.1793966726025564,3.198236620466616,1
2023-03-24T17:58:55Z,2023-03-24T17:59:00Z,0.02281137181847992,3.1739427843055896,3.1967541561240695,1
2023-03-24T17:58:55Z,2023-03-24T17:59:00Z,0.031180468880134704,3.164124358523403,3.195304827403538,1
2023-03-24T17:58:55Z,2023-03-24T17:59:00Z,0.03541892906413846,3.1582704839932334,3.193689413057372,1
2023-03-24T17:58:55Z,2023-03-24T17:59:00Z,0.04017183606022945,3.151439824413322,3.1916116604735514,1
2023-03-24T17:58:55Z,2023-03-24T17:59:00Z,0.04815319818278763,3.141249986245161,3.1894031844279485,1
2023-03-24T17:58:55Z,2023-03-24T17:59:00Z,0.0511301207898609,3.135603079292251,3.186733200082112,1
2023-03-24T17:58:55Z,2023-03-24T17:59:00Z,0.0566643367779629,3.126854987608791,3.183519324386754,1
2023-03-24T17:58:55Z,2023-03-24T17:59:00Z,0.06407332029060564,3.1160336297085953,3.180106949999201,1
2023-03-24T17:58:55Z,2023-03-24T17:59:00Z,0.07058395364872494,3.1056039628133814,3.1761879164621063,1
2023-03-24T17:58:55Z,2023-03-24T17:59:00Z,0.07343088535540332,3.0981744761364074,3.1716053614918107,1
2023-03-24T17:58:55Z,2023-03-24T17:59:00Z,0.07576286539856758,3.090152928376629,3.1659157937751967,1
2023-03-24T17:58:55Z,2023-03-24T17:59:00Z,0.07568391978258404,3.0844808350513047,3.1601647548338887,1
2023-03-24T17:58:55Z,2023-03-24T17:59:00Z,0.07145334107433587,3.0832944291247335,3.1547477701990694,1
2023-03-24T17:58:55Z,2023-03-24T17:59:00Z,0.078264094389076,3.07093798545925,3.149202079848326,1
2023-03-24T17:58:55Z,2023-03-24T17:59:00Z,0.08522907154004455,3.058336910589532,3.1435659821295765,1
2023-03-24T17:58:55Z,2023-03-24T17:59:00Z,0.09005743419553669,3.0474663534882795,3.1375237876838162,1
2023-03-24T17:58:55Z,2023-03-24T17:59:00Z,0.09153246248029756,3.0394810353775465,3.131013497857844,1
2023-03-24T17:58:55Z,2023-03-24T17:59:00Z,0.08838817082060313,3.035395573345751,3.1237837441663543,1
2023-03-24T17:58:55Z,2023-03-24T17:59:00Z,0.1040743125307455,3.012026658050077,3.1161009705808227,1
2023-03-24T17:58:55Z,2023-03-24T17:59:00Z,0.1084690243786226,2.9999646754348364,3.108433699813459,1
2023-03-24T17:58:55Z,2023-03-24T17:59:00Z,0.11920963399146212,2.980415117687656,3.099624751679118,1
2023-03-24T17:58:55Z,2023-03-24T17:59:00Z,0.12621917890812107,2.964248830198852,3.090468009106973,1
2023-03-24T17:58:55Z,2023-03-24T17:59:00Z,0.12758545954703715,2.953213642147528,3.080799101694565,1
2023-03-24T17:58:55Z,2023-03-24T17:59:00Z,0.11402904686884163,2.9565583888365463,3.070587435705388,1
2023-03-24T17:58:55Z,2023-03-24T17:59:00Z,0.11044454030030604,2.949709938443724,3.06015447874403,1
2023-03-24T17:58:55Z,2023-03-24T17:59:00Z,0.11060579333334353,2.9398280750207597,3.0504338683541032,1
2023-03-24T17:58:55Z,2023-03-24T17:59:00Z,0.10733288791354356,2.933317130922216,3.0406500188357595,1
2023-03-24T17:58:55Z,2023-03-24T17:59:00Z,0.11737058171809833,2.913435915402501,3.0308064971205995,1
2023-03-24T17:58:55Z,2023-03-24T17:59:00Z,0.12561401107736314,2.8955758282123747,3.021189839289738,1
2023-03-24T17:58:55Z,2023-03-24T17:59:00Z,0.13482593868264603,2.8762497928486237,3.0110757315312697,1
2023-03-24T17:58:55Z,2023-03-24T17:59:00Z,0.12142060881907835,2.8789920359793477,3.000412644798426,1
2023-03-24T17:58:55Z,2023-03-24T17:59:00Z,0.1264724698387707,2.8626821151950237,2.9891545850337944,1
2023-03-24T17:58:55Z,2023-03-24T17:59:00Z,0.1366794590441991,2.8416599260384396,2.9783393850826387,1
2023-03-24T17:58:55Z,2023-03-24T17:59:00Z,0.1444844778323895,2.822243732832896,2.9667282106652855,1
2023-03-24T17:58:55Z,2023-03-24T17:59:00Z,0.14849931377463887,2.8061616306053407,2.9546609443799796,1
2023-03-24T17:58:55Z,2023-03-24T17:59:00Z,0.15143254464472689,2.790802443011219,2.942234987655946,1
2023-03-24T17:58:55Z,2023-03-24T17:59:00Z,0.15847413825859924,2.77106060082456,2.9295347390831594,1
2023-03-24T17:58:55Z,2023-03-24T17:59:00Z,0.17804340202852087,2.73840299008799,2.916446392116511,1
2023-03-24T17:58:55Z,2023-03-24T17:59:00Z,0.18022056316681523,2.7223134619748963,2.9025340251417115,1
2023-03-24T17:58:55Z,2023-03-24T17:59:00Z,0.1797760673903288,2.7083567120691674,2.888132779459496,1
2023-03-24T17:58:55Z,2023-03-24T17:59:00Z,0.17570806800092686,2.6978114896975205,2.8735195576984474,1
2023-03-24T17:58:55Z,2023-03-24T17:59:00Z,0.17648243003307762,2.682718264211765,2.8592006942448425,1
2023-03-24T17:58:55Z,2023-03-24T17:59:00Z,0.17406400750789564,2.671113668815824,2.8451776763237198,1
2023-03-24T17:58:55Z,2023-03-24T17:59:00Z,0.17119917425413567,2.65974190323086,2.8309410774849955,1
2023-03-24T17:58:55Z,2023-03-24T17:59:00Z,0.16840196263991647,2.6475157085281986,2.815917671168115,1
2023-03-24T17:58:55Z,2023-03-24T17:59:00Z,0.1639277522986342,2.636728443331962,2.800656195630596,1
2023-03-24T17:58:55Z,2023-03-24T17:59:00Z,0.16553207756704902,2.6197392566692015,2.7852713342362505,1
2023-03-24T17:58:55Z,2023-03-24T17:59:00Z,0.17187884387159347,2.597782559438854,2.7696614033104474,1
2023-03-24T17:58:55Z,2023-03-24T17:59:00Z,0.18560083508005887,2.5686028493496886,2.7542036844297475,1
2023-03-24T17:58:55Z,2023-03-24T17:59:00Z,0.19623803549125718,2.5422923190030424,2.7385303544942996,1
2023-03-24T17:58:55Z,2023-03-24T17:59:00Z,0.2048239598120456,2.517514450287573,2.7223384100996184,1
2023-03-24T17:58:55Z,2023-03-24T17:59:00Z,0.21797205791646768,2.4866453144475558,2.7046173723640234,1
2023-03-24T17:58:55Z,2023-03-24T17:59:00Z,0.26278963025037694,2.423661022907991,2.686450653158368,1
2023-03-24T17:58:55Z,2023-03-24T17:59:00Z,0.3202278960648304,2.347537777536123,2.6677656736009534,1
2023-03-24T17:58:55Z,2023-03-24T17:59:00Z,0.3644761752172432,2.2823114610192414,2.6467876362364846,1
2023-03-24T17:58:55Z,2023-03-24T17:59:00Z,0.3896624613007167,2.2329870774058094,2.622649538706526,1
2023-03-24T17:58:55Z,2023-03-24T17:59:00Z,0.421524187930002,2.1743626675137886,2.5958868554437906,1
2023-03-24T17:58:55Z,2023-03-24T17:59:00Z,0.43247938096202887,2.1350878153544586,2.5675671963164874,1
2023-03-24T17:58:55Z,2023-03-24T17:59:00Z,0.39699203502563396,2.14088882852379,2.537880863549424,1
2023-03-24T17:58:55Z,2023-03-24T17:59:00Z,0.34758496021563756,2.1593892903537637,2.5069742505694013,1
2023-03-24T17:58:55Z,2023-03-24T17:59:00Z,0.3009515535685532,2.1761559662879337,2.477107519856487,1
2023-03-24T17:58:55Z,2023-03-24T17:59:00Z,0.2546092426219837,2.1941602667427267,2.4487695093647104,1
2023-03-24T17:58:55Z,2023-03-24T17:59:00Z,0.20685035597975254,2.215257979810019,2.4221083357897717,1
2023-03-24T17:58:55Z,2023-03-24T17:59:00Z,0.1619210339902506,2.235084491164095,2.3970055251543454,1
2023-03-24T17:58:55Z,2023-03-24T17:59:00Z,0.11994631292655145,2.253665321521434,2.3736116344479856,0
2023-03-24T17:58:55Z,2023-03-24T17:59:00Z,0.0824871089055752,2.269417619365352,2.3519047282709273,0
2023-03-24T17:58:55Z,2023-03-24T17:59:00Z,0.042451035229631895,2.289292476103899,2.331743511333531,0
2023-03-24T17:58:55Z,2023-03-24T17:59:00Z,0.0013162003899154229,2.311989330032886,2.3133055304228014,0
2023-03-24T17:58:55Z,2023-03-24T17:59:00Z,0.043206864024577296,2.340276074271855,2.297069210247278,0
2023-03-24T17:58:55Z,2023-03-24T17:59:00Z,0.08452365032339193,2.3680868858697854,2.2835632355463935,0
2023-03-24T17:58:55Z,2023-03-24T17:59:00Z,0.11750615367515183,2.390436955288325,2.2729308016131733,0
2023-03-24T17:58:55Z,2023-03-24T17:59:00Z,0.13985985772767817,2.404926050687284,2.2650661929596057,0
2023-03-24T17:58:55Z,2023-03-24T17:59:00Z,0.1664077494119649,2.4264103445210847,2.26000259510912,0
2023-03-24T17:58:55Z,2023-03-24T17:59:00Z,0.1877960440233677,2.446812587962977,2.2590165439396093,0
2023-03-24T17:58:55Z,2023-03-24T17:59:00Z,0.2023284278108881,2.4654961594865474,2.2631677316756593,0
2023-03-24T17:58:55Z,2023-03-24T17:59:00Z,0.21431349876001748,2.4861391844853475,2.27182568572533,0
2023-03-24T17:58:55Z,2023-03-24T17:59:00Z,0.23073350978945362,2.5147965156242957,2.284063005834842,0
2023-03-24T17:58:55Z,2023-03-24T17:59:00Z,0.24672011470975486,2.547192410911521,2.3004722962017663,0
2023-03-24T17:58:55Z,2023-03-24T17:59:00Z,0.2417072226455268,2.562164187282548,2.320456964637021,0
2023-03-24T17:58:55Z,2023-03-24T17:59:00Z,0.24898956072544287,2.5908309244355023,2.3418413637100595,0
2023-03-24T17:58:55Z,2023-03-24T17:59:00Z,0.260818350732936,2.623858393228721,2.363040042495785,0
2023-03-24T17:58:55Z,2023-03-24T17:59:00Z,0.2749909041102834,2.6598559444033087,2.3848650402930254,0
2023-03-24T17:58:55Z,2023-03-24T17:59:00Z,0.28648940761347497,2.6939701387741843,2.4074807311607094,0
2023-03-24T17:58:55Z,2023-03-24T17:59:00Z,0.3007298108436465,2.7316104348776875,2.430880624034041,0
2023-03-24T17:58:55Z,2023-03-24T17:59:00Z,0.3148776828380653,2.769910183062111,2.455032500224046,0
2023-03-24T17:58:55Z,2023-03-24T17:59:00Z,0.33542941861040143,2.8156169248005654,2.480187506190164,0
2023-03-24T17:58:55Z,2023-03-24T17:59:00Z,0.3490836506239616,2.8556128706929016,2.50652922006894,0
2023-03-24T17:58:55Z,2023-03-24T17:59:00Z,0.35805277703711136,2.8922832838795607,2.5342305068424493,0
2023-03-24T17:58:55Z,2023-03-24T17:59:00Z,0.36906940916360487,2.93191168130395,2.562842272140345,0
2023-03-24T17:58:55Z,2023-03-24T17:59:00Z,0.3838651061023164,2.9757603892746456,2.591895283172329,0
2023-03-24T17:58:55Z,2023-03-24T17:59:00Z,0.39941454168624135,3.020984814091948,2.6215702724057066,0
2023-03-24T17:58:55Z,2023-03-24T17:59:00Z,0.41613470973547395,3.0685114786667764,2.6523767689313025,0
2023-03-24T17:58:55Z,2023-03-24T17:59:00Z,0.4318869594645074,3.1166878738381607,2.6848009143736533,0
2023-03-24T17:58:55Z,2023-03-24T17:59:00Z,0.4462579316489026,3.1648536425565394,2.718595710907637,0
2023-03-24T17:58:55Z,2023-03-24T17:59:00Z,0.47067233271621545,3.224524637617283,2.7538523049010677,0
2023-03-24T17:58:55Z,2023-03-24T17:59:00Z,0.4989270361817697,3.2895876296654682,2.7906605934836985,0
2023-03-24T17:58:55Z,2023-03-24T17:59:00Z,0.5363914090347532,3.365914394788554,2.8295229857538007,0
2023-03-24T17:58:55Z,2023-03-24T17:59:00Z,0.5680923458077056,3.4383938112478836,2.870301465440178,0
2023-03-24T17:58:55Z,2023-03-24T17:59:00Z,0.5871901584031272,3.5005822545736756,2.9133920961705484,0
2023-03-24T17:58:55Z,2023-03-24T17:59:00Z,0.605455759626222,3.5649652044265245,2.9595094448003025,0
2023-03-24T17:58:55Z,2023-03-24T17:59:00Z,0.615794138013519,3.6231852317684625,3.0073910937549435,0
2023-03-24T17:58:55Z,2023-03-24T17:59:00Z,0.5932822499877153,3.6502052811741224,3.056923031186407,0
2023-03-24T17:58:55Z,2023-03-24T17:59:00Z,0.5117710168550809,3.6193955894817584,3.1076245726266776,0
2023-03-24T17:58:55Z,2023-03-24T17:59:00Z,0.43211484304411796,3.5900675810602665,3.1579527380161485,0
2023-03-24T17:58:55Z,2023-03-24T17:59:00Z,0.35072800933956305,3.555406281808557,3.204678272468994,0
2023-03-24T17:58:55Z,2023-03-24T17:59:00Z,0.2787719039376224,3.5266163552486245,3.247844451311002,0
2023-03-24T17:58:55Z,2023-03-24T17:59:00Z,0.23434357057971456,3.521124303838506,3.2867807332587913,0
2023-03-24T17:58:55Z,2023-03-24T17:59:00Z,0.19461148517588311,3.5167081913060287,3.3220967061301456,0
2023-03-24T17:58:55Z,2023-03-24T17:59:00Z,0.16203466155879864,3.517228263476257,3.3551936019174584,0
2023-03-24T17:58:55Z,2023-03-24T17:59:00Z,0.13449152114465868,3.5204638867464366,3.385972365601778,0
2023-03-24T17:58:55Z,2023-03-24T17:59:00Z,0.102619581436036,3.51709025620632,3.414470674770284,0
2023-03-24T17:58:55Z,2023-03-24T17:59:00Z,0.07314942797284996,3.513908474988107,3.440759047015257,0
2023-03-24T17:58:55Z,2023-03-24T17:59:00Z,0.04681341758277213,3.5111818739422156,3.4643684563594435,0
2023-03-24T17:58:55Z,2023-03-24T17:59:00Z,0.019266362308870466,3.504541166097259,3.4852748037883887,0
2023-03-24T17:58:55Z,2023-03-24T17:59:00Z,0.002742882742196695,3.5007597226980693,3.503502605440266,0
2023-03-24T17:58:55Z,2023-03-24T17:59:00Z,0.023820842955120547,3.4944194745104067,3.5182403174655272,0
2023-03-24T17:58:55Z,2023-03-24T17:59:00Z,0.04348371039597021,3.4858709277554842,3.5293546381514544,0
2023-03-24T17:58:55Z,2023-03-24T17:59:00Z,0.05694339390539582,3.4791746694945767,3.5361180633999725,0
2023-03-24T17:58:55Z,2023-03-24T17:59:00Z,0.06085046443197806,3.477766394573658,3.538616859005636,0
2023-03-24T17:58:55Z,2023-03-24T17:59:00Z,0.07493942513148966,3.462550718869983,3.5374901440014725,0
2023-03-24T17:58:55Z,2023-03-24T17:59:00Z,0.08097854227797407,3.4519221906786113,3.5329007329565854,0
2023-03-24T17:58:55Z,2023-03-24T17:59:00Z,0.07056648425810241,3.4538798006511944,3.524446284909297,0
2023-03-24T17:58:55Z,2023-03-24T17:59:00Z,0.06157576304224621,3.4524345697357077,3.514010332777954,0
2023-03-24T17:58:55Z,2023-03-24T17:59:00Z,0.0589923377763002,3.446306637694782,3.5052989754710824,0
2023-03-24T17:58:55Z,2023-03-24T17:59:00Z,0.061055305385988135,3.436999827383801,3.4980551327697893,0
2023-03-24T17:58:55Z,2023-03-24T17:59:00Z,0.06641216697437313,3.4259008792631125,3.4923130462374856,0
2023-03-24T17:58:55Z,2023-03-24T17:59:00Z,0.06853357129869453,3.419062815577485,3.4875963868761795,0
2023-03-24T17:58:55Z,2023-03-24T17:59:00Z,0.07140525870783909,3.4111793689801617,3.482584627688001,0
2023-03-24T17:58:55Z,2023-03-24T17:59:00Z,0.06610803484390848,3.41133736254259,3.4774453973864983,0
2023-03-24T17:58:55Z,2023-03-24T17:59:00Z,0.0696110220084285,3.402252854615117,3.4718638766235457,0
2023-03-24T17:58:55Z,2023-03-24T17:59:00Z,0.06916083664258998,3.3969595387070695,3.4661203753496594,0
2023-03-24T17:58:55Z,2023-03-24T17:59:00Z,0.0701022407452978,3.3899740608364035,3.4600763015817013,0
2023-03-24T17:58:55Z,2023-03-24T17:59:00Z,0.06466416092642291,3.389256933482592,3.453921094409015,0
2023-03-24T17:58:55Z,2023-03-24T17:59:00Z,0.0631037289304417,3.384438006894057,3.447541735824499,0
2023-03-24T17:58:55Z,2023-03-24T17:59:00Z,0.05955743726086782,3.381916707373385,3.441474144634253,0
2023-03-24T17:58:55Z,2023-03-24T17:59:00Z,0.05632340700693472,3.379028542058686,3.4353519490656206,0
2023-03-24T17:58:55Z,2023-03-24T17:59:00Z,0.05429885397267542,3.375131896822576,3.4294307507952513,0
2023-03-24T17:58:55Z,2023-03-24T17:59:00Z,0.05258900976204117,3.371218457575484,3.423807467337525,0
2023-03-24T17:58:55Z,2023-03-24T17:59:00Z,0.05418220243436922,3.3641493294993663,3.4183315319337355,0
2023-03-24T17:58:55Z,2023-03-24T17:59:00Z,0.055925279343008505,3.356798466432928,3.4127237457759363,0
2023-03-24T17:58:55Z,2023-03-24T17:59:00Z,0.05450451882240026,3.353040206460346,3.4075447252827464,0
2023-03-24T17:58:55Z,2023-03-24T17:59:00Z,0.057032878659715625,3.3455053348206265,3.402538213480342,0
2023-03-24T17:58:55Z,2023-03-24T17:59:00Z,0.061847301450522085,3.3353835649671435,3.3972308664176656,0
2023-03-24T17:58:55Z,2023-03-24T17:59:00Z,0.06686318551556614,3.324739826432885,3.391603011948451,0
2023-03-24T17:58:55Z,2023-03-24T17:59:00Z,0.07434086315164912,3.3114240923374525,3.3857649554891016,0
2023-03-24T17:58:55Z,2023-03-24T17:59:00Z,0.07409067321923724,3.3057658611671847,3.379856534386422,0
2023-03-24T17:58:55Z,2023-03-24T17:59:00Z,0.07301744539988908,3.3008139949378137,3.3738314403377028,0
2023-03-24T17:58:55Z,2023-03-24T17:59:00Z,0.06784643651555688,3.300022006221604,3.367868442737161,0
2023-03-24T17:58:55Z,2023-03-24T17:59:00Z,0.06834132549097305,3.293718413349222,3.362059738840195,0
2023-03-24T17:58:55Z,2023-03-24T17:59:00Z,0.0687539216365054,3.287447114239427,3.3562010358759324,0
2023-03-24T17:58:55Z,2023-03-24T17:59:00Z,0.07051036000139543,3.279978336860543,3.3504886968619383,0
2023-03-24T17:58:55Z,2023-03-24T17:59:00Z,0.06728002076832285,3.277444864279529,3.3447248850478517,0
2023-03-24T17:58:55Z,2023-03-24T17:59:00Z,0.07027065863556459,3.268664977781979,3.3389356364175438,0
2023-03-24T17:58:55Z,2023-03-24T17:59:00Z,0.06486297438082333,3.26818781628919,3.3330507906700135,0
2023-03-24T17:58:55Z,2023-03-24T17:59:00Z,0.06616379023070662,3.2607936831176194,3.326957473348326,0
2023-03-24T17:58:55Z,2023-03-24T17:59:00Z,0.06172241470564632,3.259249327532985,3.320971742238631,0
2023-03-24T17:58:55Z,2023-03-24T17:59:00Z,0.06030246150139673,3.2544463934245464,3.314748854925943,0
2023-03-24T17:58:55Z,2023-03-24T17:59:00Z,0.06375921793010653,3.244890554401647,3.3086497723317536,0
2023-03-24T17:58:55Z,2023-03-24T17:59:00Z,0.06477655094670842,3.237727323271838,3.3025038742185466,0
2023-03-24T17:58:55Z,2023-03-24T17:59:00Z,0.06160645942286669,3.234620637158958,3.296227096581825,0
2023-03-24T17:58:55Z,2023-03-24T17:59:00Z,0.05637072166484858,3.23358947264534,3.2899601943101886,0
2023-03-24T17:58:55Z,2023-03-24T17:59:00Z,0.05118460023436722,3.232542985165222,3.283727585399589,0
2023-03-24T17:58:55Z,2023-03-24T17:59:00Z,0.04884766525853168,3.228989611605516,3.2778372768640476,0
2023-03-24T17:58:55Z,2023-03-24T17:59:00Z,0.04440910921488772,3.228015505554322,3.2724246147692098,0
2023-03-24T17:58:55Z,2023-03-24T17:59:00Z,0.03946580257035759,3.227919327207938,3.2673851297782956,0
2023-03-24T17:58:55Z,2023-03-24T17:59:00Z,0.03752685432267322,3.225468349835458,3.2629952041581314,0
2023-03-24T17:58:55Z,2023-03-24T17:59:00Z,0.0365446954757509,3.222353322684525,3.258898018160276,0
2023-03-24T17:58:55Z,2023-03-24T17:59:00Z,0.0326284046724763,3.2223040532192546,3.254932457891731,0
2023-03-24T17:58:55Z,2023-03-24T17:59:00Z,0.033208203942133974,3.2176364285002768,3.2508446324424107,0
2023-03-24T17:58:55Z,2023-03-24T17:59:00Z,0.042087544977921,3.2049984369313336,3.2470859819092546,0
2023-03-24T17:58:55Z,2023-03-24T17:59:00Z,0.050797068086842145,3.1926146672045626,3.2434117352914047,0
2023-03-24T17:58:55Z,2023-03-24T17:59:00Z,0.04501211185995313,3.1944533129088617,3.239465424768815,0
2023-03-24T17:58:55Z,2023-03-24T17:59:00Z,0.036934831433216964,3.1980658461211258,3.2350006775543427,0
2023-03-24T17:58:55Z,2023-03-24T17:59:00Z,0.035414866532505584,3.1956799339232522,3.231094800455758,0
2023-03-24T17:58:55Z,2023-03-24T17:59:00Z,0.03435135771582809,3.1930528127310844,3.2274041704469125,0
2023-03-24T17:58:55Z,2023-03-24T17:59:00Z,0.028610842154406235,3.1953662888612233,3.2239771310156295,0
2023-03-24T17:58:55Z,2023-03-24T17:59:00Z,0.034845337939015675,3.185647765981777,3.2204931039207927,0
2023-03-24T17:58:55Z,2023-03-24T17:59:00Z,0.0338281333230781,3.1835554914101714,3.2173836247332495,0
2023-03-24T17:58:55Z,2023-03-24T17:59:00Z,0.03112902525894068,3.183136557978526,3.2142655832374665,0
2023-03-24T17:58:55Z,2023-03-24T17:59:00Z,0.03447880118329483,3.176935633008821,3.211414434192116,0
2023-03-24T17:58:55Z,2023-03-24T17:59:00Z,0.04793683512328384,3.160767910690915,3.208704745814199,0
2023-03-24T17:58:55Z,2023-03-24T17:59:00Z,0.05089796194078522,3.154825002839913,3.205722964780698,0
2023-03-24T17:58:55Z,2023-03-24T17:59:00Z,0.051411683350540915,3.1505336459315094,3.2019453292820503,0
2023-03-24T17:58:55Z,2023-03-24T17:59:00Z,0.04971581615122922,3.148326112669473,3.198041928820702,0
2023-03-24T17:58:55Z,2023-03-24T17:59:00Z,0.04710334532619065,3.1468605908827847,3.1939639362089753,0
2023-03-24T17:58:55Z,2023-03-24T17:59:00Z,0.040653501543038484,3.1491213181112805,3.189774819654319,0
2023-03-24T17:58:55Z,2023-03-24T17:59:00Z,0.0340256158583756,3.15161195332475,3.185637569183126,0
2023-03-24T17:58:55Z,2023-03-24T17:59:00Z,0.02867044897965787,3.1531128041732974,3.1817832531529553,0
2023-03-24T17:58:55Z,2023-03-24T17:59:00Z,0.023939854287300832,3.1541227620291012,3.178062616316402,0
2023-03-24T17:58:55Z,2023-03-24T17:59:00Z,0.009874312998498613,3.1647923230901682,3.174666636088667,0
2023-03-24T17:58:55Z,2023-03-24T17:59:00Z,0.004663278287840189,3.167325690700709,3.171988968988549,0
2023-03-24T17:58:55Z,2023-03-24T17:59:00Z,0.004640138870540156,3.1658844962172514,3.1705246350877916,0
2023-03-24T17:58:55Z,2023-03-24T17:59:00Z,0.0013254245565601508,3.1677714409413285,3.1690968654978886,0
2023-03-24T17:58:55Z,2023-03-24T17:59:00Z,0.0030157719114343173,3.164387338328356,3.1674031102397904,0
2023-03-24T17:58:55Z,2023-03-24T17:59:00Z,0.0013661806456091163,3.1645680615425005,3.1659342421881096,0
2023-03-24T17:58:55Z,2023-03-24T17:59:00Z,0.008104714492748855,3.15632081851627,3.1644255330090187,0
2023-03-24T17:58:55Z,2023-03-24T17:59:00Z,0.0012259786298569608,3.1615785950465978,3.1628045736764547,0
2023-03-24T17:58:55Z,2023-03-24T17:59:00Z,0.007848229052927369,3.1691092791785658,3.1612610501256384,0
2023-03-24T17:58:55Z,2023-03-24T17:59:00Z,0.009519553911076173,3.1696239252807374,3.1601043713696613,0
2023-03-24T17:58:55Z,2023-03-24T17:59:00Z,0.007051411802131202,3.166417505340215,3.159366093538084,0
2023-03-24T17:58:55Z,2023-03-24T17:59:00Z,0.014693184152506422,3.1736744509680594,3.158981266815553,0
2023-03-24T17:58:55Z,2023-03-24T17:59:00Z,0.010449141803810402,3.1697277557061687,3.1592786139023583,0
2023-03-24T17:58:55Z,2023-03-24T17:59:00Z,0.011450820254756966,3.171721510374386,3.160270690119629,0
2023-03-24T17:58:55Z,2023-03-24T17:59:00Z,0.009774714655461647,3.17105562107902,3.1612809064235585,0
2023-03-24T17:58:55Z,2023-03-24T17:59:00Z,0.0067059238386510955,3.169218166983521,3.16251224314487,0
2023-03-24T17:58:55Z,2023-03-24T17:59:00Z,0.006504151401999003,3.170289817188776,3.163785665786777,0
2023-03-24T17:58:55Z,2023-03-24T17:59:00Z,0.007681624313080171,3.1725250189878698,3.1648433946747896,0
2023-03-24T17:58:55Z,2023-03-24T17:59:00Z,0.007104397626536141,3.1729308377678533,3.165826440141317,0
2023-03-24T17:58:55Z,2023-03-24T17:59:00Z,0.005170930372106586,3.1720190660299803,3.1668481356578737,0
2023-03-24T17:58:55Z,2023-03-24T17:59:00Z,0.00430069721558457,3.17213873159655,3.1678380343809653,0
2023-03-24T17:58:55Z,2023-03-24T17:59:00Z,0.012515414998543584,3.1807338042710787,3.168218389272535,0
2023-03-24T17:58:55Z,2023-03-24T17:59:00Z,0.011785272753558118,3.180256979967979,3.168471707214421,0
2023-03-24T17:58:55Z,2023-03-24T17:59:00Z,0.012762170902856695,3.182015420646427,3.16925324974357,0
2023-03-24T17:58:55Z,2023-03-24T17:59:00Z,0.01690057438962933,3.186810957766181,3.1699103833765516,0
2023-03-24T17:58:55Z,2023-03-24T17:59:00Z,0.01607935470676969,3.186917531889536,3.1708381771827665,0
2023-03-24T17:58:55Z,2023-03-24T17:59:00Z,0.015427845800596085,3.1874367017319774,3.1720088559313813,0
2023-03-24T17:58:55Z,2023-03-24T17:59:00Z,0.017474208223087206,3.1910934174899035,3.1736192092668163,0
2023-03-24T17:58:55Z,2023-03-24T17:59:00Z,0.01875693319939087,3.193737095449648,3.174980162250257,0
2023-03-24T17:58:55Z,2023-03-24T17:59:00Z,0.020780908129920395,3.1969181302913,3.1761372221613797,0
2023-03-24T17:58:55Z,2023-03-24T17:59:00Z,0.021381648822327737,3.198787985203124,3.177406336380796,0