sTime,eTime,Change,Value,Mean_last_11,real_label
2023-03-24T17:58:55Z,2023-03-24T17:59:00Z,None,4.529731928349278,None,1
2023-03-24T17:58:55Z,2023-03-24T17:59:00Z,None,4.50289725138141,None,0
2023-03-24T17:58:55Z,2023-03-24T17:59:00Z,None,4.499580957722961,None,0
2023-03-24T17:58:55Z,2023-03-24T17:59:00Z,None,4.48937214274283,None,0
2023-03-24T17:58:55Z,2023-03-24T17:59:00Z,None,4.486297216402705,None,0
2023-03-24T17:58:55Z,2023-03-24T17:59:00Z,None,4.463727989581718,None,0
2023-03-24T17:58:55Z,2023-03-24T17:59:00Z,None,4.464620277712058,None,0
2023-03-24T17:58:55Z,2023-03-24T17:59:00Z,None,4.4587930202436805,None,0
2023-03-24T17:58:55Z,2023-03-24T17:59:00Z,None,4.4273719493093795,None,0
2023-03-24T17:58:55Z,2023-03-24T17:59:00Z,None,4.439332826940684,None,0
2023-03-24T17:58:55Z,2023-03-24T17:59:00Z,None,4.432703127007862,None,0
2023-03-24T17:58:55Z,2023-03-24T17:59:00Z,0.057505329276462014,4.418667226762209,4.476172556038671,0
2023-03-24T17:58:55Z,2023-03-24T17:59:00Z,0.0380718082539353,4.4283978676505935,4.466469675904529,0
2023-03-24T17:58:55Z,2023-03-24T17:59:00Z,0.04324251389843692,4.414804159544172,4.458046673442609,0
2023-03-24T17:58:55Z,2023-03-24T17:59:00Z,0.05639760305864705,4.394530761376725,4.450928364435372,0
2023-03-24T17:58:55Z,2023-03-24T17:59:00Z,0.08135401798306674,4.36211754813244,4.443471566115507,0
2023-03-24T17:58:55Z,2023-03-24T17:59:00Z,0.06250420588257022,4.371790714730339,4.434294920612909,0
2023-03-24T17:58:55Z,2023-03-24T17:59:00Z,0.04922469108900973,4.3749091853789706,4.42413387646798,0
2023-03-24T17:58:55Z,2023-03-24T17:59:00Z,0.055273655631128626,4.35957726453868,4.414850920169808,0
2023-03-24T17:58:55Z,2023-03-24T17:59:00Z,0.023024184996596198,4.383438351686741,4.406462536683337,0
2023-03-24T17:58:55Z,2023-03-24T17:59:00Z,0.011779709790468829,4.411462777996736,4.399683068206267,0
2023-03-24T17:58:55Z,2023-03-24T17:59:00Z,0.005715087539157615,4.39980870822003,4.394093620680873,0
2023-03-24T17:58:55Z,2023-03-24T17:59:00Z,0.03260265688973085,4.424572242669491,4.39196958577976,0
2023-03-24T17:58:55Z,2023-03-24T17:59:00Z,0.019298741735480185,4.370784992190062,4.390083733925542,0
2023-03-24T17:58:55Z,2023-03-24T17:59:00Z,0.033979672200158184,4.355721499227275,4.389701171427433,0
2023-03-24T17:58:55Z,2023-03-24T17:59:00Z,0.008996222634876538,4.3763030320571445,4.385299254692021,0
2023-03-24T17:58:55Z,2023-03-24T17:59:00Z,0.03160867793449551,4.349809650542581,4.381418328477077,0
2023-03-24T17:58:55Z,2023-03-24T17:59:00Z,0.05585172059833443,4.326985156271212,4.382836876869546,0
2023-03-24T17:58:55Z,2023-03-24T17:59:00Z,0.07557949172260514,4.305059278728166,4.380638770450771,0
2023-03-24T17:58:55Z,2023-03-24T17:59:00Z,0.08558966886508212,4.290256698674914,4.375846367539996,0
2023-03-24T17:58:55Z,2023-03-24T17:59:00Z,0.09074162454603041,4.279652944412914,4.370394568958944,0
2023-03-24T17:58:55Z,2023-03-24T17:59:00Z,0.06906710977606689,4.292009293881694,4.361076403657761,0
2023-03-24T17:58:55Z,2023-03-24T17:59:00Z,0.05319152924377857,4.294703891055601,4.34789542029938,0
2023-03-24T17:58:55Z,2023-03-24T17:59:00Z,0.01953596129502433,4.317579517570522,4.337115478865546,0
2023-03-24T17:58:55Z,2023-03-24T17:59:00Z,0.016570343007780153,4.340698986711937,4.324128643704157,0
2023-03-24T17:58:55Z,2023-03-24T17:59:00Z,0.03209200995595918,4.350900106198162,4.318808096242202,0
2023-03-24T17:58:55Z,2023-03-24T17:59:00Z,0.029569762145367662,4.346875607136036,4.317305844990669,0
2023-03-24T17:58:55Z,2023-03-24T17:59:00Z,0.026331403766623573,4.341096956171393,4.3147655524047694,0
2023-03-24T17:58:55Z,2023-03-24T17:59:00Z,0.035499127184126955,4.349971275248242,4.314472148064115,0
2023-03-24T17:58:55Z,2023-03-24T17:59:00Z,0.028906248786907618,4.34478957684104,4.315883328054133,0
2023-03-24T17:58:55Z,2023-03-24T17:59:00Z,0.017739687181715702,4.338114214887857,4.320374527706141,0
2023-03-24T17:58:55Z,2023-03-24T17:59:00Z,0.05921920560042171,4.385047021123175,4.325827815522754,0
2023-03-24T17:58:55Z,2023-03-24T17:59:00Z,0.04506276554480326,4.376736708115052,4.331673942570249,0
2023-03-24T17:58:55Z,2023-03-24T17:59:00Z,0.04562824949352784,4.386605964787925,4.340977715294398,0
2023-03-24T17:58:55Z,2023-03-24T17:59:00Z,0.04690735183932926,4.396088348839672,4.349180997000342,0
2023-03-24T17:58:55Z,2023-03-24T17:59:00Z,0.03221654649444616,4.388300188216528,4.356083641722082,0
2023-03-24T17:58:55Z,2023-03-24T17:59:00Z,0.022613711397153402,4.384236289332009,4.361622577934855,0
2023-03-24T17:58:55Z,2023-03-24T17:59:00Z,0.03078421737768977,4.396146803514381,4.365362586136691,0
2023-03-24T17:58:55Z,2023-03-24T17:59:00Z,0.031056532961843963,4.400155187318133,4.369098654356289,0
2023-03-24T17:58:55Z,2023-03-24T17:59:00Z,0.007988897192981348,4.366614741897607,4.374603639090588,0
2023-03-24T17:58:55Z,2023-03-24T17:59:00Z,0.015515935836263317,4.364106094461315,4.379622030297578,0
2023-03-24T17:58:55Z,2023-03-24T17:59:00Z,0.03129792401300335,4.35050662279023,4.381804546803234,0
2023-03-24T17:58:55Z,2023-03-24T17:59:00Z,0.05956538575171866,4.3248383490088615,4.38440373476058,0
2023-03-24T17:58:55Z,2023-03-24T17:59:00Z,0.05827229697709768,4.322677397950186,4.380949694927284,0
2023-03-24T17:58:55Z,2023-03-24T17:59:00Z,0.04935763244346347,4.326402226573203,4.375759859016666,0
2023-03-24T17:58:55Z,2023-03-24T17:59:00Z,0.03271479464871341,4.336652207684179,4.3693670023328925,0
2023-03-24T17:58:55Z,2023-03-24T17:59:00Z,0.08898174974460549,4.273416640361639,4.362398390106245,0
2023-03-24T17:58:55Z,2023-03-24T17:59:00Z,0.07393903801713009,4.28329455403588,4.35723359205301,0
2023-03-24T17:58:55Z,2023-03-24T17:59:00Z,0.08462928761584276,4.261522339540131,4.346151627155974,0
2023-03-24T17:58:55Z,2023-03-24T17:59:00Z,0.026322825054931442,4.308543577153192,4.334866402208124,0
2023-03-24T17:58:55Z,2023-03-24T17:59:00Z,0.0009572895782925528,4.321960407008616,4.321003117430323,0
2023-03-24T17:58:55Z,2023-03-24T17:59:00Z,0.0028245796968020542,4.318020580652684,4.315196000955882,0
2023-03-24T17:58:55Z,2023-03-24T17:59:00Z,0.013618916987284457,4.324600349197897,4.310981432210612,0
2023-03-24T17:58:55Z,2023-03-24T17:59:00Z,0.025154075171527346,4.332886903168385,4.307732827996857,0
2023-03-24T17:58:55Z,2023-03-24T17:59:00Z,0.025541110232478736,4.333250138248239,4.30770902801576,0
2023-03-24T17:58:55Z,2023-03-24T17:59:00Z,0.03791558020435826,4.346645558741939,4.30872997853758,0
2023-03-24T17:58:55Z,2023-03-24T17:59:00Z,0.02785482596808997,4.337269595673175,4.309414769705085,0
2023-03-24T17:58:55Z,2023-03-24T17:59:00Z,0.016331794887462614,4.326745899698323,4.31041410481086,0
2023-03-24T17:58:55Z,2023-03-24T17:59:00Z,0.029574089134378312,4.3463734894763935,4.316799400342015,0
2023-03-24T17:58:55Z,2023-03-24T17:59:00Z,0.00839161461866933,4.329536149526928,4.3211445349082584,0
2023-03-24T17:58:55Z,2023-03-24T17:59:00Z,0.017425188087180743,4.312204461814703,4.329629649901884,0
2023-03-24T17:58:55Z,2023-03-24T17:59:00Z,0.01760574151443617,4.314123165624822,4.331728907139258,0
2023-03-24T17:58:55Z,2023-03-24T17:59:00Z,0.006056911530584408,4.324696401089282,4.3307533126198665,0
2023-03-24T17:58:55Z,2023-03-24T17:59:00Z,0.004102583611061306,4.326260987506019,4.33036357111708,0
2023-03-24T17:58:55Z,2023-03-24T17:59:00Z,0.01703761772081336,4.313335558585406,4.330373176306219,0
2023-03-24T17:58:55Z,2023-03-24T17:59:00Z,0.020344960309243376,4.3500555450492255,4.329710584739982,0
2023-03-24T17:58:55Z,2023-03-24T17:59:00Z,0.03365953516065101,4.36137866193435,4.327719126773699,0
2023-03-24T17:58:55Z,2023-03-24T17:59:00Z,0.012488715372078296,4.31557141003235,4.328060125404428,0
2023-03-24T17:58:55Z,2023-03-24T17:59:00Z,0.0026966615454506737,4.333167693575996,4.3304710320305455,0
2023-03-24T17:58:55Z,2023-03-24T17:59:00Z,0.010029045488443522,4.339382628552392,4.3293535830639485,0
2023-03-24T17:58:55Z,2023-03-24T17:59:00Z,0.005632991893596007,4.333665995367504,4.328033003473908,0
2023-03-24T17:58:55Z,2023-03-24T17:59:00Z,0.0022109330470918565,4.3268067183293635,4.329017651376455,0
2023-03-24T17:58:55Z,2023-03-24T17:59:00Z,0.01931769053319865,4.311846114198536,4.331163804731735,0
2023-03-24T17:58:55Z,2023-03-24T17:59:00Z,0.0364874870483467,4.295944672953842,4.332432160002189,0
2023-03-24T17:58:55Z,2023-03-24T17:59:00Z,0.06965556780398074,4.261491563509134,4.331147131313115,0
2023-03-24T17:58:55Z,2023-03-24T17:59:00Z,0.05667827759464217,4.271437222263255,4.328115499857897,0
2023-03-24T17:58:55Z,2023-03-24T17:59:00Z,0.002555985775234859,4.320375114575034,4.322931100350269,0
2023-03-24T17:58:55Z,2023-03-24T17:59:00Z,0.016937974728042704,4.3320072427997145,4.315069268071672,0
2023-03-24T17:58:55Z,2023-03-24T17:59:00Z,0.04623935073479224,4.3572082640705325,4.31096891333574,0
2023-03-24T17:58:55Z,2023-03-24T17:59:00Z,0.03919837539010107,4.351810872002578,4.312612496612477,0
2023-03-24T17:58:55Z,2023-03-24T17:59:00Z,0.042238311208653734,4.357254864870583,4.31501655366193,0
2023-03-24T17:58:55Z,2023-03-24T17:59:00Z,0.00963739400121355,4.3258967720081625,4.316259378006949,0
2023-03-24T17:58:55Z,2023-03-24T17:59:00Z,0.059323086138094894,4.377941351095353,4.318618264957258,0
2023-03-24T17:58:55Z,2023-03-24T17:59:00Z,0.06835045541922646,4.386877725744363,4.318527270325137,0
2023-03-24T17:58:55Z,2023-03-24T17:59:00Z,0.03755026878638823,4.362687062801207,4.325136794014819,0
2023-03-24T17:58:55Z,2023-03-24T17:59:00Z,0.04106844633601803,4.293161652957853,4.334230099293871,0
2023-03-24T17:58:55Z,2023-03-24T17:59:00Z,0.0758437520857198,4.268505897137358,4.344349649223078,0
2023-03-24T17:58:55Z,2023-03-24T17:59:00Z,0.08598361204559435,4.260538480246944,4.346522092292538,0
2023-03-24T17:58:55Z,2023-03-24T17:59:00Z,0.09282174955134437,4.248513420997425,4.34133517054877,0
2023-03-24T17:58:55Z,2023-03-24T17:59:00Z,0.10993692246268516,4.224251371830809,4.334188294293494,0
2023-03-24T17:58:55Z,2023-03-24T17:59:00Z,0.04942991611880565,4.273888893867377,4.323318809986183,0
2023-03-24T17:58:55Z,2023-03-24T17:59:00Z,0.00617715434760413,4.3167400143166095,4.310562859969005,0
2023-03-24T17:58:55Z,2023-03-24T17:59:00Z,0.012065512134299183,4.314291775002984,4.302226262868685,0
2023-03-24T17:58:55Z,2023-03-24T17:59:00Z,0.05018578920904826,4.351496376308579,4.301310587099531,0
2023-03-24T17:58:55Z,2023-03-24T17:59:00Z,0.011756261966337611,4.306701891456631,4.294945629490293,0
2023-03-24T17:58:55Z,2023-03-24T17:59:00Z,0.009702322212493897,4.301109816759209,4.291407494546715,0
2023-03-24T17:58:55Z,2023-03-24T17:59:00Z,0.02252793631385508,4.308336913726112,4.285808977412257,0
2023-03-24T17:58:55Z,2023-03-24T17:59:00Z,0.009761892710180575,4.296365686502574,4.286603793792393,0
2023-03-24T17:58:55Z,2023-03-24T17:59:00Z,0.020979094389955044,4.311565989841222,4.290586895451267,0
2023-03-24T17:58:55Z,2023-03-24T17:59:00Z,0.030433841895394664,4.324603457972225,4.294169616076831,0
2023-03-24T17:58:55Z,2023-03-24T17:59:00Z,0.03090365284499974,4.33137852580621,4.30047487296121,0
2023-03-24T17:58:55Z,2023-03-24T17:59:00Z,0.023459327300018096,4.2870507542753336,4.310510081575352,0
2023-03-24T17:58:55Z,2023-03-24T17:59:00Z,0.028810180616339665,4.287448864152895,4.316259044769235,0
2023-03-24T17:58:55Z,2023-03-24T17:59:00Z,0.009020415369877632,4.304269703395231,4.313290118765108,0
2023-03-24T17:58:55Z,2023-03-24T17:59:00Z,0.02035647493281001,4.2902493527472885,4.3106058276800985,0
2023-03-24T17:58:55Z,2023-03-24T17:59:00Z,0.012383751877192317,4.293499408511571,4.305883160388763,0
2023-03-24T17:58:55Z,2023-03-24T17:59:00Z,0.008509792570865038,4.312747699088694,4.304237906517829,0
2023-03-24T17:58:55Z,2023-03-24T17:59:00Z,0.024812589163139442,4.328289454856206,4.303476865693066,0
2023-03-24T17:58:55Z,2023-03-24T17:59:00Z,0.02969950320816306,4.333617447437487,4.303917944229324,0
2023-03-24T17:58:55Z,2023-03-24T17:59:00Z,0.041727005406182904,4.34883732647087,4.3071103210646875,0
2023-03-24T17:58:55Z,2023-03-24T17:59:00Z,0.015559665147623747,4.324875131971938,4.309315466824314,0
2023-03-24T17:58:55Z,2023-03-24T17:59:00Z,0.004791054305790077,4.3165299079799695,4.311738853674179,0
2023-03-24T17:58:55Z,2023-03-24T17:59:00Z,0.012745450002372927,4.298343064288379,4.311088514290752,0
2023-03-24T17:58:55Z,2023-03-24T17:59:00Z,0.019071635585273583,4.294964794075941,4.314036429661215,0
2023-03-24T17:58:55Z,2023-03-24T17:59:00Z,0.03738222994535967,4.277743619729404,4.3151258496747635,0
2023-03-24T17:58:55Z,2023-03-24T17:59:00Z,0.04753597758952299,4.266659381153311,4.314195358742834,0
2023-03-24T17:58:55Z,2023-03-24T17:59:00Z,0.042368760151924256,4.270576025289121,4.312944785441045,0
2023-03-24T17:58:55Z,2023-03-24T17:59:00Z,0.051103788829951924,4.259156993875268,4.31026078270522,0
2023-03-24T17:58:55Z,2023-03-24T17:59:00Z,0.08214470660952777,4.223898908715735,4.306043615325263,0
2023-03-24T17:58:55Z,2023-03-24T17:59:00Z,0.1029417690673684,4.196188600159801,4.29913036922717,0
2023-03-24T17:58:55Z,2023-03-24T17:59:00Z,0.0743004894281869,4.213858025926806,4.288158515354993,0
2023-03-24T17:58:55Z,2023-03-24T17:59:00Z,0.021243113849936712,4.25165052887395,4.272893642723886,0
2023-03-24T17:58:55Z,2023-03-24T17:59:00Z,0.015641764591723728,4.24615016752765,4.261791932119373,0
2023-03-24T17:58:55Z,2023-03-24T17:59:00Z,0.01214745943209028,4.267451453640862,4.255303994208772,0
2023-03-24T17:58:55Z,2023-03-24T17:59:00Z,0.03154452907222982,4.281629233604929,4.250084704532699,0
2023-03-24T17:58:55Z,2023-03-24T17:59:00Z,0.08369082850335907,4.33102419899255,4.247333370489191,0
2023-03-24T17:58:55Z,2023-03-24T17:59:00Z,0.03764733332652792,4.285369265203272,4.247721931876744,0
2023-03-24T17:58:55Z,2023-03-24T17:59:00Z,0.0234144153116409,4.277572828972308,4.254158413660667,0
2023-03-24T17:58:55Z,2023-03-24T17:59:00Z,0.00979764675643402,4.265435384408516,4.255637737652082,0
2023-03-24T17:58:55Z,2023-03-24T17:59:00Z,0.037015790865742026,4.220463530296045,4.257479321161787,0
2023-03-24T17:58:55Z,2023-03-24T17:59:00Z,0.053075452685103386,4.208557516045962,4.261632968731066,0
2023-03-24T17:58:55Z,2023-03-24T17:59:00Z,0.06352975475971334,4.200530706984975,4.2640604617446884,0
2023-03-24T17:58:55Z,2023-03-24T17:59:00Z,0.08360552558335854,4.179924885173246,4.263530410756604,0
2023-03-24T17:58:55Z,2023-03-24T17:59:00Z,0.08095119146264196,4.177467237105065,4.258418428567707,0
2023-03-24T17:58:55Z,2023-03-24T17:59:00Z,0.11586139187163536,4.135934508460632,4.251795900332267,0
2023-03-24T17:58:55Z,2023-03-24T17:59:00Z,0.12321332920007855,4.119584149478608,4.242797478678686,0
2023-03-24T17:58:55Z,2023-03-24T17:59:00Z,0.07466313837679461,4.153564867787462,4.228228006164256,0
2023-03-24T17:58:55Z,2023-03-24T17:59:00Z,0.025376550988438495,4.181707450224423,4.207084001212862,0
2023-03-24T17:58:55Z,2023-03-24T17:59:00Z,0.006272603628740825,4.187630957842541,4.193903561471282,0
2023-03-24T17:58:55Z,2023-03-24T17:59:00Z,0.01323353514291803,4.197550558739411,4.184317023596493,0
2023-03-24T17:58:55Z,2023-03-24T17:59:00Z,0.0202247814727059,4.196761362412602,4.176536580939896,0
2023-03-24T17:58:55Z,2023-03-24T17:59:00Z,0.009886143943247383,4.164359139840985,4.1742452837842325,0
2023-03-24T17:58:55Z,2023-03-24T17:59:00Z,0.034685682147574504,4.138379986273322,4.173065668420897,0
2023-03-24T17:58:55Z,2023-03-24T17:59:00Z,0.015444110263587163,4.15400440144291,4.169448511706497,0
2023-03-24T17:58:55Z,2023-03-24T17:59:00Z,0.009043627519004005,4.1562503942975,4.165294021816504,0
2023-03-24T17:58:55Z,2023-03-24T17:59:00Z,0.02608671597972556,4.136861022270564,4.162947738250289,0
2023-03-24T17:58:55Z,2023-03-24T17:59:00Z,0.018182602518014512,4.146796724315963,4.164979326833977,0
2023-03-24T17:58:55Z,2023-03-24T17:59:00Z,0.02296756570525016,4.143739448407922,4.166707014113173,0
2023-03-24T17:58:55Z,2023-03-24T17:59:00Z,0.05811555837398075,4.107914641392041,4.166030199766022,0
2023-03-24T17:58:55Z,2023-03-24T17:59:00Z,0.054724457007627514,4.107508942576744,4.162233399584371,0
2023-03-24T17:58:55Z,2023-03-24T17:59:00Z,0.043219885050081785,4.111041882889241,4.154261767939323,0
2023-03-24T17:58:55Z,2023-03-24T17:59:00Z,0.04606573066504005,4.099191875658015,4.145257606323055,0
2023-03-24T17:58:55Z,2023-03-24T17:59:00Z,0.05370402321617185,4.082981635154547,4.136685658370719,0
2023-03-24T17:58:55Z,2023-03-24T17:59:00Z,0.0630340122288855,4.067134919723537,4.130168931952422,0
2023-03-24T17:58:55Z,2023-03-24T17:59:00Z,0.07198969296802815,4.052639403872517,4.124629096840545,0
2023-03-24T17:58:55Z,2023-03-24T17:59:00Z,0.06955301435507888,4.046389134313528,4.115942148668607,0
2023-03-24T17:58:55Z,2023-03-24T17:59:00Z,0.06815707323297104,4.037423976393138,4.105581049626109,0
2023-03-24T17:58:55Z,2023-03-24T17:59:00Z,0.060877419780489994,4.035656441049916,4.096533860830406,0
2023-03-24T17:58:55Z,2023-03-24T17:59:00Z,0.06396738475673747,4.021629201281385,4.085596586038123,0
2023-03-24T17:58:55Z,2023-03-24T17:59:00Z,0.05943751024020205,4.01535077506212,4.074788285302322,0
2023-03-24T17:58:55Z,2023-03-24T17:59:00Z,0.04420855399455803,4.021951187296699,4.066159741291257,0
2023-03-24T17:58:55Z,2023-03-24T17:59:00Z,0.03177638421838491,4.0251675403214096,4.0569439245397945,0
2023-03-24T17:58:55Z,2023-03-24T17:59:00Z,0.006607123854948327,4.041427731125592,4.04803485498054,0
2023-03-24T17:58:55Z,2023-03-24T17:59:00Z,0.0007238298002141264,4.041356251247095,4.0406324214468805,0
2023-03-24T17:58:55Z,2023-03-24T17:59:00Z,0.02369072632615765,4.0601677573701425,4.036477031043985,0
2023-03-24T17:58:55Z,2023-03-24T17:59:00Z,0.03832784882537066,4.072227013021711,4.03389916419634,0
2023-03-24T17:58:55Z,2023-03-24T17:59:00Z,0.04161427016538166,4.076266269711484,4.034651999546102,0
2023-03-24T17:58:55Z,2023-03-24T17:59:00Z,0.05716975538117719,4.094405542798098,4.037235787416921,0
2023-03-24T17:58:55Z,2023-03-24T17:59:00Z,0.06478012348287798,4.105900140231633,4.041120016748755,0
2023-03-24T17:58:55Z,2023-03-24T17:59:00Z,0.06251655016326563,4.109511477086839,4.046994926923573,0
2023-03-24T17:58:55Z,2023-03-24T17:59:00Z,0.06330109846344723,4.118723119282046,4.0554220208185985,0
2023-03-24T17:58:55Z,2023-03-24T17:59:00Z,0.06173295092830777,4.126571041949378,4.064838091021071,0
2023-03-24T17:58:55Z,2023-03-24T17:59:00Z,0.04697759733660867,4.121492881556214,4.074515284219605,0
2023-03-24T17:58:55Z,2023-03-24T17:59:00Z,0.027501250078832307,4.112156884461234,4.084655634382401,0
2023-03-24T17:58:55Z,2023-03-24T17:59:00Z,0.0183701605808686,4.111032310006332,4.092662149425464,0
2023-03-24T17:58:55Z,2023-03-24T17:59:00Z,0.01856905631714767,4.118311269064026,4.099742212746878,0
2023-03-24T17:58:55Z,2023-03-24T17:59:00Z,0.017919635705996306,4.1227483037164925,4.104828668010496,0
2023-03-24T17:58:55Z,2023-03-24T17:59:00Z,0.02306650653418263,4.132503600148911,4.109437093614728,0
2023-03-24T17:58:55Z,2023-03-24T17:59:00Z,0.02450437336240885,4.1385896703776375,4.114085297015229,0
2023-03-24T17:58:55Z,2023-03-24T17:59:00Z,0.001120645992286562,4.119015748742596,4.1178951027503095,0
2023-03-24T17:58:55Z,2023-03-24T17:59:00Z,0.0017304360740819646,4.122894491838992,4.12116405576491,0
2023-03-24T17:58:55Z,2023-03-24T17:59:00Z,0.029858892602437237,4.151973375532924,4.1221144829304865,0
2023-03-24T17:58:55Z,2023-03-24T17:59:00Z,0.02801519567714017,4.150546815863322,4.122531620186182,0
2023-03-24T17:58:55Z,2023-03-24T17:59:00Z,0.03566654103781719,4.160738394582353,4.125071853544536,0
2023-03-24T17:58:55Z,2023-03-24T17:59:00Z,0.051197945938577405,4.179175192913824,4.127977246975247,0
2023-03-24T17:58:55Z,2023-03-24T17:59:00Z,0.042147052259040585,4.174982450246399,4.132835397987359,0
2023-03-24T17:58:55Z,2023-03-24T17:59:00Z,0.056698937239617386,4.196348623517726,4.1396496862781085,0
2023-03-24T17:58:55Z,2023-03-24T17:59:00Z,0.06767050444883083,4.212987308845176,4.145316804396345,0
2023-03-24T17:58:55Z,2023-03-24T17:59:00Z,0.0832028219040879,4.235879658280557,4.152676836376469,0
2023-03-24T17:58:55Z,2023-03-24T17:59:00Z,0.08244717821401704,4.243172385460112,4.160725207246095,0
2023-03-24T17:58:55Z,2023-03-24T17:59:00Z,0.08182480680370663,4.252279012840094,4.170454206036387,0
2023-03-24T17:58:55Z,2023-03-24T17:59:00Z,0.06454339229830897,4.247413262006448,4.1828698697081395,0
2023-03-24T17:58:55Z,2023-03-24T17:59:00Z,0.050653981455369035,4.246462303263618,4.195808321808249,0
2023-03-24T17:58:55Z,2023-03-24T17:59:00Z,0.03482638639080449,4.240178696846405,4.2053523104556,0
2023-03-24T17:58:55Z,2023-03-24T17:59:00Z,0.040362901982070376,4.2553067611777005,4.21494385919563,0
2023-03-24T17:58:55Z,2023-03-24T17:59:00Z,0.02177628902336526,4.244664178445402,4.2228878894220365,0
2023-03-24T17:58:55Z,2023-03-24T17:59:00Z,0.015562778005446809,4.214938268242976,4.230501046248423,0
2023-03-24T17:58:55Z,2023-03-24T17:59:00Z,0.024226041746910454,4.213243177321414,4.237469219068324,0
2023-03-24T17:58:55Z,2023-03-24T17:59:00Z,0.03076515873548402,4.208563024805365,4.239328183540849,0
2023-03-24T17:58:55Z,2023-03-24T17:59:00Z,0.027456200060549385,4.211897570327923,4.2393537703884725,0
2023-03-24T17:58:55Z,2023-03-24T17:59:00Z,0.060094632650093516,4.17652747439086,4.2366221070409535,0
2023-03-24T17:58:55Z,2023-03-24T17:59:00Z,0.07618182319527911,4.157312802332456,4.233494625527735,0
2023-03-24T17:58:55Z,2023-03-24T17:59:00Z,0.08188654549722063,4.144032926185591,4.225919471682811,0
2023-03-24T17:58:55Z,2023-03-24T17:59:00Z,0.13048144932579575,4.086427976389617,4.2169094257154125,0
2023-03-24T17:58:55Z,2023-03-24T17:59:00Z,0.15599707235854954,4.050669415649059,4.206666488007609,0
2023-03-24T17:58:55Z,2023-03-24T17:59:00Z,0.1672936470450308,4.0239977689168995,4.19129141596193,0
2023-03-24T17:58:55Z,2023-03-24T17:59:00Z,0.19507433800206675,3.9757533434069994,4.170827681409066,0
2023-03-24T17:58:55Z,2023-03-24T17:59:00Z,0.21943772293617947,3.929323317520037,4.1487610404562165,0
2023-03-24T17:58:55Z,2023-03-24T17:59:00Z,0.22528869686437547,3.899553851108243,4.1248425479726185,0
2023-03-24T17:58:55Z,2023-03-24T17:59:00Z,0.23908195512698516,3.8573686068654958,4.096450561992481,0
2023-03-24T17:58:55Z,2023-03-24T17:59:00Z,0.23874511778843477,3.8268045268343336,4.065549644622768,0
2023-03-24T17:58:55Z,2023-03-24T17:59:00Z,0.2305869526461608,3.7995097956303647,4.0300967482765255,0
2023-03-24T17:58:55Z,2023-03-24T17:59:00Z,0.1891635426104683,3.8059609109104047,3.995124453520873,0
2023-03-24T17:58:55Z,2023-03-24T17:59:00Z,0.18865026843990984,3.770693884410754,3.959344152850664,0
2023-03-24T17:58:55Z,2023-03-24T17:59:00Z,0.14173924712995145,3.7837977041931943,3.9255369513231457,0
2023-03-24T17:58:55Z,2023-03-24T17:59:00Z,0.06816688667733217,3.8257966554479275,3.8939635421252596,0
2023-03-24T17:58:55Z,2023-03-24T17:59:00Z,0.027442609583133493,3.839833761396539,3.8672763709796727,0
2023-03-24T17:58:55Z,2023-03-24T17:59:00Z,0.01733751181104104,3.830118747821735,3.847456259632776,0
2023-03-24T17:58:55Z,2023-03-24T17:59:00Z,0.03025240874719559,3.8036118926845335,3.833864301431729,0
2023-03-24T17:58:55Z,2023-03-24T17:59:00Z,0.033989352748097,3.789954491713802,3.823943844461899,0
2023-03-24T17:58:55Z,2023-03-24T17:59:00Z,0.032046681134677346,3.782302967484851,3.8143496486195283,0
2023-03-24T17:58:55Z,2023-03-24T17:59:00Z,0.01715951773802793,3.790448719366331,3.807608237104359,0
2023-03-24T17:58:55Z,2023-03-24T17:59:00Z,0.004332236063312678,3.798825845106098,3.8031580811694106,0
2023-03-24T17:58:55Z,2023-03-24T17:59:00Z,0.0037731756007275408,3.7984787979422796,3.802251973543007,0
2023-03-24T17:58:55Z,2023-03-24T17:59:00Z,0.027630762992225222,3.773907703970351,3.801538466962576,0
2023-03-24T17:58:55Z,2023-03-24T17:59:00Z,0.04047465894793145,3.763842299367798,3.8043169583157295,0
2023-03-24T17:58:55Z,2023-03-24T17:59:00Z,0.044354171694467315,3.7589737865989776,3.803327958293445,0
2023-03-24T17:58:55Z,2023-03-24T17:59:00Z,0.0627182094983616,3.7344143131870697,3.7971325226854313,0
2023-03-24T17:58:55Z,2023-03-24T17:59:00Z,0.02723969464010878,3.761806830565567,3.7890465252056758,0
2023-03-24T17:58:55Z,2023-03-24T17:59:00Z,0.055159382489726294,3.7243166992524825,3.779476081742209,0
2023-03-24T17:58:55Z,2023-03-24T17:59:00Z,0.05459591028405342,3.720699665246259,3.7752955755303126,0
2023-03-24T17:58:55Z,2023-03-24T17:59:00Z,0.0620869858027806,3.7066448104813996,3.76873179628418,0
2023-03-24T17:58:55Z,2023-03-24T17:59:00Z,0.03404711584275555,3.728524350217566,3.7625714660603213,0
2023-03-24T17:58:55Z,2023-03-24T17:59:00Z,0.020318304326890413,3.733872770844938,3.7541910751718284,0
2023-03-24T17:58:55Z,2023-03-24T17:59:00Z,0.023801469091541794,3.7233594565914334,3.747160925682975,0
2023-03-24T17:58:55Z,2023-03-24T17:59:00Z,0.009115788678733416,3.7315845342945075,3.740700322973241,0
2023-03-24T17:58:55Z,2023-03-24T17:59:00Z,0.02799764338000399,3.707647854855345,3.735645498235349,0
2023-03-24T17:58:55Z,2023-03-24T17:59:00Z,0.03121376184454272,3.7012059598834774,3.73241972172802,0
2023-03-24T17:58:55Z,2023-03-24T17:59:00Z,0.058015998578754946,3.6692711299749017,3.7272871285536566,0
2023-03-24T17:58:55Z,2023-03-24T17:59:00Z,0.08484461889301942,3.639121674330278,3.7239662932232975,0
2023-03-24T17:58:55Z,2023-03-24T17:59:00Z,0.07571766883089515,3.6389950543333365,3.7147127231642316,0
2023-03-24T17:58:55Z,2023-03-24T17:59:00Z,0.07570147605276123,3.630491744619249,3.7061932206720103,0
2023-03-24T17:58:55Z,2023-03-24T17:59:00Z,0.06829581520058481,3.629726944380133,3.698022759580718,0
2023-03-24T17:58:55Z,2023-03-24T17:59:00Z,0.05196282291691734,3.6384446300775863,3.6904074529945037,0
2023-03-24T17:58:55Z,2023-03-24T17:59:00Z,0.039260728682260826,3.641266983728499,3.68052771241076,0
2023-03-24T17:58:55Z,2023-03-24T17:59:00Z,0.02005036130938853,3.6509345370246367,3.670984898334025,0
2023-03-24T17:58:55Z,2023-03-24T17:59:00Z,0.010264695177014449,3.6525109558707167,3.662775651047731,0
2023-03-24T17:58:55Z,2023-03-24T17:59:00Z,0.009142210275533635,3.645568441045211,3.6547106513207446,0
2023-03-24T17:58:55Z,2023-03-24T17:59:00Z,0.008048155295849124,3.6411488061264325,3.6491969614222817,0
2023-03-24T17:58:55Z,2023-03-24T17:59:00Z,0.000280320237991738,3.6439135297764467,3.643633209538455,0
2023-03-24T17:58:55Z,2023-03-24T17:59:00Z,0.014664481805016116,3.626156495348592,3.640820977153608,0
2023-03-24T17:58:55Z,2023-03-24T17:59:00Z,0.025880227375981946,3.615419935322243,3.641300162698225,0
2023-03-24T17:58:55Z,2023-03-24T17:59:00Z,0.025039328036901676,3.6149769787628485,3.64001630679975,0
2023-03-24T17:58:55Z,2023-03-24T17:59:00Z,0.03687460817024801,3.601634517699801,3.638509125870049,0
2023-03-24T17:58:55Z,2023-03-24T17:59:00Z,0.04662963961805522,3.5904044896902656,3.637034129308321,0
2023-03-24T17:58:55Z,2023-03-24T17:59:00Z,0.03449669638161934,3.598856421688923,3.6333531180705423,0
2023-03-24T17:58:55Z,2023-03-24T17:59:00Z,0.018274709241303366,3.609992159425416,3.6282668686667194,0
2023-03-24T17:58:55Z,2023-03-24T17:59:00Z,0.026029854331671043,3.5970292028014765,3.6230590571331476,0
2023-03-24T17:58:55Z,2023-03-24T17:59:00Z,0.031164903397848054,3.5876422740907694,3.6188071774886175,0
2023-03-24T17:58:55Z,2023-03-24T17:59:00Z,0.029898274825566062,3.5840549788386786,3.6139532536642447,0
2023-03-24T17:58:55Z,2023-03-24T17:59:00Z,0.0044336506193700664,3.604168949841308,3.608602600460678,0
2023-03-24T17:58:55Z,2023-03-24T17:59:00Z,0.005495277996547809,3.6081120233634487,3.602616745366901,0
2023-03-24T17:58:55Z,2023-03-24T17:59:00Z,0.014065810257784417,3.6144838010739577,3.6004179908161733,0
2023-03-24T17:58:55Z,2023-03-24T17:59:00Z,0.010368340131449827,3.6100555397517433,3.5996871996202935,0
2023-03-24T17:58:55Z,2023-03-24T17:59:00Z,0.002066146948026759,3.597571734903378,3.5996378818514048,0
2023-03-24T17:58:55Z,2023-03-24T17:59:00Z,0.021500242468972974,3.621980226525572,3.600479984056599,0
2023-03-24T17:58:55Z,2023-03-24T17:59:00Z,0.0338164416654414,3.6350131502433514,3.60119670857791,0
2023-03-24T17:58:55Z,2023-03-24T17:59:00Z,0.05007011234247072,3.6535792014040456,3.603509089061575,0
2023-03-24T17:58:55Z,2023-03-24T17:59:00Z,0.027723857784550443,3.633735045927919,3.6060111881433685,0
2023-03-24T17:58:55Z,2023-03-24T17:59:00Z,0.00372799315868777,3.6153941811623125,3.6116661880036247,0
2023-03-24T17:58:55Z,2023-03-24T17:59:00Z,0.0005947785376090309,3.6168702437249496,3.6162754651873406,0
2023-03-24T17:58:55Z,2023-03-24T17:59:00Z,0.020289078348051603,3.5991203070716526,3.6194093854197043,0
2023-03-24T17:58:55Z,2023-03-24T17:59:00Z,0.015920686952897167,3.6366002017609653,3.620679514808068,0
2023-03-24T17:58:55Z,2023-03-24T17:59:00Z,0.024694535176207566,3.644474878355095,3.6197803431788875,0
2023-03-24T17:58:55Z,2023-03-24T17:59:00Z,0.03838570295078059,3.6603776861983692,3.6219919832475886,0
2023-03-24T17:58:55Z,2023-03-24T17:59:00Z,0.0892164338467567,3.714650350954681,3.6254339171079244,0
2023-03-24T17:58:55Z,2023-03-24T17:59:00Z,0.08839080710846181,3.7201053193458846,3.631714512237423,0
2023-03-24T17:58:55Z,2023-03-24T17:59:00Z,0.08472065341172996,3.7257021780920634,3.6409815246803334,0
2023-03-24T17:58:55Z,2023-03-24T17:59:00Z,0.09225497337953437,3.741745714970122,3.6494907415905877,0
2023-03-24T17:58:55Z,2023-03-24T17:59:00Z,0.07724585737813516,3.7339488966375245,3.6567030392593893,0
2023-03-24T17:58:55Z,2023-03-24T17:59:00Z,0.0533081830148765,3.720812289178486,3.6675041061636096,0
2023-03-24T17:58:55Z,2023-03-24T17:59:00Z,0.060337082167851275,3.739696659878982,3.6793595777111308,0
2023-03-24T17:58:55Z,2023-03-24T17:59:00Z,0.04138493285399214,3.7311387151104762,3.689753782256484,0
2023-03-24T17:58:55Z,2023-03-24T17:59:00Z,0.033043166984461525,3.7368545845216787,3.703811417537217,0
2023-03-24T17:58:55Z,2023-03-24T17:59:00Z,0.012309643231086742,3.725574912103255,3.7132652688721683,0
2023-03-24T17:58:55Z,2023-03-24T17:59:00Z,0.015930802494207974,3.7384340419830346,3.7225032394888267,0
2023-03-24T17:58:55Z,2023-03-24T17:59:00Z,0.019694873719971362,3.7487178357992867,3.7290229620793154,0
2023-03-24T17:58:55Z,2023-03-24T17:59:00Z,0.031115440847096387,3.762516772029247,3.7314013311821506,0
2023-03-24T17:58:55Z,2023-03-24T17:59:00Z,0.039036083563482205,3.7732986663909727,3.7342625828274905,0
2023-03-24T17:58:55Z,2023-03-24T17:59:00Z,0.055090781376228914,3.7930348235974374,3.7379440422212085,0
2023-03-24T17:58:55Z,2023-03-24T17:59:00Z,0.0694369514136195,3.8105362887769134,3.741099337363294,0
2023-03-24T17:58:55Z,2023-03-24T17:59:00Z,0.06452189631737637,3.811529826376662,3.7470079300592856,0
2023-03-24T17:58:55Z,2023-03-24T17:59:00Z,0.061519394405107786,3.8174997244242364,3.7559803300191286,0
2023-03-24T17:58:55Z,2023-03-24T17:59:00Z,0.05656784494313527,3.819731491612032,3.7631636466688967,0
2023-03-24T17:58:55Z,2023-03-24T17:59:00Z,0.061822148639305574,3.8336218962395776,3.771799747600272,0
2023-03-24T17:58:55Z,2023-03-24T17:59:00Z,0.07366471473978597,3.8537521530490935,3.7800874383093075,0
2023-03-24T17:58:55Z,2023-03-24T17:59:00Z,0.053438970501059835,3.8443311072239994,3.7908921367229396,0
2023-03-24T17:58:55Z,2023-03-24T17:59:00Z,0.040228552979706844,3.8426525008092525,3.8024239478295456,0
2023-03-24T17:58:55Z,2023-03-24T17:59:00Z,0.031009695611592836,3.8429949705836104,3.8119852749720176,0
2023-03-24T17:58:55Z,2023-03-24T17:59:00Z,0.03316675699043259,3.85316560484045,3.8199988478500173,0
2023-03-24T17:58:55Z,2023-03-24T17:59:00Z,0.004502552658978143,3.8314710309282596,3.8269684782692814,0
2023-03-24T17:58:55Z,2023-03-24T17:59:00Z,0.0078027397221824835,3.8251788166714,3.8329815563935825,0
2023-03-24T17:58:55Z,2023-03-24T17:59:00Z,0.016547071727009754,3.8185279588817083,3.835075030608718,0
2023-03-24T17:58:55Z,2023-03-24T17:59:00Z,0.03987318448869992,3.7965667451494904,3.8364399296381904,0
2023-03-24T17:58:55Z,2023-03-24T17:59:00Z,0.026599287713428232,3.8099434653705107,3.836542753083939,0
2023-03-24T17:58:55Z,2023-03-24T17:59:00Z,0.02396879205020097,3.810257486387483,3.834226278437684,0
2023-03-24T17:58:55Z,2023-03-24T17:59:00Z,0.021417359473754782,3.8104410758770224,3.831858435350777,0
2023-03-24T17:58:55Z,2023-03-24T17:59:00Z,0.030225047523892545,3.797283921160724,3.8275089686846164,0
2023-03-24T17:58:55Z,2023-03-24T17:59:00Z,0.045408601342669996,3.7787113642072487,3.8241199655499187,0
2023-03-24T17:58:55Z,2023-03-24T17:59:00Z,0.040116989749114484,3.779466117835952,3.8195831075850664,0
2023-03-24T17:58:55Z,2023-03-24T17:59:00Z,0.025679148229391657,3.7874755987180384,3.81315474694743,0
2023-03-24T17:58:55Z,2023-03-24T17:59:00Z,0.029187173419313872,3.776597624827666,3.8057847982469797,0
2023-03-24T17:58:55Z,2023-03-24T17:59:00Z,0.02766910203516426,3.7737161529907937,3.801385255025958,0
2023-03-24T17:58:55Z,2023-03-24T17:59:00Z,0.023980142447274755,3.772546993394309,3.796527135841584,0
2023-03-24T17:58:55Z,2023-03-24T17:59:00Z,0.027727197778830703,3.7643187574736623,3.792045955252493,0
2023-03-24T17:58:55Z,2023-03-24T17:59:00Z,0.024449163163433152,3.765194816913542,3.789643980076975,0
2023-03-24T17:58:55Z,2023-03-24T17:59:00Z,0.023480276275328116,3.761601233011962,3.78508150928729,0
2023-03-24T17:58:55Z,2023-03-24T17:59:00Z,0.053771190767753385,3.726804051572142,3.7805752423398955,0
2023-03-24T17:58:55Z,2023-03-24T17:59:00Z,0.04461946472026401,3.7310717933331254,3.7756912580533895,0
2023-03-24T17:58:55Z,2023-03-24T17:59:00Z,0.04623933835373428,3.7224039327407974,3.7686432710945317,0
2023-03-24T17:58:55Z,2023-03-24T17:59:00Z,0.04560348747173881,3.7182758265353812,3.76387931400712,0
2023-03-24T17:58:55Z,2023-03-24T17:59:00Z,0.06471446602898201,3.693458629468621,3.758173095497603,0
2023-03-24T17:58:55Z,2023-03-24T17:59:00Z,0.05352805134348859,3.6977250669358495,3.751253118279338,0
2023-03-24T17:58:55Z,2023-03-24T17:59:00Z,0.06873621483487469,3.674203003908559,3.742939218743434,0
2023-03-24T17:58:55Z,2023-03-24T17:59:00Z,0.07483704130562252,3.660503068832317,3.7353401101379395,0
2023-03-24T17:58:55Z,2023-03-24T17:59:00Z,0.10461803754514287,3.6208876736442215,3.7255057111893644,0
2023-03-24T17:58:55Z,2023-03-24T17:59:00Z,0.12541414879698332,3.589709993528247,3.71512414232523,0
2023-03-24T17:58:55Z,2023-03-24T17:59:00Z,0.11573595404481551,3.5849574739534815,3.700693427998297,0
2023-03-24T17:58:55Z,2023-03-24T17:59:00Z,0.1093068871492413,3.5741974169006845,3.683504304049926,0
2023-03-24T17:58:55Z,2023-03-24T17:59:00Z,0.11322566626540187,3.5560939800226583,3.66931964628806,0
2023-03-24T17:58:55Z,2023-03-24T17:59:00Z,0.11501822901168568,3.5386139796331295,3.653632208644815,0
2023-03-24T17:58:55Z,2023-03-24T17:59:00Z,0.127592331219069,3.509408882153933,3.637001213373002,0
2023-03-24T17:58:55Z,2023-03-24T17:59:00Z,0.11381434327664808,3.5052206854061283,3.6190350286827764,0
2023-03-24T17:58:55Z,2023-03-24T17:59:00Z,0.09562912445194849,3.505000929499359,3.6006300539513076,0
2023-03-24T17:58:55Z,2023-03-24T17:59:00Z,0.08248654185540527,3.4988930739429307,3.581379615798336,0
2023-03-24T17:58:55Z,2023-03-24T17:59:00Z,0.06914142447145322,3.495317983885963,3.564459408357416,0
2023-03-24T17:58:55Z,2023-03-24T17:59:00Z,0.019975902561538028,3.528322506306939,3.5482984088684772,0
2023-03-24T17:58:55Z,2023-03-24T17:59:00Z,0.005721953919775036,3.5300194859728764,3.5357414398926514,0
2023-03-24T17:58:55Z,2023-03-24T17:59:00Z,0.0001269341979246441,3.529729625368446,3.5296026911705214,0
2023-03-24T17:58:55Z,2023-03-24T17:59:00Z,0.027315173108538815,3.551424065480999,3.5241088923724604,0
2023-03-24T17:58:55Z,2023-03-24T17:59:00Z,0.03393930705157899,3.553601420270815,3.519662113219236,0
2023-03-24T17:58:55Z,2023-03-24T17:59:00Z,0.03541605828084782,3.554611180045918,3.5191951217650703,0
2023-03-24T17:58:55Z,2023-03-24T17:59:00Z,0.03479257412150938,3.5554864399503487,3.5206938658288394,0
2023-03-24T17:58:55Z,2023-03-24T17:59:00Z,0.05750445160487949,3.582718547222917,3.5252140956180376,0
2023-03-24T17:58:55Z,2023-03-24T17:59:00Z,0.07649165304459338,3.6067323241170524,3.530240671072459,0
2023-03-24T17:58:55Z,2023-03-24T17:59:00Z,0.07918524442168628,3.6171976772665015,3.5380124328448153,0
2023-03-24T17:58:55Z,2023-03-24T17:59:00Z,0.05148272749519567,3.6002790853574234,3.5487963578622277,0
2023-03-24T17:58:55Z,2023-03-24T17:59:00Z,0.03604043059961759,3.5970247577998995,3.560984327200282,0
2023-03-24T17:58:55Z,2023-03-24T17:59:00Z,0.028150792714963124,3.596330777820293,3.56817998510533,0
2023-03-24T17:58:55Z,2023-03-24T17:59:00Z,0.0191460313198224,3.5940265436078542,3.574880512288032,0
2023-03-24T17:58:55Z,2023-03-24T17:59:00Z,0.009616173744284584,3.591156801277501,3.5815406275332164,0
2023-03-24T17:58:55Z,2023-03-24T17:59:00Z,0.011773224393936577,3.597574099739839,3.5858008753459023,0
2023-03-24T17:58:55Z,2023-03-24T17:59:00Z,0.008423789834359319,3.59798020328093,3.5895564134465707,0
2023-03-24T17:58:55Z,2023-03-24T17:59:00Z,0.01658848506221844,3.6104411904781815,3.593852705415963,0
2023-03-24T17:58:55Z,2023-03-24T17:59:00Z,0.00986953722435402,3.6079716189733753,3.5981020817490212,0
2023-03-24T17:58:55Z,2023-03-24T17:59:00Z,0.014711281824345779,3.6155856278988936,3.600874346074548,0
2023-03-24T17:58:55Z,2023-03-24T17:59:00Z,0.030944643671513727,3.6319429192316934,3.6009982755601797,0
2023-03-24T17:58:55Z,2023-03-24T17:59:00Z,0.04399804586605871,3.6448351164894777,3.600837070623419,0
2023-03-24T17:58:55Z,2023-03-24T17:59:00Z,0.023144835553607912,3.627148289564454,3.604003454010846,0
2023-03-24T17:58:55Z,2023-03-24T17:59:00Z,0.03425399560530051,3.643038485485104,3.6087844898798034,0
2023-03-24T17:58:55Z,2023-03-24T17:59:00Z,0.020628759745447756,3.632495000799667,3.6118662410542193,0
2023-03-24T17:58:55Z,2023-03-24T17:59:00Z,0.045808702030642134,3.6625761372725876,3.6167674352419454,0
2023-03-24T17:58:55Z,2023-03-24T17:59:00Z,0.08018308400230989,3.7010843391964716,3.6209012551941617,0
2023-03-24T17:58:55Z,2023-03-24T17:59:00Z,0.06626856365643352,3.69367002260387,3.6274014589474364,0
2023-03-24T17:58:55Z,2023-03-24T17:59:00Z,0.060525482737348923,3.6982373552763397,3.6377118725389908,0
2023-03-24T17:58:55Z,2023-03-24T17:59:00Z,0.0853799138104443,3.731414669562003,3.646034755751559,0
2023-03-24T17:58:55Z,2023-03-24T17:59:00Z,0.09164607184413098,3.746707401225987,3.655061329381856,0
2023-03-24T17:58:55Z,2023-03-24T17:59:00Z,0.09979844392605663,3.766442677474223,3.6666442335481664,0
2023-03-24T17:58:55Z,2023-03-24T17:59:00Z,0.11552031035341681,3.793640992101013,3.678120681747596,0
2023-03-24T17:58:55Z,2023-03-24T17:59:00Z,0.10960953069327495,3.799890968539346,3.690281437846071,0
2023-03-24T17:58:55Z,2023-03-24T17:59:00Z,0.10762975575793332,3.8145604638576596,3.7069307080997262,0
2023-03-24T17:58:55Z,2023-03-24T17:59:00Z,0.0885506558809519,3.8111666122861028,3.722615956405151,0
2023-03-24T17:58:55Z,2023-03-24T17:59:00Z,0.04662206515898015,3.7874445678699304,3.7408225027109503,0
2023-03-24T17:58:55Z,2023-03-24T17:59:00Z,0.03288614049718053,3.788567690709482,3.7556815502123015,0
2023-03-24T17:58:55Z,2023-03-24T17:59:00Z,0.013158648181590404,3.7774762212612383,3.764317573079648,0
2023-03-24T17:58:55Z,2023-03-24T17:59:00Z,0.003200795845563764,3.777008135735773,3.7738073398902094,0
2023-03-24T17:58:55Z,2023-03-24T17:59:00Z,0.030200534361483733,3.751530692127215,3.7817312264886986,0
2023-03-24T17:58:55Z,2023-03-24T17:59:00Z,0.026697175157602615,3.759593397948472,3.7862905731060748,0
2023-03-24T17:58:55Z,2023-03-24T17:59:00Z,0.013169081947894679,3.7736038202483044,3.786772902196199,0
2023-03-24T17:58:55Z,2023-03-24T17:59:00Z,0.024703959417269772,3.7613840148263535,3.7860879742436233,0
2023-03-24T17:58:55Z,2023-03-24T17:59:00Z,0.019152876269539654,3.7649313807888127,3.7840842570583524,0
2023-03-24T17:58:55Z,2023-03-24T17:59:00Z,0.03301196884061941,3.7472215928464334,3.780233561687053,0
2023-03-24T17:58:55Z,2023-03-24T17:59:00Z,0.024865740870929187,3.7504049125092394,3.7752706533801685,0
2023-03-24T17:58:55Z,2023-03-24T17:59:00Z,0.0012684769911022187,3.7676076744450997,3.768876151436202,0
2023-03-24T17:58:55Z,2023-03-24T17:59:00Z,0.009278836728160655,3.755893349171972,3.765172185900133,0
2023-03-24T17:58:55Z,2023-03-24T17:59:00Z,0.003955684487664701,3.767031868761359,3.7630761842736944,0
2023-03-24T17:58:55Z,2023-03-24T17:59:00Z,0.02105986517075964,3.781977762235527,3.7609178970647674,0
2023-03-24T17:58:55Z,2023-03-24T17:59:00Z,0.003968647478525433,3.763888917845851,3.7599202703673256,0
2023-03-24T17:58:55Z,2023-03-24T17:59:00Z,0.012593640705649278,3.7755586180838066,3.7629649773781573,0
2023-03-24T17:58:55Z,2023-03-24T17:59:00Z,0.015378867106695449,3.778773396474591,3.7633945293678956,0
2023-03-24T17:58:55Z,2023-03-24T17:59:00Z,0.015272846228874482,3.77886285538032,3.7635900091514456,0
2023-03-24T17:58:55Z,2023-03-24T17:59:00Z,0.005922550263592452,3.7712514975798612,3.7653289473162688,0
2023-03-24T17:58:55Z,2023-03-24T17:59:00Z,0.008771307684912966,3.7579507870905067,3.7667220947754196,0
2023-03-24T17:58:55Z,2023-03-24T17:59:00Z,0.007932846602348498,3.761192238646414,3.7691250852487626,0
2023-03-24T17:58:55Z,2023-03-24T17:59:00Z,0.0334425642822711,3.7364371084246186,3.7698796727068897,0
2023-03-24T17:58:55Z,2023-03-24T17:59:00Z,0.03751466740271692,3.731723461724304,3.7692381291270207,0
2023-03-24T17:58:55Z,2023-03-24T17:59:00Z,0.029771710500204218,3.7375207945520814,3.7672925050522856,0
2023-03-24T17:58:55Z,2023-03-24T17:59:00Z,0.0364817152693413,3.7272799490792385,3.76376166434858,0
2023-03-24T17:58:55Z,2023-03-24T17:59:00Z,0.04796705769423859,3.711348909885997,3.7593159675802355,0
2023-03-24T17:58:55Z,2023-03-24T17:59:00Z,0.05746590117132966,3.698189169532245,3.7556550707035745,0
2023-03-24T17:58:55Z,2023-03-24T17:59:00Z,0.059023091637749214,3.690211008246044,3.749234099883793,0
2023-03-24T17:58:55Z,2023-03-24T17:59:00Z,0.052719442902064095,3.6884562342874943,3.7411756771895583,0
2023-03-24T17:58:55Z,2023-03-24T17:59:00Z,0.06456859532059411,3.667741897155537,3.732310492476131,0
2023-03-24T17:58:55Z,2023-03-24T17:59:00Z,0.04363630387891826,3.6803946622679757,3.724030966146894,0
2023-03-24T17:58:55Z,2023-03-24T17:59:00Z,0.06123134079666226,3.6537787363567347,3.715010077153397,0
2023-03-24T17:58:55Z,2023-03-24T17:59:00Z,0.046917390190319264,3.660012929325235,3.7069303195155543,0
2023-03-24T17:58:55Z,2023-03-24T17:59:00Z,0.06083833260693927,3.637826149701826,3.6986644823087653,0
2023-03-24T17:58:55Z,2023-03-24T17:59:00Z,0.04616047552364844,3.6453329535452093,3.6914934290688577,0
2023-03-24T17:58:55Z,2023-03-24T17:59:00Z,0.033332680653701985,3.6481912839301307,3.6815239645838327,0
2023-03-24T17:58:55Z,2023-03-24T17:59:00Z,0.015930207977327804,3.6573990570531016,3.6733292650304294,0
2023-03-24T17:58:55Z,2023-03-24T17:59:00Z,0.024202816898037494,3.642810685536806,3.6670135024348434,0
2023-03-24T17:58:55Z,2023-03-24T17:59:00Z,0.02668378400401128,3.636250707182917,3.6629344911869284,0
2023-03-24T17:58:55Z,2023-03-24T17:59:00Z,0.010630087600007165,3.647564371315998,3.658194458916005,0
2023-03-24T17:58:55Z,2023-03-24T17:59:00Z,0.010778181662728592,3.642195724542819,3.6529739062055477,0
2023-03-24T17:58:55Z,2023-03-24T17:59:00Z,0.017487622623393317,3.6334685309982,3.6509561536215935,0
2023-03-24T17:58:55Z,2023-03-24T17:59:00Z,0.01624438742583756,3.6308918724232404,3.647136259849078,0
2023-03-24T17:58:55Z,2023-03-24T17:59:00Z,0.039713517411263055,3.6053917219019613,3.6451052393132244,0
2023-03-24T17:58:55Z,2023-03-24T17:59:00Z,0.024426472275042688,3.6177666613479817,3.6421931336230244,0
2023-03-24T17:58:55Z,2023-03-24T17:59:00Z,0.02759969482628799,3.61134999601675,3.638949690843038,0
2023-03-24T17:58:55Z,2023-03-24T17:59:00Z,0.04598171536093121,3.590211346262384,3.6361930616233153,0
2023-03-24T17:58:55Z,2023-03-24T17:59:00Z,0.026754830306286337,3.6057541025256907,3.632508932831977,0
2023-03-24T17:58:55Z,2023-03-24T17:59:00Z,0.04574074874487488,3.5800494130080307,3.6257901617529056,0
2023-03-24T17:58:55Z,2023-03-24T17:59:00Z,0.045870333947946484,3.5762141695038485,3.622084503451795,0
2023-03-24T17:58:55Z,2023-03-24T17:59:00Z,0.04250705283155387,3.573957321202752,3.616464374034306,0
2023-03-24T17:58:55Z,2023-03-24T17:59:00Z,0.0512103247048441,3.5581190291482465,3.6093293538530906,0
2023-03-24T17:58:55Z,2023-03-24T17:59:00Z,0.0367474354971824,3.5657580780219016,3.602505513519084,0
2023-03-24T17:58:55Z,2023-03-24T17:59:00Z,0.022042467996681747,3.5729280953374065,3.5949705633340883,0
2023-03-24T17:58:55Z,2023-03-24T17:59:00Z,0.010957122155808907,3.5775000617381454,3.5884571838939543,0
2023-03-24T17:58:55Z,2023-03-24T17:59:00Z,0.006233074877049827,3.5789777463604504,3.5852108212375002,0
2023-03-24T17:58:55Z,2023-03-24T17:59:00Z,0.006770060419551971,3.5744141008569636,3.5811841612765156,0
2023-03-24T17:58:55Z,2023-03-24T17:59:00Z,0.03902184842056977,3.616968784731455,3.577946936310885,0
2023-03-24T17:58:55Z,2023-03-24T17:59:00Z,0.03116420697481148,3.6075314187451553,3.576367211770344,0
2023-03-24T17:58:55Z,2023-03-24T17:59:00Z,0.03306511562032721,3.6105537956112475,3.5774886799909202,0
2023-03-24T17:58:55Z,2023-03-24T17:59:00Z,0.02527799231893013,3.6055148728835626,3.5802368805646325,0
2023-03-24T17:58:55Z,2023-03-24T17:59:00Z,0.030774414751293833,3.6144452579266657,3.583670843175372,0
2023-03-24T17:58:55Z,2023-03-24T17:59:00Z,0.02119939764249379,3.608025995985947,3.5868265983434533,0
2023-03-24T17:58:55Z,2023-03-24T17:59:00Z,0.026086652916697428,3.6185458741379932,3.592459221221296,0
2023-03-24T17:58:55Z,2023-03-24T17:59:00Z,0.008327783786425957,3.6050137968041263,3.5966860130177003,0
2023-03-24T17:58:55Z,2023-03-24T17:59:00Z,0.01553424210159804,3.6167820329993567,3.6012477908977587,0
2023-03-24T17:58:55Z,2023-03-24T17:59:00Z,0.004681589479631043,3.5993175749247257,3.6039991644043567,0
2023-03-24T17:58:55Z,2023-03-24T17:59:00Z,0.0004493344518827769,3.607330258616364,3.607779593068247,0
2023-03-24T17:58:55Z,2023-03-24T17:59:00Z,0.02224052577006974,3.588029414704954,3.610269940475024,0
2023-03-24T17:58:55Z,2023-03-24T17:59:00Z,0.014661843404300434,3.5946442444592144,3.609306087863515,0
2023-03-24T17:58:55Z,2023-03-24T17:59:00Z,0.01426143517681977,3.5930944522826747,3.6073558874594944,0
2023-03-24T17:58:55Z,2023-03-24T17:59:00Z,0.03318596212310121,3.5725789702211905,3.6057649323442917,0
2023-03-24T17:58:55Z,2023-03-24T17:59:00Z,0.06031228069813244,3.5442106095860697,3.604522890284202,0
2023-03-24T17:58:55Z,2023-03-24T17:59:00Z,0.042621292894738705,3.5577149686189165,3.600336261513655,0
2023-03-24T17:58:55Z,2023-03-24T17:59:00Z,0.046316643813814284,3.547638079059852,3.5939547228736664,0
2023-03-24T17:58:55Z,2023-03-24T17:59:00Z,0.03595315594874382,3.551918476373015,3.5878716323217588,0
2023-03-24T17:58:55Z,2023-03-24T17:59:00Z,0.015384081446023323,3.566749979101308,3.5821340605473315,0
2023-03-24T17:58:55Z,2023-03-24T17:59:00Z,0.005955295285061002,3.5696924095996363,3.5756477048846973,0
2023-03-24T17:58:55Z,2023-03-24T17:59:00Z,0.007987132430303134,3.58037807773266,3.572390945302357,0
2023-03-24T17:58:55Z,2023-03-24T17:59:00Z,0.02171297151696594,3.590340131917649,3.568627160400683,0
2023-03-24T17:58:55Z,2023-03-24T17:59:00Z,0.010957984603464865,3.578820011306919,3.567862026703454,0
2023-03-24T17:58:55Z,2023-03-24T17:59:00Z,0.029535013243335406,3.5969666286926323,3.567431615449297,0
2023-03-24T17:58:55Z,2023-03-24T17:59:00Z,0.03627120442636533,3.602275375778087,3.5660041713517217,0
2023-03-24T17:58:55Z,2023-03-24T17:59:00Z,0.011505210921256559,3.5799481481201223,3.5684429371988657,0
2023-03-24T17:58:55Z,2023-03-24T17:59:00Z,0.04560699711739202,3.6198564109354594,3.5742494138180674,0
2023-03-24T17:58:55Z,2023-03-24T17:59:00Z,0.031727624920111275,3.6082003566882994,3.576472731768188,0
2023-03-24T17:58:55Z,2023-03-24T17:59:00Z,0.029995584293894595,3.613690149249644,3.5836945649557492,0
2023-03-24T17:58:55Z,2023-03-24T17:59:00Z,0.033880823289270445,3.623203576276548,3.5893227529872775,0
2023-03-24T17:58:55Z,2023-03-24T17:59:00Z,0.00043371037734107887,3.5935830596247698,3.594016770002111,0
2023-03-24T17:58:55Z,2023-03-24T17:59:00Z,0.007227484024462161,3.592140402645339,3.599367886669801,0
2023-03-24T17:58:55Z,2023-03-24T17:59:00Z,0.016474684058739975,3.584213700800273,3.600688384859013,0
2023-03-24T17:58:55Z,2023-03-24T17:59:00Z,0.015615274643403065,3.585253137288379,3.600868411931782,0
2023-03-24T17:58:55Z,2023-03-24T17:59:00Z,0.02025345498647546,3.5811543258946426,3.601407780881118,0
2023-03-24T17:58:55Z,2023-03-24T17:59:00Z,0.025860756628440118,3.5743756751122513,3.6002364317406914,0
2023-03-24T17:58:55Z,2023-03-24T17:59:00Z,0.017406387697533887,3.5807179390548134,3.5981243267523473,0
2023-03-24T17:58:55Z,2023-03-24T17:59:00Z,0.02606120837648085,3.5715058710750798,3.5975670794515606,0
2023-03-24T17:58:55Z,2023-03-24T17:59:00Z,0.005825960549100451,3.5994791928125967,3.593653232263496,0
2023-03-24T17:58:55Z,2023-03-24T17:59:00Z,0.015926846549878526,3.574056937152296,3.5899837837021744,0
2023-03-24T17:58:55Z,2023-03-24T17:59:00Z,0.004662873813536361,3.583899814244933,3.5885626880584693,0
2023-03-24T17:58:55Z,2023-03-24T17:59:00Z,0.011904608608577671,3.571743415537466,3.5836480241460436,0
2023-03-24T17:58:55Z,2023-03-24T17:59:00Z,0.01277365673512909,3.569906042872931,3.58267969960806,0
2023-03-24T17:58:55Z,2023-03-24T17:59:00Z,0.003333573480582608,3.5773064274166906,3.580640000897273,0
2023-03-24T17:58:55Z,2023-03-24T17:59:00Z,0.004945621843257975,3.584154856947797,3.579209235104539,0
2023-03-24T17:58:55Z,2023-03-24T17:59:00Z,0.012071419264757743,3.5663431448526115,3.5784145641173692,0
2023-03-24T17:58:55Z,2023-03-24T17:59:00Z,0.02211940697785586,3.55659521024483,3.578714617222686,0
2023-03-24T17:58:55Z,2023-03-24T17:59:00Z,0.03279383222014953,3.545117531976572,3.5779113641967215,0
2023-03-24T17:58:55Z,2023-03-24T17:59:00Z,0.03089432377670409,3.5446047675390187,3.5754990913157227,0
2023-03-24T17:58:55Z,2023-03-24T17:59:00Z,0.027211370502552956,3.5456488869033196,3.5728602574058725,0
2023-03-24T17:58:55Z,2023-03-24T17:59:00Z,0.014301980520452062,3.5816747953989667,3.5673728148785147,0
2023-03-24T17:58:55Z,2023-03-24T17:59:00Z,0.030730910266750566,3.595262920120368,3.5645320098536173,0
2023-03-24T17:58:55Z,2023-03-24T17:59:00Z,0.04828656170526058,3.612596069674281,3.5643095079690204,0
2023-03-24T17:58:55Z,2023-03-24T17:59:00Z,0.04773153312439149,3.614392991551702,3.5666614584273106,0
2023-03-24T17:58:55Z,2023-03-24T17:59:00Z,0.04780133012543075,3.6187317912328765,3.5709304611074457,0
2023-03-24T17:58:55Z,2023-03-24T17:59:00Z,0.047690046912363115,3.6223291644333098,3.5746391175209467,0
2023-03-24T17:58:55Z,2023-03-24T17:59:00Z,0.04781287199707851,3.625909682946533,3.5780968109494546,0
2023-03-24T17:58:55Z,2023-03-24T17:59:00Z,0.058710971821206215,3.642406384728731,3.5836954129075247,0
2023-03-24T17:58:55Z,2023-03-24T17:59:00Z,0.052862400948664234,3.6434892611263594,3.590626860177695,0
2023-03-24T17:58:55Z,2023-03-24T17:59:00Z,0.044133783572092966,3.644489529025004,3.600355745452911,0
2023-03-24T17:58:55Z,2023-03-24T17:59:00Z,0.05260986438488047,3.6628540591965253,3.610244194811645,0
2023-03-24T17:58:55Z,2023-03-24T17:59:00Z,0.055922066029660655,3.6760503250534735,3.620128259023813,0
2023-03-24T17:58:55Z,2023-03-24T17:59:00Z,0.04207517350792189,3.6703213589114907,3.628246185403569,0
2023-03-24T17:58:55Z,2023-03-24T17:59:00Z,0.05593479660431999,3.6922597225012,3.63632492589688,0
2023-03-24T17:58:55Z,2023-03-24T17:59:00Z,0.06396829361168965,3.706065748432291,3.6420974548206013,0
2023-03-24T17:58:55Z,2023-03-24T17:59:00Z,0.06697825757025289,3.7168623854858036,3.6498841279155507,0
2023-03-24T17:58:55Z,2023-03-24T17:59:00Z,0.07978594192999822,3.73840346556549,3.658617523635492,0
2023-03-24T17:58:55Z,2023-03-24T17:59:00Z,0.06524561725521849,3.7333164629959597,3.668070845740741,0
2023-03-24T17:58:55Z,2023-03-24T17:59:00Z,0.06874854114874118,3.7480687651513778,3.6793202240026366,0
2023-03-24T17:58:55Z,2023-03-24T17:59:00Z,0.05007308473263983,3.7384843165619994,3.6884112318293596,0
2023-03-24T17:58:55Z,2023-03-24T17:59:00Z,0.044131321016218195,3.7430005032480804,3.6988691822318622,0
2023-03-24T17:58:55Z,2023-03-24T17:59:00Z,0.048531090846040126,3.7567997518316014,3.7082686609855613,0
2023-03-24T17:58:55Z,2023-03-24T17:59:00Z,0.045393950028779884,3.761677255419497,3.716283305390717,0
2023-03-24T17:58:55Z,2023-03-24T17:59:00Z,0.06255041012399687,3.7869086581925266,3.7243582480685298,0
2023-03-24T17:58:55Z,2023-03-24T17:59:00Z,0.05939374916031914,3.7928875868796497,3.7334938377193305,0
2023-03-24T17:58:55Z,2023-03-24T17:59:00Z,0.07015134305995874,3.813110074348422,3.7429587312884633,0
2023-03-24T17:58:55Z,2023-03-24T17:59:00Z,0.08040370216020065,3.8320446172933997,3.751640915133199,0
2023-03-24T17:58:55Z,2023-03-24T17:59:00Z,0.08181404714073848,3.843079731160199,3.7612656840194605,0
2023-03-24T17:58:55Z,2023-03-24T17:59:00Z,0.08663391611751559,3.8572637153097666,3.770629799192251,0
2023-03-24T17:58:55Z,2023-03-24T17:59:00Z,0.08121961660791666,3.862825742616592,3.7816061260086755,0
2023-03-24T17:58:55Z,2023-03-24T17:59:00Z,0.07260906188731742,3.8651346829118314,3.792525621024514,0
2023-03-24T17:58:55Z,2023-03-24T17:59:00Z,0.091552285783008,3.8965120494129817,3.8049597636299737,0
2023-03-24T17:58:55Z,2023-03-24T17:59:00Z,0.09399264774922944,3.9111658293455775,3.817173181596348,0
2023-03-24T17:58:55Z,2023-03-24T17:59:00Z,0.09839619691098722,3.929540608265474,3.8311444113544866,0
2023-03-24T17:58:55Z,2023-03-24T17:59:00Z,0.08002072866731069,3.9261139974144053,3.8460932687470946,0
2023-03-24T17:58:55Z,2023-03-24T17:59:00Z,0.06867963962268187,3.9290361033770718,3.86035646375439,0
2023-03-24T17:58:55Z,2023-03-24T17:59:00Z,0.041604497230699256,3.9152836020385644,3.873679104807865,0
2023-03-24T17:58:55Z,2023-03-24T17:59:00Z,0.03361442718098662,3.9188861348917166,3.88527170771073,0
2023-03-24T17:58:55Z,2023-03-24T17:59:00Z,0.028425903943787745,3.9220215101290337,3.893595606185246,0
2023-03-24T17:58:55Z,2023-03-24T17:59:00Z,0.02028402437698773,3.9214602709353854,3.9011762465583977,0
2023-03-24T17:58:55Z,2023-03-24T17:59:00Z,0.01179126277166409,3.9194432888119892,3.907652026040325,0
2023-03-24T17:58:55Z,2023-03-24T17:59:00Z,0.013408860023599978,3.926924338895804,3.913515478872204,0
2023-03-24T17:58:55Z,2023-03-24T17:59:00Z,0.003981576084711946,3.914964763377508,3.91894633946222,0
2023-03-24T17:58:55Z,2023-03-24T17:59:00Z,0.0029336305375129434,3.919053937872989,3.921987568410502,0
2023-03-24T17:58:55Z,2023-03-24T17:59:00Z,0.0015417760734419694,3.923909237887137,3.922367461813695,0
2023-03-24T17:58:55Z,2023-03-24T17:59:00Z,0.010072760156109695,3.9313915549305563,3.9213187947744466,0
2023-03-24T17:58:55Z,2023-03-24T17:59:00Z,0.010081509927580612,3.9110168088941393,3.92109831882172,0
2023-03-24T17:58:55Z,2023-03-24T17:59:00Z,0.0008704291847903001,3.920463434792278,3.9213338639770683,0
2023-03-24T17:58:55Z,2023-03-24T17:59:00Z,0.02437768973077592,3.89652949493185,3.9209071846626258,0
2023-03-24T17:58:55Z,2023-03-24T17:59:00Z,0.03876719404730711,3.882297720605374,3.921064914652681,0
2023-03-24T17:58:55Z,2023-03-24T17:59:00Z,0.010704647436537318,3.907811065696426,3.918515713132963,0
2023-03-24T17:58:55Z,2023-03-24T17:59:00Z,0.014096062140010357,3.9005033959599515,3.914599458099962,0
2023-03-24T17:58:55Z,2023-03-24T17:59:00Z,0.006532288632535188,3.9069039471558713,3.9134362357884065,0
2023-03-24T17:58:55Z,2023-03-24T17:59:00Z,0.0015377185266900462,3.912331860021511,3.910794141494821,0
2023-03-24T17:58:55Z,2023-03-24T17:59:00Z,0.0006308363495035607,3.9093572235231537,3.9099880598726573,0
2023-03-24T17:58:55Z,2023-03-24T17:59:00Z,0.01386625776714423,3.9231821098546535,3.9093158520875093,0
2023-03-24T17:58:55Z,2023-03-24T17:59:00Z,0.014345280556512296,3.922205931207623,3.9078606506511107,0
2023-03-24T17:58:55Z,2023-03-24T17:59:00Z,0.0012555324332552686,3.905784173710265,3.9070397061435203,0
2023-03-24T17:58:55Z,2023-03-24T17:59:00Z,0.00412005432812812,3.912278672702997,3.908158618374869,0
2023-03-24T17:58:55Z,2023-03-24T17:59:00Z,0.005033020845804259,3.901657671420863,3.9066906922666673,0
2023-03-24T17:58:55Z,2023-03-24T17:59:00Z,0.024173926932774314,3.884091683111008,3.9082656100437823,0
2023-03-24T17:58:55Z,2023-03-24T17:59:00Z,0.02845310523221123,3.88174849989312,3.9102016051253314,0
2023-03-24T17:58:55Z,2023-03-24T17:59:00Z,0.03179558441795116,3.876034082448839,3.9078296668667902,0
2023-03-24T17:58:55Z,2023-03-24T17:59:00Z,0.043209821409219806,3.8627443558508867,3.9059541772601065,0
2023-03-24T17:58:55Z,2023-03-24T17:59:00Z,0.05061161037258133,3.852255580416822,3.9028671907894035,0
2023-03-24T17:58:55Z,2023-03-24T17:59:00Z,0.06144253726441962,3.836465903107921,3.8979084403723405,0
2023-03-24T17:58:55Z,2023-03-24T17:59:00Z,0.06342873440840435,3.8287695416533034,3.8921982760617078,0
2023-03-24T17:58:55Z,2023-03-24T17:59:00Z,0.08185987346819479,3.80166678191884,3.8835266553870347,0
2023-03-24T17:58:55Z,2023-03-24T17:59:00Z,0.07463199396321052,3.799551022468392,3.8741830164316027,0
2023-03-24T17:58:55Z,2023-03-24T17:59:00Z,0.06916338411409795,3.794607893138362,3.86377127725246,0
2023-03-24T17:58:55Z,2023-03-24T17:59:00Z,0.07761712375409324,3.7748813884749066,3.852498512229,0
2023-03-24T17:58:55Z,2023-03-24T17:59:00Z,0.09569967612608377,3.7460938582746657,3.8417935344007494,0
2023-03-24T17:58:55Z,2023-03-24T17:59:00Z,0.13114583488065934,3.69972667005648,3.8308725049371395,0
2023-03-24T17:58:55Z,2023-03-24T17:59:00Z,0.16082136958422577,3.656485671191069,3.8173070407752947,1
2023-03-24T17:58:55Z,2023-03-24T17:59:00Z,0.1743125933494487,3.6253637061866097,3.7996762995360585,1
2023-03-24T17:58:55Z,2023-03-24T17:59:00Z,0.19515578203633233,3.583894649033744,3.7790504310700763,1
2023-03-24T17:58:55Z,2023-03-24T17:59:00Z,0.20204784671319187,3.554313396933863,3.756361243647055,1
2023-03-24T17:58:55Z,2023-03-24T17:59:00Z,0.1990329200396892,3.532071198199948,3.7311041182396374,1
2023-03-24T17:58:55Z,2023-03-24T17:59:00Z,0.1922572394421307,3.511401264325563,3.7036585037676937,1
2023-03-24T17:58:55Z,2023-03-24T17:59:00Z,0.2083555961316632,3.4683433492641407,3.676698945395804,1
2023-03-24T17:58:55Z,2023-03-24T17:59:00Z,0.21935327988587527,3.428530689695646,3.647883969581521,1
2023-03-24T17:58:55Z,2023-03-24T17:59:00Z,0.22107036683635028,3.3941871483577484,3.6152575151940987,1
2023-03-24T17:58:55Z,2023-03-24T17:59:00Z,0.19889735976610412,3.381725085550069,3.5806224453161732,1
2023-03-24T17:58:55Z,2023-03-24T17:59:00Z,0.15373980155439737,3.3916919727700843,3.5454317743244816,1
2023-03-24T17:58:55Z,2023-03-24T17:59:00Z,0.11207698220887385,3.4015546336649662,3.51363161587384,1
2023-03-24T17:58:55Z,2023-03-24T17:59:00Z,0.10437364836173346,3.382778597670008,3.4871522460317417,1
2023-03-24T17:58:55Z,2023-03-24T17:59:00Z,0.11473937163189118,3.3500319671476855,3.4647713387795767,1
2023-03-24T17:58:55Z,2023-03-24T17:59:00Z,0.13042310564992476,3.3142366279932793,3.444659733643204,1
2023-03-24T17:58:55Z,2023-03-24T17:59:00Z,0.1407692624836825,3.283462328180903,3.4242315906645855,1
2023-03-24T17:58:55Z,2023-03-24T17:59:00Z,0.15292921220629507,3.2495189214376246,3.4024481336439196,1
2023-03-24T17:58:55Z,2023-03-24T17:59:00Z,0.16985355120590073,3.209800688823552,3.3796542400294527,1
2023-03-24T17:58:55Z,2023-03-24T17:59:00Z,0.17931302299440333,3.178458774252398,3.3577717972468015,1
2023-03-24T17:58:55Z,2023-03-24T17:59:00Z,0.1892684460752534,3.146630351084339,3.3358987971595924,1
2023-03-24T17:58:55Z,2023-03-24T17:59:00Z,0.1972752580748134,3.1170507016742435,3.314325959749057,1
2023-03-24T17:58:55Z,2023-03-24T17:59:00Z,0.21433446392202882,3.0764820223804556,3.2908164863024845,1
2023-03-24T17:58:55Z,2023-03-24T17:59:00Z,0.2239586988707014,3.039393660322199,3.2633523591929006,1
2023-03-24T17:58:55Z,2023-03-24T17:59:00Z,0.2264515946145167,3.004393503449932,3.2308450980644485,1
2023-03-24T17:58:55Z,2023-03-24T17:59:00Z,0.23293313107616775,2.9635734732535,3.196506604329668,1
2023-03-24T17:58:55Z,2023-03-24T17:59:00Z,0.22608782006960038,2.9358549378902925,3.161942757959893,1
2023-03-24T17:58:55Z,2023-03-24T17:59:00Z,0.22714851296066207,2.8997279295252527,3.126876442485915,1
2023-03-24T17:58:55Z,2023-03-24T17:59:00Z,0.2214556933814973,2.8706600100753565,3.092115703456854,1
2023-03-24T17:58:55Z,2023-03-24T17:59:00Z,0.19713588830971807,2.860000715955898,3.057136604265616,1
2023-03-24T17:58:55Z,2023-03-24T17:59:00Z,0.18374888461536587,2.8394736517754313,3.023222536390797,1
2023-03-24T17:58:55Z,2023-03-24T17:59:00Z,0.17320679969590458,2.818169930865242,2.9913767305611465,1
2023-03-24T17:58:55Z,2023-03-24T17:59:00Z,0.16164085750226143,2.799020203127995,2.9606610606302564,1
2023-03-24T17:58:55Z,2023-03-24T17:59:00Z,0.15559261001219715,2.7751803735371587,2.930772983549356,1
2023-03-24T17:58:55Z,2023-03-24T17:59:00Z,0.12603578329109633,2.7769910183330135,2.90302680162411,1
2023-03-24T17:58:55Z,2023-03-24T17:59:00Z,0.10139411924823705,2.7752113536973684,2.8766054729456054,1
2023-03-24T17:58:55Z,2023-03-24T17:59:00Z,0.07961751869398759,2.7742477057399264,2.853865224433914,1
2023-03-24T17:58:55Z,2023-03-24T17:59:00Z,0.06500393426317519,2.770025078215126,2.835029012478301,1
2023-03-24T17:58:55Z,2023-03-24T17:59:00Z,0.05609131422525104,2.762776975038013,2.818868289263264,1
2023-03-24T17:58:55Z,2023-03-24T17:59:00Z,0.0515440431299119,2.75435396100234,2.805898004132252,1
2023-03-24T17:58:55Z,2023-03-24T17:59:00Z,0.051817911447924914,2.7432917891805926,2.7951097006285175,1
2023-03-24T17:58:55Z,2023-03-24T17:59:00Z,0.054617091783765837,2.7299279333493955,2.7845450251331614,1
2023-03-24T17:58:55Z,2023-03-24T17:59:00Z,0.05448086090201443,2.720445977971663,2.7749268388736774,1
2023-03-24T17:58:55Z,2023-03-24T17:59:00Z,0.048954840477395845,2.717147798644697,2.7661026391220926,1
2023-03-24T17:58:55Z,2023-03-24T17:59:00Z,0.04063566137127328,2.7176095552351867,2.75824521660646,1
2023-03-24T17:58:55Z,2023-03-24T17:59:00Z,0.016210884482255494,2.736231074634958,2.7524419591172133,1
2023-03-24T17:58:55Z,2023-03-24T17:59:00Z,0.022306296742902187,2.724197516064528,2.7465038128074304,1
2023-03-24T17:58:55Z,2023-03-24T17:59:00Z,0.04874623889500329,2.6938595460061863,2.7426057849011896,1
2023-03-24T17:58:55Z,2023-03-24T17:59:00Z,0.06941396021271817,2.668186805720932,2.7376007659336503,1
2023-03-24T17:58:55Z,2023-03-24T17:59:00Z,0.07086683094329116,2.659117381769465,2.7299842127127563,1
2023-03-24T17:58:55Z,2023-03-24T17:59:00Z,0.05961835872672383,2.660906837054324,2.7205251957810477,1
2023-03-24T17:58:55Z,2023-03-24T17:59:00Z,0.04983303618773505,2.6611685016700255,2.7110015378577605,1
2023-03-24T17:58:55Z,2023-03-24T17:59:00Z,0.04503871815263105,2.6577243244925026,2.7027630426451337,1
2023-03-24T17:58:55Z,2023-03-24T17:59:00Z,0.03569476699290286,2.6601923324842938,2.6958870994771966,1
2023-03-24T17:58:55Z,2023-03-24T17:59:00Z,0.030527112050800387,2.65908782207848,2.6896149341292803,1
2023-03-24T17:58:55Z,2023-03-24T17:59:00Z,0.027634876106871875,2.6562845114063682,2.68391938751324,1
2023-03-24T17:58:55Z,2023-03-24T17:59:00Z,0.023022002923180462,2.655045211274389,2.6780672141975694,1
2023-03-24T17:58:55Z,2023-03-24T17:59:00Z,0.01473240662714348,2.655340151247567,2.6700725578747107,1
2023-03-24T17:58:55Z,2023-03-24T17:59:00Z,0.016805685157757377,2.679963012553454,2.6631573273956968,1
2023-03-24T17:58:55Z,2023-03-24T17:59:00Z,0.04473747035992259,2.7040428582797578,2.659305387919835,1
2023-03-24T17:58:55Z,2023-03-24T17:59:00Z,0.06031607239451864,2.720799080997606,2.6604830086030873,1
2023-03-24T17:58:55Z,2023-03-24T17:59:00Z,0.08680402296986056,2.751779579223977,2.6649755562541166,1
2023-03-24T17:58:55Z,2023-03-24T17:59:00Z,0.10872075538819725,2.7796855360366415,2.6709647806484442,0
2023-03-24T17:58:55Z,2023-03-24T17:59:00Z,0.130039254263151,2.8100651426669905,2.6800258884038395,0
2023-03-24T17:58:55Z,2023-03-24T17:59:00Z,0.14480513863739652,2.83702714819565,2.6922220095582534,0
2023-03-24T17:58:55Z,2023-03-24T17:59:00Z,0.1460398444116784,2.8532491349882014,2.707209290576523,0
2023-03-24T17:58:55Z,2023-03-24T17:59:00Z,0.15145296779977047,2.8764561909880104,2.72500322318824,0
2023-03-24T17:58:55Z,2023-03-24T17:59:00Z,0.15774359458874931,2.9024432801351723,2.744699685546423,0
2023-03-24T17:58:55Z,2023-03-24T17:59:00Z,0.16145346941775562,2.9282942529355416,2.766840783517786,0
2023-03-24T17:58:55Z,2023-03-24T17:59:00Z,0.16381323944603432,2.9553643358525803,2.791551096406546,0
2023-03-24T17:58:55Z,2023-03-24T17:59:00Z,0.1621166001530412,2.9785008205977963,2.816384220444755,0
2023-03-24T17:58:55Z,2023-03-24T17:59:00Z,0.16593125197012304,3.00744762017216,2.841516368202037,0
2023-03-24T17:58:55Z,2023-03-24T17:59:00Z,0.1758369042585497,3.0431234464206054,2.8672865421620557,0
2023-03-24T17:58:55Z,2023-03-24T17:59:00Z,0.18031975616051277,3.073173102417387,2.8928533462568744,0
2023-03-24T17:58:55Z,2023-03-24T17:59:00Z,0.194060390113302,3.113257527408573,2.919197137295271,0
2023-03-24T17:58:55Z,2023-03-24T17:59:00Z,0.20851186712771108,3.154019800398022,2.945507933270311,0
2023-03-24T17:58:55Z,2023-03-24T17:59:00Z,0.22138979381572765,3.1945207650073306,2.973130971191603,0
2023-03-24T17:58:55Z,2023-03-24T17:59:00Z,0.23138486002431868,3.2345928977569036,3.003208037732585,0
2023-03-24T17:58:55Z,2023-03-24T17:59:00Z,0.23854410641649926,3.2735586015510156,3.0350144951345164,0
2023-03-24T17:58:55Z,2023-03-24T17:59:00Z,0.2490814285189744,3.3173108854156643,3.06822945689669,0
2023-03-24T17:58:55Z,2023-03-24T17:59:00Z,0.2425367479781939,3.3452926397364315,3.1027558917582376,0
2023-03-24T17:58:55Z,2023-03-24T17:59:00Z,0.1985032088450498,3.337453755559596,3.138950546714546,0
2023-03-24T17:58:55Z,2023-03-24T17:59:00Z,0.19940324104042517,3.375032969668834,3.175629728628409,0
2023-03-24T17:58:55Z,2023-03-24T17:59:00Z,0.2292852915082193,3.4379156336753725,3.208630342167153,0
2023-03-24T17:58:55Z,2023-03-24T17:59:00Z,0.23967862527163053,3.4814999197636065,3.241821294491976,0
2023-03-24T17:58:55Z,2023-03-24T17:59:00Z,0.25330505418085947,3.5316006017986337,3.278295547617774,0
2023-03-24T17:58:55Z,2023-03-24T17:59:00Z,0.25436557608616983,3.5694853629394476,3.315119786853278,0
2023-03-24T17:58:55Z,2023-03-24T17:59:00Z,0.24243146677800054,3.5953093337713393,3.352877866993339,0
2023-03-24T17:58:55Z,2023-03-24T17:59:00Z,0.22403112449863416,3.614405451285185,3.3903743267865507,0
2023-03-24T17:58:55Z,2023-03-24T17:59:00Z,0.20064129481178794,3.627087265199782,3.426445970387994,0
2023-03-24T17:58:55Z,2023-03-24T17:59:00Z,0.16517961617685106,3.6257102715382623,3.4605306553614112,0
2023-03-24T17:58:55Z,2023-03-24T17:59:00Z,0.11649160209884446,3.6079998954386676,3.491508293339823,0
2023-03-24T17:58:55Z,2023-03-24T17:59:00Z,0.06598015496910525,3.585530211489111,3.5195500565200057,0
2023-03-24T17:58:55Z,2023-03-24T17:59:00Z,0.028085584822135523,3.574690255330049,3.5466046705079135,0
2023-03-24T17:58:55Z,2023-03-24T17:59:00Z,0.025897386735656447,3.541757007954285,3.5676543946899413,0
2023-03-24T17:58:55Z,2023-03-24T17:59:00Z,0.07135367975320994,3.509978177102199,3.581331856855409,0
2023-03-24T17:58:55Z,2023-03-24T17:59:00Z,0.057317727205359326,3.5300398384691167,3.587357565674476,0
2023-03-24T17:58:55Z,2023-03-24T17:59:00Z,0.06322529350620743,3.521970029698626,3.5851953232048333,0
2023-03-24T17:58:55Z,2023-03-24T17:59:00Z,0.09714975135241533,3.4841010194053847,3.5812507707578,0
2023-03-24T17:58:55Z,2023-03-24T17:59:00Z,0.08024221254688646,3.4936746278036424,3.573916840350529,0
2023-03-24T17:58:55Z,2023-03-24T17:59:00Z,0.055351018052274714,3.5055353791102744,3.560886397162549,0
2023-03-24T17:58:55Z,2023-03-24T17:59:00Z,0.034416406423860124,3.5131287269990747,3.547545133422935,0
2023-03-24T17:58:55Z,2023-03-24T17:59:00Z,0.040348373489906386,3.4951792706902296,3.535527644180136,0
2023-03-24T17:58:55Z,2023-03-24T17:59:00Z,0.021241850687730324,3.504798676648446,3.526040527336176,0
2023-03-24T17:58:55Z,2023-03-24T17:59:00Z,0.006949525670270074,3.5100559075860183,3.5170054332562883,0
2023-03-24T17:58:55Z,2023-03-24T17:59:00Z,0.01878767093220235,3.52880394632033,3.5100162753881277,0
2023-03-24T17:58:55Z,2023-03-24T17:59:00Z,0.03789969275640015,3.544745858107701,3.506846165351301,0
2023-03-24T17:58:55Z,2023-03-24T17:59:00Z,0.05075284314519646,3.55948158541831,3.5087287422731137,0
2023-03-24T17:58:55Z,2023-03-24T17:59:00Z,0.047099953411326556,3.557299297648299,3.5101993442369723,0
2023-03-24T17:58:55Z,2023-03-24T17:59:00Z,0.06305685926634608,3.5770073590752873,3.5139504998089413,0
2023-03-24T17:58:55Z,2023-03-24T17:59:00Z,0.07389686110476612,3.595167188737999,3.521270327633233,0
2023-03-24T17:58:55Z,2023-03-24T17:59:00Z,0.0704898048286684,3.6000934055890657,3.5296036007603973,0
2023-03-24T17:58:55Z,2023-03-24T17:59:00Z,0.06727050064188367,3.605837282365053,3.538566781723169,0
2023-03-24T17:58:55Z,2023-03-24T17:59:00Z,0.04845472214862845,3.5957179717307968,3.5472632495821683,0
2023-03-24T17:58:55Z,2023-03-24T17:59:00Z,0.0488193231454459,3.6071483738950967,3.558329050749651,0
2023-03-24T17:58:55Z,2023-03-24T17:59:00Z,0.043330618896276096,3.6107515991541628,3.5674209802578867,0
2023-03-24T17:58:55Z,2023-03-24T17:59:00Z,0.025650020247853345,3.602780247136647,3.5771302268887935,0
2023-03-24T17:58:55Z,2023-03-24T17:59:00Z,0.039627124398113,3.6249521165702907,3.5853249921721777,0
2023-03-24T17:58:55Z,2023-03-24T17:59:00Z,0.03116120863751215,3.6222896397125837,3.5911284310750715,0
2023-03-24T17:58:55Z,2023-03-24T17:59:00Z,0.027938367305022194,3.6256138514952925,3.5976754841902703,0
2023-03-24T17:58:55Z,2023-03-24T17:59:00Z,0.03165266932071331,3.6358271877174113,3.604174518396698,0
2023-03-24T17:58:55Z,2023-03-24T17:59:00Z,0.0071174509025162536,3.6161526185412156,3.6090351676386994,0
2023-03-24T17:58:55Z,2023-03-24T17:59:00Z,0.013780341129109086,3.599320826407531,3.61310116753664,0
2023-03-24T17:58:55Z,2023-03-24T17:59:00Z,0.018993082352073642,3.595714006479781,3.6147070888318544,0
2023-03-24T17:58:55Z,2023-03-24T17:59:00Z,0.02755147891094989,3.586503964325152,3.614055443236102,0
2023-03-24T17:58:55Z,2023-03-24T17:59:00Z,0.03787954837073659,3.5761754983402643,3.614055046711001,0
2023-03-24T17:58:55Z,2023-03-24T17:59:00Z,0.03834867620376592,3.573641929550241,3.611990605754007,0
2023-03-24T17:58:55Z,2023-03-24T17:59:00Z,0.02776983468298333,3.580763160989633,3.608532995672616,0
2023-03-24T17:58:55Z,2023-03-24T17:59:00Z,0.01474146390171116,3.6203606278156872,3.605619163913976,0
2023-03-24T17:58:55Z,2023-03-24T17:59:00Z,0.017316214827038046,3.6185164831829484,3.6012002683559103,0
2023-03-24T17:58:55Z,2023-03-24T17:59:00Z,0.06404852844282516,3.6650558956090458,3.6010073671662206,0
2023-03-24T17:58:55Z,2023-03-24T17:59:00Z,0.0799639727101753,3.680261603045162,3.6002976303349867,0
2023-03-24T17:58:55Z,2023-03-24T17:59:00Z,0.04943851009882172,3.6526590112229718,3.60322050112415,0
2023-03-24T17:58:55Z,2023-03-24T17:59:00Z,0.05571510638363897,3.665346505958183,3.609631399574544,0
2023-03-24T17:58:55Z,2023-03-24T17:59:00Z,0.09986953661385956,3.714834754669948,3.6149652180560885,0
2023-03-24T17:58:55Z,2023-03-24T17:59:00Z,0.08097950698523038,3.702907974989159,3.6219284680039285,0
2023-03-24T17:58:55Z,2023-03-24T17:59:00Z,0.06834344068726805,3.7031049877256765,3.6347615470384085,0
2023-03-24T17:58:55Z,2023-03-24T17:59:00Z,0.07441514841313168,3.72184994311643,3.6474347947032983,0
2023-03-24T17:58:55Z,2023-03-24T17:59:00Z,0.05743047166937165,3.717811572190213,3.6603811005208415,0
2023-03-24T17:58:55Z,2023-03-24T17:59:00Z,0.05437550214700426,3.7288652808805254,3.674489778733521,0
2023-03-24T17:58:55Z,2023-03-24T17:59:00Z,0.044580954718404175,3.7288158278893784,3.684234873170974,0
2023-03-24T17:58:55Z,2023-03-24T17:59:00Z,0.007626275255475434,3.702896028196207,3.6952697529407317,0
2023-03-24T17:58:55Z,2023-03-24T17:59:00Z,0.013561506451913452,3.6880842397168507,3.701645746168764,0
2023-03-24T17:58:55Z,2023-03-24T17:59:00Z,0.03423929285816829,3.6696698958257006,3.703909188683869,0
2023-03-24T17:58:55Z,2023-03-24T17:59:00Z,0.023218599330792955,3.6842331122024645,3.7074517115332575,0
2023-03-24T17:58:55Z,2023-03-24T17:59:00Z,0.036817883655904105,3.6710661668641045,3.7078840505200086,0
2023-03-24T17:58:55Z,2023-03-24T17:59:00Z,0.05064695524334306,3.6541769310299173,3.7048238862732603,1
2023-03-24T17:58:55Z,2023-03-24T17:59:00Z,0.06928528175136384,3.6323544237093914,3.7016397054607553,1
2023-03-24T17:58:55Z,2023-03-24T17:59:00Z,0.07400895684380249,3.622737942947376,3.6967468997911785,1
2023-03-24T17:58:55Z,2023-03-24T17:59:00Z,0.060252961376796144,3.6275443864736796,3.6877973478504757,1
2023-03-24T17:58:55Z,2023-03-24T17:59:00Z,0.07234131526286713,3.6059486696633245,3.6782899849261916,1
2023-03-24T17:58:55Z,2023-03-24T17:59:00Z,0.06624740864929723,3.6019104868362097,3.668157895485507,1
2023-03-24T17:58:55Z,2023-03-24T17:59:00Z,0.05200361003623133,3.6038675696266704,3.6558711796629018,1
2023-03-24T17:58:55Z,2023-03-24T17:59:00Z,0.04546191721617632,3.600310708310726,3.6457726255269023,1
2023-03-24T17:58:55Z,2023-03-24T17:59:00Z,0.04653054573853721,3.590820412779347,3.6373509585178843,1
2023-03-24T17:58:55Z,2023-03-24T17:59:00Z,0.03534240748897055,3.5950726322774154,3.630415039766386,1
2023-03-24T17:58:55Z,2023-03-24T17:59:00Z,0.03219852292982717,3.588875246894247,3.6210737698240743,1
2023-03-24T17:58:55Z,2023-03-24T17:59:00Z,0.023852553122715836,3.5896218632426895,3.6134744163654053,1
2023-03-24T17:58:55Z,2023-03-24T17:59:00Z,0.0003943842219475968,3.606549863729891,3.6069442479518385,1
2023-03-24T17:58:55Z,2023-03-24T17:59:00Z,0.019470810050191023,3.62214180195536,3.602670991905169,1
2023-03-24T17:58:55Z,2023-03-24T17:59:00Z,0.024080541364774,3.6251327253481938,3.6010521839834198,1
2023-03-24T17:58:55Z,2023-03-24T17:59:00Z,0.028182097918815874,3.6286940234504033,3.6005119255315874,1
2023-03-24T17:58:55Z,2023-03-24T17:59:00Z,0.021262519987300887,3.623692851087376,3.602430331100075,1
2023-03-24T17:58:55Z,2023-03-24T17:59:00Z,0.012006920085977146,3.6171156048474713,3.605108684761494,1
2023-03-24T17:58:55Z,2023-03-24T17:59:00Z,0.0009609110109161101,3.6080521239184806,3.6070912129075645,1
2023-03-24T17:58:55Z,2023-03-24T17:59:00Z,0.0013053740623427679,3.6074663284988966,3.6087717025612394,1
2023-03-24T17:58:55Z,2023-03-24T17:59:00Z,0.022950945058042738,3.5875439286171105,3.610494873675153,1
2023-03-24T17:58:55Z,2023-03-24T17:59:00Z,0.014622231513584882,3.5971120117837154,3.6117342432973003,1
2023-03-24T17:58:55Z,2023-03-24T17:59:00Z,0.014321960475755624,3.597279150993831,3.6116011114695867,1
2023-03-24T17:58:55Z,2023-03-24T17:59:00Z,0.047596801330719085,3.5647533249929704,3.6123501263236895,1
2023-03-24T17:58:55Z,2023-03-24T17:59:00Z,0.07622400486281977,3.5351990501872637,3.6114230550500834,1
2023-03-24T17:58:55Z,2023-03-24T17:59:00Z,0.09642750783274634,3.509256699521099,3.6056842073538453,1
2023-03-24T17:58:55Z,2023-03-24T17:59:00Z,0.11287935798909388,3.483811481848658,3.596690839837752,1
2023-03-24T17:58:55Z,2023-03-24T17:59:00Z,0.10638600638533635,3.4783611010594853,3.5847471074448216,1
2023-03-24T17:58:55Z,2023-03-24T17:59:00Z,0.12338623266317361,3.447372737857775,3.5707589705209486,1
2023-03-24T17:58:55Z,2023-03-24T17:59:00Z,0.12353151174123855,3.433352008400913,3.5568835201421516,1
2023-03-24T17:58:55Z,2023-03-24T17:59:00Z,0.11740937409141505,3.423406207444665,3.54081558153608,1
2023-03-24T17:58:55Z,2023-03-24T17:59:00Z,0.08622310098065844,3.4371810485456247,3.523404149526283,1
2023-03-24T17:58:55Z,2023-03-24T17:59:00Z,0.059910255288542213,3.4470801221204956,3.506990377409038,1
2023-03-24T17:58:55Z,2023-03-24T17:59:00Z,0.06196560478622759,3.4290316762990005,3.490997281085228,1
2023-03-24T17:58:55Z,2023-03-24T17:59:00Z,0.08691086511835477,3.3890665130795403,3.475977378197895,1
2023-03-24T17:58:55Z,2023-03-24T17:59:00Z,0.08404109521473346,3.378364118113764,3.4624052133284975,1
2023-03-24T17:58:55Z,2023-03-24T17:59:00Z,0.0820857825116601,3.3657061771060657,3.4477919596177258,1
2023-03-24T17:58:55Z,2023-03-24T17:59:00Z,0.07142445445611889,3.3632782470208733,3.434702701476992,1
2023-03-24T17:58:55Z,2023-03-24T17:59:00Z,0.06910992959465023,3.3537822414080827,3.422892171002733,1
2023-03-24T17:58:55Z,2023-03-24T17:59:00Z,0.055519608887745875,3.355864276711126,3.411383885598872,1
2023-03-24T17:58:55Z,2023-03-24T17:59:00Z,0.0600907223268945,3.341934113627008,3.4020248359539025,1
2023-03-24T17:58:55Z,2023-03-24T17:59:00Z,0.041654493296680695,3.3526215694882433,3.394276062784924,1
2023-03-24T17:58:55Z,2023-03-24T17:59:00Z,0.036868488013041656,3.3492603653901165,3.386128853403158,1
2023-03-24T17:58:55Z,2023-03-24T17:59:00Z,0.04208257983250885,3.3355903256649118,3.3776729054974206,1
2023-03-24T17:58:55Z,2023-03-24T17:59:00Z,0.020379822523549862,3.3475111073008317,3.3678909298243815,1
2023-03-24T17:58:55Z,2023-03-24T17:59:00Z,0.028128249591703902,3.330418545169269,3.358546794760973,1
2023-03-24T17:58:55Z,2023-03-24T17:59:00Z,0.0217140812733283,3.3326771729097735,3.354391254183102,1
2023-03-24T17:58:55Z,2023-03-24T17:59:00Z,0.023326550467085205,3.3262701464215674,3.3495966968886526,1
2023-03-24T17:58:55Z,2023-03-24T17:59:00Z,0.033005280737661735,3.3132885157313616,3.3462937964690234,1
2023-03-24T17:58:55Z,2023-03-24T17:59:00Z,0.051313177263624166,3.291279809145469,3.3425929864090933,1
2023-03-24T17:58:55Z,2023-03-24T17:59:00Z,0.07469332353859492,3.263850290302826,3.338543613841421,1
2023-03-24T17:58:55Z,2023-03-24T17:59:00Z,0.08096675727655978,3.2511184098082957,3.3320851670848555,1
2023-03-24T17:58:55Z,2023-03-24T17:59:00Z,0.08537234318943998,3.238904441562997,3.324276784752437,1
2023-03-24T17:58:55Z,2023-03-24T17:59:00Z,0.07058335510783298,3.2435431136766097,3.3141264687844427,1
2023-03-24T17:58:55Z,2023-03-24T17:59:00Z,0.07578832604333208,3.2273025503583983,3.3030908764017304,1
2023-03-24T17:58:55Z,2023-03-24T17:59:00Z,0.06352478295852038,3.23036137224438,3.2938861552029004,1
2023-03-24T17:58:55Z,2023-03-24T17:59:00Z,0.03895919323820429,3.2429061062704525,3.281865299508657,1
2023-03-24T17:58:55Z,2023-03-24T17:59:00Z,0.03772329426958754,3.2341362879465807,3.2718595822161682,1
2023-03-24T17:58:55Z,2023-03-24T17:59:00Z,0.021160125431405774,3.2417223501208303,3.262882475552236,1
2023-03-24T17:58:55Z,2023-03-24T17:59:00Z,0.009667039395379717,3.263336129100117,3.2536690897047373,1
2023-03-24T17:58:55Z,2023-03-24T17:59:00Z,0.023598797047912345,3.270111270191596,3.246512473143684,1
2023-03-24T17:58:55Z,2023-03-24T17:59:00Z,0.03504901319841425,3.2787671183375635,3.2437181051391493,1
2023-03-24T17:58:55Z,2023-03-24T17:59:00Z,0.029732326325600855,3.274076529453627,3.2443442031280263,1
2023-03-24T17:58:55Z,2023-03-24T17:59:00Z,0.004828287738393833,3.2519373617193463,3.2471090739809525,1
2023-03-24T17:58:55Z,2023-03-24T17:59:00Z,0.026529970500407174,3.2771562532704226,3.2506262827700154,1
2023-03-24T17:58:55Z,2023-03-24T17:59:00Z,0.028879941312903945,3.280345648887193,3.251465707574289,1
2023-03-24T17:58:55Z,2023-03-24T17:59:00Z,0.03997391496767255,3.2964249928331637,3.256451077865491,1
2023-03-24T17:58:55Z,2023-03-24T17:59:00Z,0.03411507552663062,3.2955645810564036,3.261449505529773,1
2023-03-24T17:58:55Z,2023-03-24T17:59:00Z,0.006978754506884233,3.2737801486929285,3.2668013941860443,1
2023-03-24T17:58:55Z,2023-03-24T17:59:00Z,0.012932248527376178,3.2858764720244027,3.2729442234970265,1
2023-03-24T17:58:55Z,2023-03-24T17:59:00Z,0.03829646676915788,3.314446470123394,3.2761500033542363,1
2023-03-24T17:58:55Z,2023-03-24T17:59:00Z,0.04244782146258563,3.3208518591092506,3.278404037646665,1
2023-03-24T17:58:55Z,2023-03-24T17:59:00Z,0.04320357230651917,3.3260411299463635,3.2828375576398443,1
2023-03-24T17:58:55Z,2023-03-24T17:59:00Z,0.06632036334360691,3.3533663950606196,3.2870460317170127,1
2023-03-24T17:58:55Z,2023-03-24T17:59:00Z,0.06370363039493165,3.3559461221612183,3.2922424917662867,1
2023-03-24T17:58:55Z,2023-03-24T17:59:00Z,0.05989974783568197,3.3622851429360963,3.3023853951004143,1
2023-03-24T17:58:55Z,2023-03-24T17:59:00Z,0.08282988411097891,3.3930942661004724,3.3102643819894935,1
2023-03-24T17:58:55Z,2023-03-24T17:59:00Z,0.08383060337603476,3.402288934770419,3.318458331394384,1
2023-03-24T17:58:55Z,2023-03-24T17:59:00Z,0.0879212706336907,3.416046529354805,3.3281252587211143,1
2023-03-24T17:58:55Z,2023-03-24T17:59:00Z,0.08736536102970494,3.426163055122222,3.3387976940925173,1
2023-03-24T17:58:55Z,2023-03-24T17:59:00Z,0.07955336306888938,3.432577695227593,3.3530243321587037,1
2023-03-24T17:58:55Z,2023-03-24T17:59:00Z,0.0953948126816333,3.4624478031501194,3.367052990468486,1
2023-03-24T17:58:55Z,2023-03-24T17:59:00Z,0.0906956824410945,3.4695617954200006,3.378866112978906,1
2023-03-24T17:58:55Z,2023-03-24T17:59:00Z,0.11164972603497247,3.5046754334179653,3.393025707382993,0
2023-03-24T17:58:55Z,2023-03-24T17:59:00Z,0.1074675970114356,3.514845370941792,3.4073777739303566,0
2023-03-24T17:58:55Z,2023-03-24T17:59:00Z,0.10440221902840419,3.5269108967944955,3.4225086777660914,0
2023-03-24T17:58:55Z,2023-03-24T17:59:00Z,0.13761428849654322,3.5760128911406914,3.438398602644148,0
2023-03-24T17:58:55Z,2023-03-24T17:59:00Z,0.13268051262296865,3.5875416906529574,3.4548611780299887,0
2023-03-24T17:58:55Z,2023-03-24T17:59:00Z,0.1391582955233206,3.6123113360573313,3.4731530405340107,0
2023-03-24T17:58:55Z,2023-03-24T17:59:00Z,0.12969354356940377,3.6213718596916675,3.4916783161222638,0
2023-03-24T17:58:55Z,2023-03-24T17:59:00Z,0.11965053260996994,3.6309553294024868,3.511304796792517,0
2023-03-24T17:58:55Z,2023-03-24T17:59:00Z,0.13881085754387446,3.669636534793336,3.5308256772494615,0
2023-03-24T17:58:55Z,2023-03-24T17:59:00Z,0.13337496742608845,3.684038408093039,3.5506634406669506,0
2023-03-24T17:58:55Z,2023-03-24T17:59:00Z,0.13592314245031867,3.7073054562815915,3.571382313831273,0
2023-03-24T17:58:55Z,2023-03-24T17:59:00Z,0.1336704034139209,3.7265003785124966,3.5928299750985757,0
2023-03-24T17:58:55Z,2023-03-24T17:59:00Z,0.09794637395301065,3.7110393513379494,3.6130929773849387,0
2023-03-24T17:58:55Z,2023-03-24T17:59:00Z,0.09579497059867137,3.730053448740681,3.6342584781420095,0
2023-03-24T17:58:55Z,2023-03-24T17:59:00Z,0.09038843909257777,3.7430597626889326,3.652671323596355,0
2023-03-24T17:58:55Z,2023-03-24T17:59:00Z,0.09039432085482879,3.7584697002111827,3.668075379356354,0
2023-03-24T17:58:55Z,2023-03-24T17:59:00Z,0.1158894476629615,3.799516634222912,3.6836271865599506,0
2023-03-24T17:58:55Z,2023-03-24T17:59:00Z,0.10670745626885036,3.804950479244186,3.6982430229753356,0
2023-03-24T17:58:55Z,2023-03-24T17:59:00Z,0.09600517591215585,3.812062676340616,3.71605750042846,0
2023-03-24T17:58:55Z,2023-03-24T17:59:00Z,0.07224567603112453,3.805702691443755,3.7334570154126303,0
2023-03-24T17:58:55Z,2023-03-24T17:59:00Z,0.04863657495252793,3.7963362045198865,3.7476996295673586,0
2023-03-24T17:58:55Z,2023-03-24T17:59:00Z,0.058789773740575146,3.8186558316430057,3.7598660579024306,0
2023-03-24T17:58:55Z,2023-03-24T17:59:00Z,0.07812240736460874,3.8468915400908688,3.76876913272626,0
2023-03-24T17:58:55Z,2023-03-24T17:59:00Z,0.06659655158744382,3.8445812296267547,3.777984678039311,0
2023-03-24T17:58:55Z,2023-03-24T17:59:00Z,0.044414231385372815,3.835984128299975,3.791569896914602,0
2023-03-24T17:58:55Z,2023-03-24T17:59:00Z,0.030658408424120598,3.8336810834273307,3.80302267500321,0
2023-03-24T17:58:55Z,2023-03-24T17:59:00Z,0.002446487968378097,3.8147615995326927,3.8123151115643146,0
2023-03-24T17:58:55Z,2023-03-24T17:59:00Z,0.003975850128376646,3.8238121000143055,3.819836249885929,0
2023-03-24T17:58:55Z,2023-03-24T17:59:00Z,0.010415456256264832,3.8109452901606424,3.8213607464169073,0
2023-03-24T17:58:55Z,2023-03-24T17:59:00Z,0.03898595210265343,3.7842609563912664,3.82324690849392,0
2023-03-24T17:58:55Z,2023-03-24T17:59:00Z,0.046890482847071535,3.7762446870288495,3.823135169875921,0
2023-03-24T17:58:55Z,2023-03-24T17:59:00Z,0.05023326812975526,3.7707577282409175,3.8209909963706727,0
2023-03-24T17:58:55Z,2023-03-24T17:59:00Z,0.05534443581720083,3.7636374088043683,3.818981844621569,0
2023-03-24T17:58:55Z,2023-03-24T17:59:00Z,0.0709257994848298,3.74326623479653,3.8141920342813598,0
2023-03-24T17:58:55Z,2023-03-24T17:59:00Z,0.061851383008621585,3.744015238144089,3.8058666211527106,0
2023-03-24T17:58:55Z,2023-03-24T17:59:00Z,0.06602102666911192,3.729714095000576,3.7957351216696877,0
2023-03-24T17:58:55Z,2023-03-24T17:59:00Z,0.0748602413578694,3.7116779912962294,3.786538232654099,1
2023-03-24T17:58:55Z,2023-03-24T17:59:00Z,0.07893904721634915,3.6972024865950743,3.7761415338114235,1
2023-03-24T17:58:55Z,2023-03-24T17:59:00Z,0.06771893999158607,3.698114232996191,3.765833172987777,1
2023-03-24T17:58:55Z,2023-03-24T17:59:00Z,0.08351557148265254,3.6696566401632014,3.753172211645854,1
2023-03-24T17:58:55Z,2023-03-24T17:59:00Z,0.07931515572597458,3.6625739502034342,3.741889105929409,1
2023-03-24T17:58:55Z,2023-03-24T17:59:00Z,0.08354833453418875,3.646880339772414,3.730428674306603,1
2023-03-24T17:58:55Z,2023-03-24T17:59:00Z,0.09289352963948128,3.6261680709845803,3.7190616006240615,1
2023-03-24T17:58:55Z,2023-03-24T17:59:00Z,0.07240167978825074,3.63427218198896,3.706673861777211,1
2023-03-24T17:58:55Z,2023-03-24T17:59:00Z,0.09313242497820617,3.599794503017026,3.692926927995232,1
2023-03-24T17:58:55Z,2023-03-24T17:59:00Z,0.08896090234727527,3.5930666203672,3.6820275227144754,1
2023-03-24T17:58:55Z,2023-03-24T17:59:00Z,0.06678473452897338,3.600820714672795,3.6676054492017682,1
2023-03-24T17:58:55Z,2023-03-24T17:59:00Z,0.07377798566991878,3.5801627160685126,3.6539407017384313,1
2023-03-24T17:58:55Z,2023-03-24T17:59:00Z,0.06485909839689175,3.5779958756791963,3.642854974076088,1
2023-03-24T17:58:55Z,2023-03-24T17:59:00Z,0.062307520156178686,3.5688434768672526,3.6311509970234312,1
2023-03-24T17:58:55Z,2023-03-24T17:59:00Z,0.05425420399427461,3.564884957297457,3.6191391612917316,1
2023-03-24T17:58:55Z,2023-03-24T17:59:00Z,0.04771171341365221,3.5613461315484845,3.6090578449621367,1
2023-03-24T17:58:55Z,2023-03-24T17:59:00Z,0.04794973974236161,3.551339205929178,3.59928894567154,1
2023-03-24T17:58:55Z,2023-03-24T17:59:00Z,0.037858316621377064,3.5528772082277693,3.5907355248491464,1
2023-03-24T17:58:55Z,2023-03-24T17:59:00Z,0.04825041155299248,3.535002226790614,3.5832526383436063,1
2023-03-24T17:58:55Z,2023-03-24T17:59:00Z,0.04831073752966786,3.526802403437819,3.575113140967487,1
2023-03-24T17:58:55Z,2023-03-24T17:59:00Z,0.05209364757137136,3.516540265773475,3.568633913344846,1
2023-03-24T17:58:55Z,2023-03-24T17:59:00Z,0.04632368968888656,3.5156838019630214,3.562007491651908,1
2023-03-24T17:58:55Z,2023-03-24T17:59:00Z,0.044249368693122015,3.509330078068853,3.553579446761975,1
2023-03-24T17:58:55Z,2023-03-24T17:59:00Z,0.0428894819999015,3.504242073351526,3.5471315553514273,1
2023-03-24T17:58:55Z,2023-03-24T17:59:00Z,0.03649670211106271,3.5037682734793294,3.540264975590392,0
2023-03-24T17:58:55Z,2023-03-24T17:59:00Z,0.033043011825493185,3.5007618234133266,3.53380483523882,0
2023-03-24T17:58:55Z,2023-03-24T17:59:00Z,0.03188835787575384,3.4958048089812532,3.527693166857007,0
2023-03-24T17:58:55Z,2023-03-24T17:59:00Z,0.04448093341290349,3.477153802630588,3.5216347360434916,0
2023-03-24T17:58:55Z,2023-03-24T17:59:00Z,0.06315493647890946,3.4529263598697897,3.516081296348699,0
2023-03-24T17:58:55Z,2023-03-24T17:59:00Z,0.06830901968930814,3.4401999360996727,3.508508955788981,0
2023-03-24T17:58:55Z,2023-03-24T17:59:00Z,0.058642164950866604,3.4416592041460317,3.5003013690968983,0
2023-03-24T17:58:55Z,2023-03-24T17:59:00Z,0.05275517662209239,3.438885945740991,3.491641122363083,0
2023-03-24T17:58:55Z,2023-03-24T17:59:00Z,0.05785672451980206,3.4262962916805373,3.4841530162003393,0
2023-03-24T17:58:55Z,2023-03-24T17:59:00Z,0.039178512553112554,3.437294718025023,3.4764732305781356,0
2023-03-24T17:58:55Z,2023-03-24T17:59:00Z,0.048375364260913045,3.4197944876783914,3.4681698519393045,0
2023-03-24T17:58:55Z,2023-03-24T17:59:00Z,0.05014309423540819,3.4113320221712464,3.4614751164066546,0
2023-03-24T17:58:55Z,2023-03-24T17:59:00Z,0.057946224751262765,3.3951315130752975,3.4530777378265602,0
2023-03-24T17:58:55Z,2023-03-24T17:59:00Z,0.03848075420297947,3.4056540034993725,3.444134757702352,0
2023-03-24T17:58:55Z,2023-03-24T17:59:00Z,0.026043448384593493,3.408023979727164,3.4340674281117574,0
2023-03-24T17:58:55Z,2023-03-24T17:59:00Z,0.007508789551906148,3.4194086586467294,3.4269174481986355,0
2023-03-24T17:58:55Z,2023-03-24T17:59:00Z,0.008256858514063659,3.430684068698436,3.4224272101843725,0
2023-03-24T17:58:55Z,2023-03-24T17:59:00Z,0.018253031143959486,3.4386011135830374,3.420348082439078,0
2023-03-24T17:58:55Z,2023-03-24T17:59:00Z,0.02403037632758176,3.4432809452219004,3.4192505688943187,0
2023-03-24T17:58:55Z,2023-03-24T17:59:00Z,0.02467741342863894,3.4438994991071623,3.4192220856785234,0
2023-03-24T17:58:55Z,2023-03-24T17:59:00Z,0.026694414121678278,3.447614965154338,3.4209205510326597,0
2023-03-24T17:58:55Z,2023-03-24T17:59:00Z,0.014562544711248293,3.4361435738521218,3.4215810291408735,0
2023-03-24T17:58:55Z,2023-03-24T17:59:00Z,0.027359028944671238,3.3970040479437973,3.4243630768884685,0
2023-03-24T17:58:55Z,2023-03-24T17:59:00Z,0.013569460515380882,3.4132747715411744,3.4268442320565553,0
2023-03-24T17:58:55Z,2023-03-24T17:59:00Z,0.00138399257252253,3.4256474929708833,3.427031485543406,0
2023-03-24T17:58:55Z,2023-03-24T17:59:00Z,0.004428217454672367,3.4322217798022585,3.427793562347586,0
2023-03-24T17:58:55Z,2023-03-24T17:59:00Z,0.02071885114968275,3.450274764821641,3.4295559136719582,0
2023-03-24T17:58:55Z,2023-03-24T17:59:00Z,0.0211026268467549,3.4519398526342657,3.430837225787511,0
2023-03-24T17:58:55Z,2023-03-24T17:59:00Z,0.026843835010211592,3.459640130410043,3.4327962953998314,0
2023-03-24T17:58:55Z,2023-03-24T17:59:00Z,0.020461595011917133,3.4545917643168718,3.4341301693049546,0
2023-03-24T17:58:55Z,2023-03-24T17:59:00Z,0.034792453002470136,3.470558540826238,3.435766087823768,0
2023-03-24T17:58:55Z,2023-03-24T17:59:00Z,0.03308463484069568,3.469919949185435,3.4368353143447394,0
2023-03-24T17:58:55Z,2023-03-24T17:59:00Z,0.03623059418025143,3.475360266092181,3.4391296719119295,0
2023-03-24T17:58:55Z,2023-03-24T17:59:00Z,0.015284503657575055,3.4577918131028365,3.4425073094452614,0
2023-03-24T17:58:55Z,2023-03-24T17:59:00Z,0.0008661217638374907,3.4512090530239368,3.4503429312600993,0
2023-03-24T17:58:55Z,2023-03-24T17:59:00Z,0.01163026666065603,3.4664249020769216,3.4547946354162655,0
2023-03-24T17:58:55Z,2023-03-24T17:59:00Z,0.018791002120807754,3.4761417935423786,3.457350791421571,0
2023-03-24T17:58:55Z,2023-03-24T17:59:00Z,0.032582341417610294,3.4933534450666475,3.460771103649037,0
2023-03-24T17:58:55Z,2023-03-24T17:59:00Z,0.03457301821186132,3.4979308247329723,3.463357806521111,0
2023-03-24T17:58:55Z,2023-03-24T17:59:00Z,0.04276099040147496,3.510260156165824,3.467499165764349,0
2023-03-24T17:58:55Z,2023-03-24T17:59:00Z,0.05885672371295492,3.530184958909597,3.471328235196642,0
2023-03-24T17:58:55Z,2023-03-24T17:59:00Z,0.07118457935266198,3.5480796537341988,3.4768950743815368,0
2023-03-24T17:58:55Z,2023-03-24T17:59:00Z,0.05675759936482416,3.539615315554697,3.482857716189873,0
2023-03-24T17:58:55Z,2023-03-24T17:59:00Z,0.05134964648556162,3.5420233331303104,3.4906736866447488,0
2023-03-24T17:58:55Z,2023-03-24T17:59:00Z,0.06800880044035873,3.56510799203136,3.4970991915910012,0
2023-03-24T17:58:55Z,2023-03-24T17:59:00Z,0.04168292882024982,3.5472052724139984,3.5055223435937486,0
2023-03-24T17:58:55Z,2023-03-24T17:59:00Z,0.05363506205686397,3.5705472995513543,3.5169122374944903,0
2023-03-24T17:58:55Z,2023-03-24T17:59:00Z,0.06368328480101715,3.588673559329216,3.5249902745281987,0
2023-03-24T17:58:55Z,2023-03-24T17:59:00Z,0.06409503326404176,3.598525858393138,3.534430825129096,0
2023-03-24T17:58:55Z,2023-03-24T17:59:00Z,0.07056668405722455,3.6145295206125776,3.543962836555353,0
2023-03-24T17:58:55Z,2023-03-24T17:59:00Z,0.05920197880959366,3.613224318730963,3.5540223399213695,0
2023-03-24T17:58:55Z,2023-03-24T17:59:00Z,0.05375819531428494,3.6182074716803294,3.5644492763660445,0
2023-03-24T17:58:55Z,2023-03-24T17:59:00Z,0.03621338180916123,3.6089665941573426,3.5727532123481813,0
2023-03-24T17:58:55Z,2023-03-24T17:59:00Z,0.013100401928445748,3.59286639607124,3.5797659941427944,0
2023-03-24T17:58:55Z,2023-03-24T17:59:00Z,0.018884550685602797,3.6055856726886617,3.586701122003059,0
2023-03-24T17:58:55Z,2023-03-24T17:59:00Z,0.0012960358786342496,3.5904893924185175,3.5917854282971517,0
2023-03-24T17:58:55Z,2023-03-24T17:59:00Z,0.00039544657363954627,3.596228642936521,3.5958331963628813,0
2023-03-24T17:58:55Z,2023-03-24T17:59:00Z,0.00645921633528479,3.5937023920280495,3.6001616083633343,0
2023-03-24T17:58:55Z,2023-03-24T17:59:00Z,0.00595438374251378,3.608684126444365,3.602729742701851,0
2023-03-24T17:58:55Z,2023-03-24T17:59:00Z,0.0026531139025189887,3.6005795120692152,3.603232625971734,0
2023-03-24T17:58:55Z,2023-03-24T17:59:00Z,0.009997789252929046,3.594250663523928,3.604248452776857,0
2023-03-24T17:58:55Z,2023-03-24T17:59:00Z,0.03404149627253528,3.568811955649986,3.6028534519225213,0
2023-03-24T17:58:55Z,2023-03-24T17:59:00Z,0.04088416563768771,3.56007192076413,3.6009560864018177,0
2023-03-24T17:58:55Z,2023-03-24T17:59:00Z,0.03208830349906355,3.563928231299719,3.5960165347987827,0
2023-03-24T17:58:55Z,2023-03-24T17:59:00Z,0.04778380868447041,3.543343258774991,3.5911270674594613,0
2023-03-24T17:58:55Z,2023-03-24T17:59:00Z,0.042344188000174476,3.545889062982135,3.5882332509823094,0
2023-03-24T17:58:55Z,2023-03-24T17:59:00Z,0.045522482289955146,3.536486527300987,3.582009009590942,0
2023-03-24T17:58:55Z,2023-03-24T17:59:00Z,0.036209148817715864,3.541339827829588,3.5775489766473036,0
2023-03-24T17:58:55Z,2023-03-24T17:59:00Z,0.0345675778481489,3.5370071872356017,3.5715747650837506,0
2023-03-24T17:58:55Z,2023-03-24T17:59:00Z,0.013733514105400246,3.5526049945585045,3.566338508663905,0
2023-03-24T17:58:55Z,2023-03-24T17:59:00Z,0.013393121741567704,3.5457776930014604,3.559170814743028,0
2023-03-24T17:58:55Z,2023-03-24T17:59:00Z,0.025178293601850754,3.5291950693901066,3.5543733629919574,0
2023-03-24T17:58:55Z,2023-03-24T17:59:00Z,0.027629876052960523,3.52189618988675,3.5495260659397103,0
2023-03-24T17:58:55Z,2023-03-24T17:59:00Z,0.031559322492237474,3.514005054821485,3.5455643773137226,0
2023-03-24T17:58:55Z,2023-03-24T17:59:00Z,0.04468632342180934,3.497060480804175,3.5417468042259843,0
2023-03-24T17:58:55Z,2023-03-24T17:59:00Z,0.05902538899684684,3.477729097581314,3.536754486578161,0
2023-03-24T17:58:55Z,2023-03-24T17:59:00Z,0.05555223951269195,3.4765739692683875,3.5321262087810794,0
2023-03-24T17:58:55Z,2023-03-24T17:59:00Z,0.06941926614891658,3.4558909460920813,3.525310212240998,0
2023-03-24T17:58:55Z,2023-03-24T17:59:00Z,0.06013146165137373,3.459187494786364,3.5193189564377376,0
2023-03-24T17:58:55Z,2023-03-24T17:59:00Z,0.0495545580786505,3.461219510185336,3.5107740682639865,0
2023-03-24T17:58:55Z,2023-03-24T17:59:00Z,0.06112872086871679,3.441863378150346,3.5029920990190626,0
2023-03-24T17:58:55Z,2023-03-24T17:59:00Z,0.04452257568176732,3.4493309748999788,3.493853550581746,0
2023-03-24T17:58:55Z,2023-03-24T17:59:00Z,0.06546098830312985,3.4180011307935048,3.4834621190966346,0
2023-03-24T17:58:55Z,2023-03-24T17:59:00Z,0.06469345049481667,3.410782259152805,3.475475709647622,0
2023-03-24T17:58:55Z,2023-03-24T17:59:00Z,0.055177264759512124,3.409908938978785,3.4650862037382972,0
2023-03-24T17:58:55Z,2023-03-24T17:59:00Z,0.07547852241615693,3.3792854017552725,3.4547639241714294,0
2023-03-24T17:58:55Z,2023-03-24T17:59:00Z,0.06046470107587876,3.3855840689130114,3.44604876998889,0
2023-03-24T17:58:55Z,2023-03-24T17:59:00Z,0.05677226954416836,3.3794321308621176,3.436204400406286,0
2023-03-24T17:58:55Z,2023-03-24T17:59:00Z,0.05698619817587458,3.370119212194874,3.4271054103707486,0
2023-03-24T17:58:55Z,2023-03-24T17:59:00Z,0.012579097334051603,3.4068804315137005,3.419459528847752,0
2023-03-24T17:58:55Z,2023-03-24T17:59:00Z,0.02260061650493217,3.387952084083671,3.410552700588603,0
2023-03-24T17:58:55Z,2023-03-24T17:59:00Z,0.003552385224004695,3.408671177945444,3.4051187927214395,0
2023-03-24T17:58:55Z,2023-03-24T17:59:00Z,0.0038043798303979415,3.395923283484374,3.399727663314772,0
2023-03-24T17:58:55Z,2023-03-24T17:59:00Z,0.0002418571208253617,3.395419826498493,3.3956616836193185,0
2023-03-24T17:58:55Z,2023-03-24T17:59:00Z,0.005295829185269163,3.3881580697031364,3.3934538988884055,0
2023-03-24T17:58:55Z,2023-03-24T17:59:00Z,0.006410342025768401,3.385507313597206,3.3919176556229744,0
2023-03-24T17:58:55Z,2023-03-24T17:59:00Z,0.011487406135373135,3.3782551625600363,3.3897425686954095,0
2023-03-24T17:58:55Z,2023-03-24T17:59:00Z,0.004327722459402494,3.386037037420201,3.3903647598796036,0
2023-03-24T17:58:55Z,2023-03-24T17:59:00Z,0.017375925773468026,3.3722559434708375,3.3896318692443055,0
2023-03-24T17:58:55Z,2023-03-24T17:59:00Z,0.02762098017597081,3.3626713797241425,3.3902923599001134,0
2023-03-24T17:58:55Z,2023-03-24T17:59:00Z,0.011022145565364738,3.3794838874623454,3.39050603302771,0
2023-03-24T17:58:55Z,2023-03-24T17:59:00Z,0.02331796218102644,3.362767165667728,3.3860851278487543,0
2023-03-24T17:58:55Z,2023-03-24T17:59:00Z,0.0242307411272491,3.361007567059372,3.3852383081866213,0
2023-03-24T17:58:55Z,2023-03-24T17:59:00Z,0.025900254699689373,3.3547476522591606,3.38064790695885,0
2023-03-24T17:58:55Z,2023-03-24T17:59:00Z,0.014233183747808908,3.362923151568541,3.37715633531635,0
2023-03-24T17:58:55Z,2023-03-24T17:59:00Z,0.014224770656614094,3.358864347235803,3.373089117892417,0
2023-03-24T17:58:55Z,2023-03-24T17:59:00Z,0.021310459678058002,3.3492551664008987,3.3705656260789567,0
2023-03-24T17:58:55Z,2023-03-24T17:59:00Z,0.023951004454919822,3.343950324987897,3.367901329442817,0
2023-03-24T17:58:55Z,2023-03-24T17:59:00Z,0.03771958192461522,3.327281747902288,3.365001329826903,0
2023-03-24T17:58:55Z,2023-03-24T17:59:00Z,0.040985340949063254,3.319807317634609,3.360792658583672,0
2023-03-24T17:58:55Z,2023-03-24T17:59:00Z,0.02551213610082348,3.3307831029259938,3.3562952390268173,0
2023-03-24T17:58:55Z,2023-03-24T17:59:00Z,0.008374230323042298,3.3436346024948222,3.3520088328178645,0
2023-03-24T17:58:55Z,2023-03-24T17:59:00Z,0.019130769605379072,3.3280079847588504,3.3471387543642295,0
2023-03-24T17:58:55Z,2023-03-24T17:59:00Z,0.007495457906190772,3.3377300401407477,3.3452254980469385,0
2023-03-24T17:58:55Z,2023-03-24T17:59:00Z,0.0184693525666213,3.3234561872502653,3.3419255398168866,0
2023-03-24T17:58:55Z,2023-03-24T17:59:00Z,0.02498391960970281,3.315239858995342,3.340223778605045,0
2023-03-24T17:58:55Z,2023-03-24T17:59:00Z,0.004588885042063229,3.3316881971311543,3.3362770821732175,0
2023-03-24T17:58:55Z,2023-03-24T17:59:00Z,0.0009352826161177497,3.330979350733054,3.3319146333491716,0
2023-03-24T17:58:55Z,2023-03-24T17:59:00Z,0.02111765449329761,3.351275590915495,3.3301579364221974,0
2023-03-24T17:58:55Z,2023-03-24T17:59:00Z,0.01679507068507302,3.3456559096817853,3.3288608389967123,0
2023-03-24T17:58:55Z,2023-03-24T17:59:00Z,0.008407783008908432,3.3396680063069417,3.3312602232980333,0
2023-03-24T17:58:55Z,2023-03-24T17:59:00Z,0.010415873443075263,3.3442609559458267,3.3338450825027515,0
2023-03-24T17:58:55Z,2023-03-24T17:59:00Z,0.02823772499196009,3.3064958478488857,3.334733572840846,0
2023-03-24T17:58:55Z,2023-03-24T17:59:00Z,0.03485233535172272,3.299943872834223,3.3347962081859457,0
2023-03-24T17:58:55Z,2023-03-24T17:59:00Z,0.020727831136443164,3.311917163358507,3.33264499449495,0
2023-03-24T17:58:55Z,2023-03-24T17:59:00Z,0.06259383740838587,3.2662725403559114,3.3288663777642973,0
2023-03-24T17:58:55Z,2023-03-24T17:59:00Z,0.05751726882889585,3.2701952065462256,3.3277124753751215,0
2023-03-24T17:58:55Z,2023-03-24T17:59:00Z,0.074603010268524,3.248212733242655,3.322815743511179,0
2023-03-24T17:58:55Z,2023-03-24T17:59:00Z,0.08472218426431777,3.2319442601883672,3.316666444452685,0
2023-03-24T17:58:55Z,2023-03-24T17:59:00Z,0.08547299738119962,3.2229167853224463,3.308389782703646,0
2023-03-24T17:58:55Z,2023-03-24T17:59:00Z,0.07810521327644215,3.218351436354491,3.296456649630933,0
2023-03-24T17:58:55Z,2023-03-24T17:59:00Z,0.08646099942977203,3.1977217377652267,3.2841827371949988,0
2023-03-24T17:58:55Z,2023-03-24T17:59:00Z,0.07594589357352088,3.1961051866262324,3.2720510801997533,0
2023-03-24T17:58:55Z,2023-03-24T17:59:00Z,0.06726485366308443,3.1901323047186096,3.257397158381694,0
2023-03-24T17:58:55Z,2023-03-24T17:59:00Z,0.05877624703741269,3.187581845222016,3.246358092259429,0
2023-03-24T17:58:55Z,2023-03-24T17:59:00Z,0.04049545230232754,3.1948814831455397,3.235376935447867,0
2023-03-24T17:58:55Z,2023-03-24T17:59:00Z,0.05052206540832849,3.172421338225889,3.2229434036342175,0
2023-03-24T17:58:55Z,2023-03-24T17:59:00Z,0.03514563347143884,3.1806586644417427,3.2158042979131816,0
2023-03-24T17:58:55Z,2023-03-24T17:59:00Z,0.026737216933199637,3.179289694147948,3.2060269110811475,0
2023-03-24T17:58:55Z,2023-03-24T17:59:00Z,0.01822428921605246,3.1810472149850035,3.199271504201056,0
2023-03-24T17:58:55Z,2023-03-24T17:59:00Z,0.023506357085491647,3.1704996905115226,3.1940060475970142,0
2023-03-24T17:58:55Z,2023-03-24T17:59:00Z,0.043090372807239596,3.14672871775603,3.1898190905632697,0
2023-03-24T17:58:55Z,2023-03-24T17:59:00Z,0.024476856907639455,3.1605570590713334,3.185033915978973,0
2023-03-24T17:58:55Z,2023-03-24T17:59:00Z,0.02674630772521036,3.1531883062528427,3.179934613978053,0
2023-03-24T17:58:55Z,2023-03-24T17:59:00Z,0.014423521920388538,3.161956279302175,3.1763798012225637,0
2023-03-24T17:58:55Z,2023-03-24T17:59:00Z,0.020166429009968123,3.152518972366019,3.172685401375987,0
2023-03-24T17:58:55Z,2023-03-24T17:59:00Z,0.030981887642986816,3.139140957141016,3.170122844784003,0
2023-03-24T17:58:55Z,2023-03-24T17:59:00Z,0.024702481405598053,3.1411841123004525,3.1658865937060505,0
2023-03-24T17:58:55Z,2023-03-24T17:59:00Z,0.008569951991930669,3.1539886036056326,3.1625585555975633,0
2023-03-24T17:58:55Z,2023-03-24T17:59:00Z,0.0012404254130813364,3.1598515257965154,3.158611100383434,0
2023-03-24T17:58:55Z,2023-03-24T17:59:00Z,0.03139306631469374,3.1874740576438962,3.1560809913292025,0
2023-03-24T17:58:55Z,2023-03-24T17:59:00Z,0.031551204015039414,3.1855126264253935,3.153961422410354,0
2023-03-24T17:58:55Z,2023-03-24T17:59:00Z,0.030155251104194036,3.1858141102277857,3.1556588591235917,0
2023-03-24T17:58:55Z,2023-03-24T17:59:00Z,0.02475716099987446,3.1842944109904017,3.159537249990527,0
2023-03-24T17:58:55Z,2023-03-24T17:59:00Z,0.026773424791951772,3.1888363798981247,3.162062955106173,0
2023-03-24T17:58:55Z,2023-03-24T17:59:00Z,0.021920581249937676,3.187094146829866,3.1651735655799285,0
2023-03-24T17:58:55Z,2023-03-24T17:59:00Z,0.041497558606455875,3.2093591342459797,3.167861575639524,0
2023-03-24T17:58:55Z,2023-03-24T17:59:00Z,0.03459079885352789,3.205909891939436,3.1713190930859083,0
2023-03-24T17:58:55Z,2023-03-24T17:59:00Z,0.06817970202094292,3.246520612817348,3.178340910796405,0
2023-03-24T17:58:55Z,2023-03-24T17:59:00Z,0.0788085349531813,3.2636220237134843,3.184813488760303,0
2023-03-24T17:58:55Z,2023-03-24T17:59:00Z,0.07133794401696436,3.2654046336984393,3.194066689681475,0
2023-03-24T17:58:55Z,2023-03-24T17:59:00Z,0.07742042390739767,3.281864163380569,3.2044437394731715,0
2023-03-24T17:58:55Z,2023-03-24T17:59:00Z,0.07816620158745291,3.2904029986660785,3.2122367970786256,0
2023-03-24T17:58:55Z,2023-03-24T17:59:00Z,0.0552313687260817,3.277103319500225,3.221871950774143,0
2023-03-24T17:58:55Z,2023-03-24T17:59:00Z,0.05149992989486529,3.283830769512838,3.2323308396179726,0
2023-03-24T17:58:55Z,2023-03-24T17:59:00Z,0.07133504043005034,3.3129467708990052,3.241611730468955,0
2023-03-24T17:58:55Z,2023-03-24T17:59:00Z,0.06385285130066487,3.314964020731091,3.251111169430426,0
2023-03-24T17:58:55Z,2023-03-24T17:59:00Z,0.05424067684232359,3.3179371086796636,3.26369643183734,0
2023-03-24T17:58:55Z,2023-03-24T17:59:00Z,0.05120974752803864,3.32546666801389,3.2742569204858514,0
2023-03-24T17:58:55Z,2023-03-24T17:59:00Z,0.044552433302531114,3.330012075462405,3.285459642159874,0
2023-03-24T17:58:55Z,2023-03-24T17:59:00Z,0.045538593690132245,3.338892841369661,3.293354247679529,0
2023-03-24T17:58:55Z,2023-03-24T17:59:00Z,0.028340796225470033,3.3283340490798907,3.2999932528544207,0
2023-03-24T17:58:55Z,2023-03-24T17:59:00Z,0.02219853630531521,3.3295406099268585,3.3073420736215433,0
2023-03-24T17:58:55Z,2023-03-24T17:59:00Z,0.022352091198855284,3.3343411533903295,3.3119890621914743,0
2023-03-24T17:58:55Z,2023-03-24T17:59:00Z,0.016699085157623195,3.332601908475176,3.3159028233175527,0
2023-03-24T17:58:55Z,2023-03-24T17:59:00Z,0.03462050341163714,3.3562471101182005,3.3216266067065634,0
2023-03-24T17:58:55Z,2023-03-24T17:59:00Z,0.03577163716030807,3.362275357763105,3.3265037206027968,0
2023-03-24T17:58:55Z,2023-03-24T17:59:00Z,0.03425287685403777,3.365086631378755,3.330833754524717,0
2023-03-24T17:58:55Z,2023-03-24T17:59:00Z,0.04817312498185666,3.3837380132097743,3.3355648882279176,0
2023-03-24T17:58:55Z,2023-03-24T17:59:00Z,0.03582849107396324,3.3761083315717904,3.340279840497827,0
2023-03-24T17:58:55Z,2023-03-24T17:59:00Z,0.03711639074269968,3.383223365760115,3.3461069750174155,0
2023-03-24T17:58:55Z,2023-03-24T17:59:00Z,0.0388094093812863,3.3895260100096403,3.350716600628354,0
2023-03-24T17:58:55Z,2023-03-24T17:59:00Z,0.04311534678546458,3.398264999852864,3.355149653067399,0
2023-03-24T17:58:55Z,2023-03-24T17:59:00Z,0.03788801595757407,3.399156865117949,3.361268849160375,0
2023-03-24T17:58:55Z,2023-03-24T17:59:00Z,0.030639620855464678,3.398780909008439,3.3681412881529744,0
2023-03-24T17:58:55Z,2023-03-24T17:59:00Z,0.025210476399910586,3.399833335725648,3.3746228593257372,0
2023-03-24T17:58:55Z,2023-03-24T17:59:00Z,0.017886913260222403,3.3991276726392856,3.381240759379063,0
2023-03-24T17:58:55Z,2023-03-24T17:59:00Z,0.02711758231503758,3.4127169642548454,3.385599381939808,0
2023-03-24T17:58:55Z,2023-03-24T17:59:00Z,0.0022542407637007322,3.3915388541911264,3.3892846134274257,0
2023-03-24T17:58:55Z,2023-03-24T17:59:00Z,0.011906842141966578,3.3821408045730688,3.3940476467150353,0
2023-03-24T17:58:55Z,2023-03-24T17:59:00Z,0.010656262387275905,3.4054839932004466,3.3948277308131707,0
2023-03-24T17:58:55Z,2023-03-24T17:59:00Z,0.005373265175534048,3.3900577129377645,3.3954309781132985,0
2023-03-24T17:58:55Z,2023-03-24T17:59:00Z,0.01848916660564237,3.379167874251689,3.3976570408573314,0
2023-03-24T17:58:55Z,2023-03-24T17:59:00Z,0.007632935401191698,3.390077275748952,3.3977102111501436,0
2023-03-24T17:58:55Z,2023-03-24T17:59:00Z,0.016857968048237915,3.3789425305417886,3.3958004985900265,0
2023-03-24T17:58:55Z,2023-03-24T17:59:00Z,0.03226899086291857,3.362623548790208,3.3948925396531267,0
2023-03-24T17:58:55Z,2023-03-24T17:59:00Z,0.027360184757815542,3.3655485170486457,3.392908701806461,0
2023-03-24T17:58:55Z,2023-03-24T17:59:00Z,0.01778890935490196,3.3713988137580153,3.3891877231129173,0
2023-03-24T17:58:55Z,2023-03-24T17:59:00Z,0.021810154582436958,3.3640196529714164,3.3858298075538533,0
2023-03-24T17:58:55Z,2023-03-24T17:59:00Z,0.016788240098148943,3.364909752406021,3.38169799250417,0
2023-03-24T17:58:55Z,2023-03-24T17:59:00Z,0.022191170405541083,3.3567549019766587,3.3789460723822,0
2023-03-24T17:58:55Z,2023-03-24T17:59:00Z,0.01604096396205046,3.3611820032034445,3.377222967165495,0
2023-03-24T17:58:55Z,2023-03-24T17:59:00Z,0.0158931031341627,3.356456954908953,3.3723500580431156,0
2023-03-24T17:58:55Z,2023-03-24T17:59:00Z,0.016856352542791164,3.352606134526893,3.369462487069684,0
2023-03-24T17:58:55Z,2023-03-24T17:59:00Z,0.02167799703451756,3.345513398100892,3.3671913951354098,0
2023-03-24T17:58:55Z,2023-03-24T17:59:00Z,0.0006130483399262587,3.3640573293531304,3.363444281013204,0
2023-03-24T17:58:55Z,2023-03-24T17:59:00Z,0.005502354024881306,3.3545990137442336,3.360101367769115,0
2023-03-24T17:58:55Z,2023-03-24T17:59:00Z,0.005343259743631812,3.354901486081775,3.360244745825407,0
2023-03-24T17:58:55Z,2023-03-24T17:59:00Z,0.03327352623706403,3.325876269257902,3.359149795494966,0
2023-03-24T17:58:55Z,2023-03-24T17:59:00Z,0.04275703330684921,3.3147430294204927,3.357500062727342,0
2023-03-24T17:58:55Z,2023-03-24T17:59:00Z,0.032936337664337234,3.3207493866916535,3.3536857243559908,0
2023-03-24T17:58:55Z,2023-03-24T17:59:00Z,0.03436427143006737,3.31430478062737,3.3486690520574376,0
2023-03-24T17:58:55Z,2023-03-24T17:59:00Z,0.05669702486388095,3.2883714756650555,3.3450685005289365,0
2023-03-24T17:58:55Z,2023-03-24T17:59:00Z,0.06753898700601724,3.272841791265312,3.3403807782713293,0
2023-03-24T17:58:55Z,2023-03-24T17:59:00Z,0.07148002305714085,3.2620922072897987,3.3335722303469395,0
2023-03-24T17:58:55Z,2023-03-24T17:59:00Z,0.05355213305856532,3.2720436629622163,3.3255957960207816,0
2023-03-24T17:58:55Z,2023-03-24T17:59:00Z,0.06068262182029116,3.256571055119381,3.3172536769396723,0
2023-03-24T17:58:55Z,2023-03-24T17:59:00Z,0.04900308166981393,3.259049228630767,3.308052310300581,0
2023-03-24T17:58:55Z,2023-03-24T17:59:00Z,0.04628907581279007,3.2519604386253054,3.2982495144380954,0
2023-03-24T17:58:55Z,2023-03-24T17:59:00Z,0.0442817131420119,3.2443825755509828,3.2886642886929947,0
2023-03-24T17:58:55Z,2023-03-24T17:59:00Z,0.044079017370640905,3.2371936882590937,3.2812727056297346,0
2023-03-24T17:58:55Z,2023-03-24T17:59:00Z,0.022925576436545025,3.25131108380624,3.274236660242785,0
2023-03-24T17:58:55Z,2023-03-24T17:59:00Z,0.014557520232318488,3.2513235701672096,3.265881090399528,0
2023-03-24T17:58:55Z,2023-03-24T17:59:00Z,0.008820377404768376,3.2507613433126465,3.259581720717415,0
2023-03-24T17:58:55Z,2023-03-24T17:59:00Z,0.08374106276437043,3.1721358674032603,3.2558769301676307,0
2023-03-24T17:58:55Z,2023-03-24T17:59:00Z,0.10716976684797519,3.146499118524389,3.253668885372364,0
2023-03-24T17:58:55Z,2023-03-24T17:59:00Z,0.12916277521395614,3.1155104761697543,3.2446732513837104,0
2023-03-24T17:58:55Z,2023-03-24T17:59:00Z,0.11533209747022877,3.116786699469699,3.2321187969399277,0
2023-03-24T17:58:55Z,2023-03-24T17:59:00Z,0.11927260430855124,3.0987401347364134,3.2180127390449647,0
2023-03-24T17:58:55Z,2023-03-24T17:59:00Z,0.12226108868966978,3.081525397439188,3.2037864861288576,0
2023-03-24T17:58:55Z,2023-03-24T17:59:00Z,0.11773478034044293,3.070729675399526,3.188464455739969,0
2023-03-24T17:58:55Z,2023-03-24T17:59:00Z,0.10596984254959718,3.066208895379192,3.1721787379287893,0
2023-03-24T17:58:55Z,2023-03-24T17:59:00Z,0.09620996298753992,3.059322373655293,3.1555323366428327,0
2023-03-24T17:58:55Z,2023-03-24T17:59:00Z,0.10213453895328595,3.034887578846842,3.137022117800128,0
2023-03-24T17:58:55Z,2023-03-24T17:59:00Z,0.08949900073318284,3.0283229974157533,3.117821998148936,0
2023-03-24T17:58:55Z,2023-03-24T17:59:00Z,0.07790422098181615,3.0183304007205396,3.0962346217023557,0
2023-03-24T17:58:55Z,2023-03-24T17:59:00Z,0.07066969946039547,3.0111836352432095,3.081853334703605,0
2023-03-24T17:58:55Z,2023-03-24T17:59:00Z,0.0642250451228743,3.004811417800346,3.0690364629232203,0
2023-03-24T17:58:55Z,2023-03-24T17:59:00Z,0.05828342254613528,3.0003203562844303,3.0586037788305656,0
2023-03-24T17:58:55Z,2023-03-24T17:59:00Z,0.030828825684912964,3.0165774249787174,3.0474062506636304,0
2023-03-24T17:58:55Z,2023-03-24T17:59:00Z,0.024066063749694777,3.013498209068737,3.037564272818432,0
2023-03-24T17:58:55Z,2023-03-24T17:59:00Z,0.009406286570659006,3.021663189001726,3.031069475572385,0
2023-03-24T17:58:55Z,2023-03-24T17:59:00Z,0.0010912154068778435,3.0264375443461837,3.025346328939306,0
2023-03-24T17:58:55Z,2023-03-24T17:59:00Z,0.018187360541264574,3.039079118842824,3.0208917583015595,0
2023-03-24T17:58:55Z,2023-03-24T17:59:00Z,0.048842874112432266,3.0664461494830806,3.0176032753706483,0
2023-03-24T17:58:55Z,2023-03-24T17:59:00Z,0.051360390715850635,3.0693828200860973,3.0180224293702467,0
2023-03-24T17:58:55Z,2023-03-24T17:59:00Z,0.03415782055418237,3.0559925651311617,3.0218347445769793,0
2023-03-24T17:58:55Z,2023-03-24T17:59:00Z,0.034295351152663134,3.0612353376661985,3.0269399865135354,0
2023-03-24T17:58:55Z,2023-03-24T17:59:00Z,0.04464886966837067,3.076069749170701,3.0314208795023303,0
2023-03-24T17:58:55Z,2023-03-24T17:59:00Z,0.05385148037019105,3.0909147518591067,3.0370632714889156,0
2023-03-24T17:58:55Z,2023-03-24T17:59:00Z,0.06468303508769058,3.1093212458652335,3.044638210777543,0
2023-03-24T17:58:55Z,2023-03-24T17:59:00Z,0.07086148611060494,3.122933429576187,3.052071943465582,0
2023-03-24T17:58:55Z,2023-03-24T17:59:00Z,0.07790064758042892,3.13955489472566,3.0616542471452313,0
2023-03-24T17:58:55Z,2023-03-24T17:59:00Z,0.07658091670966227,3.148362187912339,3.071781271202677,0
2023-03-24T17:58:55Z,2023-03-24T17:59:00Z,0.07571848567049821,3.158811491911123,3.0830930062406248,0
2023-03-24T17:58:55Z,2023-03-24T17:59:00Z,0.09988504968633194,3.1939063628339084,3.0940213131475764,0
2023-03-24T17:58:55Z,2023-03-24T17:59:00Z,0.09149435048159837,3.1947521978719795,3.103257847390381,0
2023-03-24T17:58:55Z,2023-03-24T17:59:00Z,0.05332204463647061,3.1690322463016325,3.115710201665162,0
2023-03-24T17:58:55Z,2023-03-24T17:59:00Z,0.04574885535476847,3.175335020294012,3.1295861649392434,0
2023-03-24T17:58:55Z,2023-03-24T17:59:00Z,0.04929381667481225,3.189659672477599,3.140365855802787,0
2023-03-24T17:58:55Z,2023-03-24T17:59:00Z,0.12760811555326024,3.2779004984683784,3.150292382915118,0
2023-03-24T17:58:55Z,2023-03-24T17:59:00Z,0.1446970417162432,3.304863916693211,3.1601668749769676,0
2023-03-24T17:58:55Z,2023-03-24T17:59:00Z,0.14711635621168417,3.324141156448966,3.1770248002372816,0
2023-03-24T17:58:55Z,2023-03-24T17:59:00Z,0.15406234755731862,3.349280196506303,3.1952178489489844,0
2023-03-24T17:58:55Z,2023-03-24T17:59:00Z,0.14491430645133363,3.358590781572649,3.213676475121315,0
2023-03-24T17:58:55Z,2023-03-24T17:59:00Z,0.12857973323392669,3.3623480092146383,3.2337682759807116,0
2023-03-24T17:58:55Z,2023-03-24T17:59:00Z,0.1260244419127634,3.379770646859627,3.2537462049468635,0
2023-03-24T17:58:55Z,2023-03-24T17:59:00Z,0.10225604293857282,3.372846412523509,3.2705903695849363,0
2023-03-24T17:58:55Z,2023-03-24T17:59:00Z,0.09178276950132824,3.3808749839850303,3.289092214483702,0
2023-03-24T17:58:55Z,2023-03-24T17:59:00Z,0.07903550593702846,3.388509137042918,3.3094736311058894,0
2023-03-24T17:58:55Z,2023-03-24T17:59:00Z,0.06622122624909199,3.3962488537240825,3.3300276274749905,0
2023-03-24T17:58:55Z,2023-03-24T17:59:00Z,0.0406100041112305,3.390522578042753,3.3499125739315225,0
2023-03-24T17:58:55Z,2023-03-24T17:59:00Z,0.014852589225192059,3.376599998682285,3.361747409457093,0
2023-03-24T17:58:55Z,2023-03-24T17:59:00Z,0.00649054237880442,3.3638227332132433,3.3703132755920477,0
2023-03-24T17:58:55Z,2023-03-24T17:59:00Z,0.005042857288755531,3.3705163025266236,3.375559159815379,0
2023-03-24T17:58:55Z,2023-03-24T17:59:00Z,0.014756843649293305,3.36225656983678,3.377013413486073,0
2023-03-24T17:58:55Z,2023-03-24T17:59:00Z,0.025367118746248085,3.3528388468352226,3.3782059655814707,0
2023-03-24T17:58:55Z,2023-03-24T17:59:00Z,0.03690989554000046,3.3412869261036846,3.378196821643685,0
2023-03-24T17:58:55Z,2023-03-24T17:59:00Z,0.03545693189971644,3.3400467097415287,3.375503641641245,0
2023-03-24T17:58:55Z,2023-03-24T17:59:00Z,0.038456632820598635,3.333891060178664,3.372347692999263,0
2023-03-24T17:58:55Z,2023-03-24T17:59:00Z,0.04205962571856148,3.3262052398563506,3.368264865574912,0
2023-03-24T17:58:55Z,2023-03-24T17:59:00Z,0.028963551167310975,3.333839506721176,3.362803057888487,0
2023-03-24T17:58:55Z,2023-03-24T17:59:00Z,0.0019971766105988387,3.353801519891115,3.3557986965017137,0
2023-03-24T17:58:55Z,2023-03-24T17:59:00Z,0.004739858401914709,3.3548702477714705,3.3501303893695558,0
2023-03-24T17:58:55Z,2023-03-24T17:59:00Z,0.013661084628604048,3.361511626119043,3.347850541490439,0
2023-03-24T17:58:55Z,2023-03-24T17:59:00Z,0.03425984930007564,3.381215142246337,3.3469552929462614,0
2023-03-24T17:58:55Z,2023-03-24T17:59:00Z,0.018318257761924972,3.3643730830674285,3.3460548253055036,0
2023-03-24T17:58:55Z,2023-03-24T17:59:00Z,0.008776642705088822,3.3567273252515477,3.347950682546459,0
2023-03-24T17:58:55Z,2023-03-24T17:59:00Z,0.001451473536769221,3.350555579706449,3.34910410616968,0
2023-03-24T17:58:55Z,2023-03-24T17:59:00Z,0.006193780515876046,3.356841926600342,3.350648146084466,0
2023-03-24T17:58:55Z,2023-03-24T17:59:00Z,0.010033761795606999,3.3617327948765654,3.3516990330809584,0
2023-03-24T17:58:55Z,2023-03-24T17:59:00Z,0.01568934378982423,3.3383047759333015,3.3539941197231258,0
2023-03-24T17:58:55Z,2023-03-24T17:59:00Z,0.0198003054928777,3.33774656973227,3.3575468752251476,0
2023-03-24T17:58:55Z,2023-03-24T17:59:00Z,0.010507378149220425,3.34748602399714,3.35799340214636,0
2023-03-24T17:58:55Z,2023-03-24T17:59:00Z,0.006118875866958362,3.350269031263517,3.3563879071304754,0
2023-03-24T17:58:55Z,2023-03-24T17:59:00Z,0.029734628569411115,3.325914856183631,3.3556494847530423,0
2023-03-24T17:58:55Z,2023-03-24T17:59:00Z,0.016471640292158973,3.338053584975331,3.3545252252674898,0
2023-03-24T17:58:55Z,2023-03-24T17:59:00Z,0.006958093613319338,3.3420371030478995,3.348995196661219,0
2023-03-24T17:58:55Z,2023-03-24T17:59:00Z,0.000761563141897792,3.3471248099939066,3.346363246852009,0
2023-03-24T17:58:55Z,2023-03-24T17:59:00Z,0.008635103348668682,3.3362591212829753,3.344894224631644,0
2023-03-24T17:58:55Z,2023-03-24T17:59:00Z,0.003357593146421145,3.347908740806812,3.3445511476603906,0
2023-03-24T17:58:55Z,2023-03-24T17:59:00Z,0.011151327124910626,3.353644194253565,3.3424928671286542,0
2023-03-24T17:58:55Z,2023-03-24T17:59:00Z,0.0017314693326562214,3.342841931054335,3.3411104617216787,0
2023-03-24T17:58:55Z,2023-03-24T17:59:00Z,0.02418573649766298,3.3668301400513676,3.3426444035537046,0
2023-03-24T17:58:55Z,2023-03-24T17:59:00Z,0.015830781890195045,3.3589847215761064,3.3431539396859113,0
2023-03-24T17:58:55Z,2023-03-24T17:59:00Z,0.022464667192859,3.3675530184841933,3.3450883512913343,0
2023-03-24T17:58:55Z,2023-03-24T17:59:00Z,0.0013673909904974302,3.3445925293320955,3.345959920322593,0
2023-03-24T17:58:55Z,2023-03-24T17:59:00Z,0.011974942979512626,3.3620986795321617,3.350123736552649,0
2023-03-24T17:58:55Z,2023-03-24T17:59:00Z,0.026649551237549307,3.377427182225875,3.3507776309883255,0
2023-03-24T17:58:55Z,2023-03-24T17:59:00Z,0.028404134851949703,3.3811879234887017,3.352783788636752,0
2023-03-24T17:58:55Z,2023-03-24T17:59:00Z,0.024612135127563217,3.3804261609875113,3.355814025859948,0
2023-03-24T17:58:55Z,2023-03-24T17:59:00Z,0.026035302304295627,3.386342208384817,3.3603069060805213,0
2023-03-24T17:58:55Z,2023-03-24T17:59:00Z,0.017423803524703185,3.380982451623294,3.3635586480985906,0
2023-03-24T17:58:55Z,2023-03-24T17:59:00Z,0.006558392174072836,3.373386841685789,3.3668284495117162,0
2023-03-24T17:58:55Z,2023-03-24T17:59:00Z,0.007855808240210482,3.3784983098088226,3.370642501568612,0
2023-03-24T17:58:55Z,2023-03-24T17:59:00Z,0.02485217690813135,3.396150348640186,3.3712981717320547,0
2023-03-24T17:58:55Z,2023-03-24T17:59:00Z,0.028079821488855128,3.401329352044181,3.373249530555326,0
2023-03-24T17:58:55Z,2023-03-24T17:59:00Z,0.03610415784605259,3.412213421416978,3.3761092635709256,0
2023-03-24T17:58:55Z,2023-03-24T17:59:00Z,0.006852336374170154,3.3886352822163044,3.3817829458421342,0
2023-03-24T17:58:55Z,2023-03-24T17:59:00Z,0.012453441070471527,3.3992478611010872,3.3867944200306157,0
2023-03-24T17:58:55Z,2023-03-24T17:59:00Z,0.0015408254127544652,3.3894560554424134,3.387915230029659,0
2023-03-24T17:58:55Z,2023-03-24T17:59:00Z,0.017322839891575015,3.3723983838993226,3.3897212237908976,0
2023-03-24T17:58:55Z,2023-03-24T17:59:00Z,0.031184146389740874,3.359440066846646,3.390624213236387,0
2023-03-24T17:58:55Z,2023-03-24T17:59:00Z,0.012048067789528272,3.3771817629983096,3.389229830787838,0
2023-03-24T17:58:55Z,2023-03-24T17:59:00Z,0.006805447464417025,3.39388103977459,3.387075592310173,0
2023-03-24T17:58:55Z,2023-03-24T17:59:00Z,0.0007034312190268288,3.388158515660452,3.387455084441425,1
2023-03-24T17:58:55Z,2023-03-24T17:59:00Z,0.008141557431494917,3.3808518000065066,3.3889933574380016,1
2023-03-24T17:58:55Z,2023-03-24T17:59:00Z,0.039904871153696675,3.3482893029863314,3.388194174140028,1
2023-03-24T17:58:55Z,2023-03-24T17:59:00Z,0.0625000615282505,3.3236463574080104,3.386146418936261,1
2023-03-24T17:58:55Z,2023-03-24T17:59:00Z,0.09094603076017238,3.288807976333024,3.3797540070931964,1
2023-03-24T17:58:55Z,2023-03-24T17:59:00Z,0.10441556681012765,3.2688395478022394,3.373255114612367,1
2023-03-24T17:58:55Z,2023-03-24T17:59:00Z,0.12319160795707296,3.2390195181784875,3.3622111261355605,1
2023-03-24T17:58:55Z,2023-03-24T17:59:00Z,0.15757541220542493,3.1925740631661186,3.3501494753715435,1
2023-03-24T17:58:55Z,2023-03-24T17:59:00Z,0.18830091118413295,3.148510677615327,3.33681158879946,1
2023-03-24T17:58:55Z,2023-03-24T17:59:00Z,0.22057557348907642,3.099549414942331,3.3201249884314072,1
2023-03-24T17:58:55Z,2023-03-24T17:59:00Z,0.23535541205259802,3.0619024678405107,3.2972578798931087,1
2023-03-24T17:58:55Z,2023-03-24T17:59:00Z,0.25309591824742794,3.0147287991624547,3.2678247174098827,1
2023-03-24T17:58:55Z,2023-03-24T17:59:00Z,0.2651166014166382,2.97008251121125,3.235199112627888,1
2023-03-24T17:58:55Z,2023-03-24T17:59:00Z,0.26682277410611155,2.9317640384373718,3.1985868125434833,1
2023-03-24T17:58:55Z,2023-03-24T17:59:00Z,0.2651982257788159,2.8955679075871594,3.1607661333659753,1
2023-03-24T17:58:55Z,2023-03-24T17:59:00Z,0.2643781386229276,2.8571997628459838,3.1215779014689113,1
2023-03-24T17:58:55Z,2023-03-24T17:59:00Z,0.2667972105219629,2.815456684072362,3.082253894594325,1
2023-03-24T17:58:55Z,2023-03-24T17:59:00Z,0.2696396529595666,2.771450263139133,3.0410899160986995,1
2023-03-24T17:58:55Z,2023-03-24T17:59:00Z,0.2597667744007106,2.7389668582873763,2.998733632688087,1
2023-03-24T17:58:55Z,2023-03-24T17:59:00Z,0.2442627499265697,2.7123585027588186,2.9566212526853883,1
2023-03-24T17:58:55Z,2023-03-24T17:59:00Z,0.2346637205267701,2.6810031502258234,2.9156668707525935,1
2023-03-24T17:58:55Z,2023-03-24T17:59:00Z,0.22068161770867922,2.6562661618255627,2.876947779534242,1
2023-03-24T17:58:55Z,2023-03-24T17:59:00Z,0.20296857540389945,2.6358892723688734,2.838857847772773,1
2023-03-24T17:58:55Z,2023-03-24T17:59:00Z,0.19481357735451343,2.608198006684571,2.8030115840390843,1
2023-03-24T17:58:55Z,2023-03-24T17:59:00Z,0.18967779163661191,2.5799144685182345,2.7695922601548464,1
2023-03-24T17:58:55Z,2023-03-24T17:59:00Z,0.190225713079343,2.5470099439002234,2.7372356569795664,1
2023-03-24T17:58:55Z,2023-03-24T17:59:00Z,0.18904328023593076,2.5166270328367433,2.705670313072674,1
2023-03-24T17:58:55Z,2023-03-24T17:59:00Z,0.18119618529047132,2.4934551458876264,2.6746513311780977,1
2023-03-24T17:58:55Z,2023-03-24T17:59:00Z,0.17054597983394615,2.47422238622059,2.644768366054536,1
2023-03-24T17:58:55Z,2023-03-24T17:59:00Z,0.1693832975056071,2.4475855568237783,2.6169688543293854,1
2023-03-24T17:58:55Z,2023-03-24T17:59:00Z,0.16983909346159187,2.420655313661115,2.5904944071227067,1
2023-03-24T17:58:55Z,2023-03-24T17:59:00Z,0.17094471727099236,2.3930723952582102,2.5640171125292026,1
2023-03-24T17:58:55Z,2023-03-24T17:59:00Z,0.17031829058379833,2.367664038288934,2.537982328872732,1
2023-03-24T17:58:55Z,2023-03-24T17:59:00Z,0.1610647649009742,2.350598187315022,2.511662952215996,1
2023-03-24T17:58:55Z,2023-03-24T17:59:00Z,0.10950865626857897,2.375331772539423,2.484840428808002,1
2023-03-24T17:58:55Z,2023-03-24T17:59:00Z,0.06936093689581924,2.3897195099752286,2.459080446871048,1
2023-03-24T17:58:55Z,2023-03-24T17:59:00Z,0.0433257939604097,2.3952963833127567,2.4386221772731664,1
2023-03-24T17:58:55Z,2023-03-24T17:59:00Z,0.020150944954959726,2.4027421889257075,2.422893133880667,1
2023-03-24T17:58:55Z,2023-03-24T17:59:00Z,0.00855421939958223,2.4022058495286864,2.4107600689282687,1
2023-03-24T17:58:55Z,2023-03-24T17:59:00Z,0.004052682215582859,2.3976360910164938,2.4016887732320766,1
2023-03-24T17:58:55Z,2023-03-24T17:59:00Z,0.004157963790770047,2.3986450833536566,2.3944871195628865,1
2023-03-24T17:58:55Z,2023-03-24T17:59:00Z,0.007416155089651433,2.3969083280718095,2.389492172982158,1
2023-03-24T17:58:55Z,2023-03-24T17:59:00Z,0.007125981866587416,2.394417131817999,2.3872911499514116,1
2023-03-24T17:58:55Z,2023-03-24T17:59:00Z,0.005338811021296852,2.3930135542540687,2.387674743232772,1
2023-03-24T17:58:55Z,2023-03-24T17:59:00Z,0.0024052335994753093,2.3879448189862034,2.3903500525856787,1
2023-03-24T17:58:55Z,2023-03-24T17:59:00Z,0.009888875568624833,2.3847027137109578,2.3945915892795826,1
2023-03-24T17:58:55Z,2023-03-24T17:59:00Z,0.01142361061210373,2.384429283312157,2.395852893924261,1
2023-03-24T17:58:55Z,2023-03-24T17:59:00Z,0.005131471056177173,2.3902197432416563,2.3953512142978335,1
2023-03-24T17:58:55Z,2023-03-24T17:59:00Z,0.0019989392707544518,2.39226556502702,2.3942645042977744,1
2023-03-24T17:58:55Z,2023-03-24T17:59:00Z,0.0013604574482748433,2.3916518022810935,2.3930122597293684,1
2023-03-24T17:58:55Z,2023-03-24T17:59:00Z,0.004131254621551506,2.3878869766576507,2.392018231279202,1
2023-03-24T17:58:55Z,2023-03-24T17:59:00Z,0.00575069555719665,2.3856691068484652,2.391419802405662,1
2023-03-24T17:58:55Z,2023-03-24T17:59:00Z,0.003347489564480721,2.3869965021715807,2.3903439917360614,1
2023-03-24T17:58:55Z,2023-03-24T17:59:00Z,0.00019671238471685726,2.389416781998444,2.389220069613727,1
2023-03-24T17:58:55Z,2023-03-24T17:59:00Z,0.0013128266390078913,2.387165180010077,2.388478006649085,1
2023-03-24T17:58:55Z,2023-03-24T17:59:00Z,0.008543856276686412,2.3795744731468362,2.3881183294235226,1
2023-03-24T17:58:55Z,2023-03-24T17:59:00Z,0.01543034190103132,2.372610023624879,2.38804036552591,1
2023-03-24T17:58:55Z,2023-03-24T17:59:00Z,0.019022304241838928,2.368505237227659,2.387527541469498,1
2023-03-24T17:58:55Z,2023-03-24T17:59:00Z,0.021685167021013196,2.3646604484797566,2.38634561550077,1
2023-03-24T17:58:55Z,2023-03-24T17:59:00Z,0.018877449824262982,2.3652967150751074,2.3841741648993704,1
2023-03-24T17:58:55Z,2023-03-24T17:59:00Z,0.0200489166577702,2.361364736586874,2.3814136532446444,1
2023-03-24T17:58:55Z,2023-03-24T17:59:00Z,0.02238788290725724,2.3563902616167884,2.3787781445240457,1
2023-03-24T17:58:55Z,2023-03-24T17:59:00Z,0.02168485745506743,2.3544410630619006,2.376125920516968,1
2023-03-24T17:58:55Z,2023-03-24T17:59:00Z,0.021531792498779012,2.3516662434950213,2.3731980359938003,1
2023-03-24T17:58:55Z,2023-03-24T17:59:00Z,0.023656431950862977,2.3462860601319693,2.3699424920828323,1
2023-03-24T17:58:55Z,2023-03-24T17:59:00Z,0.026421857642278557,2.3397455805902116,2.36616743823249,1
2023-03-24T17:58:55Z,2023-03-24T17:59:00Z,0.025693130992359148,2.33638639525232,2.362079526244679,1
2023-03-24T17:58:55Z,2023-03-24T17:59:00Z,0.019700675346318697,2.338395961642698,2.358096636989017,1
2023-03-24T17:58:55Z,2023-03-24T17:59:00Z,0.02022877382395194,2.334245500327809,2.354474274151761,1
2023-03-24T17:58:55Z,2023-03-24T17:59:00Z,0.017138198629868207,2.3343251479633964,2.3514633465932646,1
2023-03-24T17:58:55Z,2023-03-24T17:59:00Z,0.02056179681945114,2.3278600549586193,2.3484218517780704,1
2023-03-24T17:58:55Z,2023-03-24T17:59:00Z,0.01902294758045331,2.3263017474864456,2.345324695066899,1
2023-03-24T17:58:55Z,2023-03-24T17:59:00Z,0.013609746129536138,2.3283644807745376,2.3419742269040738,1
2023-03-24T17:58:55Z,2023-03-24T17:59:00Z,0.011785564185403885,2.3271798113056352,2.338965375491039,1
2023-03-24T17:58:55Z,2023-03-24T17:59:00Z,0.011277131469333845,2.3250805857929695,2.3363577172623033,1
2023-03-24T17:58:55Z,2023-03-24T17:59:00Z,0.014398284078920298,2.3195107899644443,2.3339090740433646,1
2023-03-24T17:58:55Z,2023-03-24T17:59:00Z,0.027558951946079713,2.3042295746633843,2.331788526609464,1
2023-03-24T17:58:55Z,2023-03-24T17:59:00Z,0.04505471420272489,2.2847103333441625,2.3297650475468874,1
2023-03-24T17:58:55Z,2023-03-24T17:59:00Z,0.05944569986992532,2.2671036656180688,2.326549365487994,1
2023-03-24T17:58:55Z,2023-03-24T17:59:00Z,0.07228134399054786,2.2488994586675926,2.3211808026581404,1
2023-03-24T17:58:55Z,2023-03-24T17:59:00Z,0.0751580829309959,2.2393085362561704,2.3144666191871663,1
2023-03-24T17:58:55Z,2023-03-24T17:59:00Z,0.10920137845167321,2.196722671805913,2.305924050257586,1
2023-03-24T17:58:55Z,2023-03-24T17:59:00Z,0.09065767081289389,2.2064112275744474,2.2970688983873413,1
2023-03-24T17:58:55Z,2023-03-24T17:59:00Z,0.0647680129731234,2.219342977846164,2.2841109908192876,1
2023-03-24T17:58:55Z,2023-03-24T17:59:00Z,0.039670805084389915,2.232244860414889,2.2719156654992787,0
2023-03-24T17:58:55Z,2023-03-24T17:59:00Z,0.003024455372460988,2.258107526780871,2.2611319821533318,0
2023-03-24T17:58:55Z,2023-03-24T17:59:00Z,0.030828415121593622,2.282676824737117,2.2518484096155236,0
2023-03-24T17:58:55Z,2023-03-24T17:59:00Z,0.06295182267808297,2.308659905975249,2.245708083297166,0
2023-03-24T17:58:55Z,2023-03-24T17:59:00Z,0.08180539467685488,2.3253582029813944,2.2435528083045395,0
2023-03-24T17:58:55Z,2023-03-24T17:59:00Z,0.10334980061575205,2.3492975661834,2.245947765567648,0
2023-03-24T17:58:55Z,2023-03-24T17:59:00Z,0.12476366484134438,2.376536884145325,2.2517732193039808,0
2023-03-24T17:58:55Z,2023-03-24T17:59:00Z,0.1438156200153351,2.4056286500708963,2.2618130300555612,0
2023-03-24T17:58:55Z,2023-03-24T17:59:00Z,0.16002898968528,2.435564854529757,2.275535864844477,0
2023-03-24T17:58:55Z,2023-03-24T17:59:00Z,0.16517621752976197,2.4616026802007367,2.2964264626709747,0
2023-03-24T17:58:55Z,2023-03-24T17:59:00Z,0.16892423323681616,2.4882660586033225,2.3193418253665063,0
2023-03-24T17:58:55Z,2023-03-24T17:59:00Z,0.1736348439552775,2.5172026395572416,2.343567795601964,0
2023-03-24T17:58:55Z,2023-03-24T17:59:00Z,0.17822323851486077,2.547393153935668,2.369169915420807,0
2023-03-24T17:58:55Z,2023-03-24T17:59:00Z,0.18954741469331982,2.5846268413917635,2.3950794266984436,0
2023-03-24T17:58:55Z,2023-03-24T17:59:00Z,0.1975554737630163,2.6191065333813155,2.421551059618299,0
2023-03-24T17:58:55Z,2023-03-24T17:59:00Z,0.19655000717554127,2.645697760335492,2.449147753159951,0
2023-03-24T17:58:55Z,2023-03-24T17:59:00Z,0.19734381570009418,2.675866401900037,2.4785225861999427,0
2023-03-24T17:58:55Z,2023-03-24T17:59:00Z,0.21499953971536767,2.7231621453305195,2.508162605615152,0
2023-03-24T17:58:55Z,2023-03-24T17:59:00Z,0.23142501382590774,2.769520571216531,2.538095557390623,0
2023-03-24T17:58:55Z,2023-03-24T17:59:00Z,0.23820531116254928,2.8080542180791346,2.5698489069165853,0
2023-03-24T17:58:55Z,2023-03-24T17:59:00Z,0.24723772276614753,2.8504822013514106,2.603244478585263,0
2023-03-24T17:58:55Z,2023-03-24T17:59:00Z,0.2671013443180579,2.9049909766911606,2.6378896323731027,0
2023-03-24T17:58:55Z,2023-03-24T17:59:00Z,0.27936774598229963,2.9534789926302114,2.6741112466479118,0
2023-03-24T17:58:55Z,2023-03-24T17:59:00Z,0.28407553536366814,2.996965615724971,2.7128900803613027,0
2023-03-24T17:58:55Z,2023-03-24T17:59:00Z,0.2909546722933296,3.0444533365240867,2.753498664230757,0
2023-03-24T17:58:55Z,2023-03-24T17:59:00Z,0.2818884617328181,3.0766210033968964,2.7947325416640783,0
2023-03-24T17:58:55Z,2023-03-24T17:59:00Z,0.2753480613797281,3.1126152833580836,2.8372672219783555,0
2023-03-24T17:58:55Z,2023-03-24T17:59:00Z,0.26579391855954304,3.1461534648440383,2.8803595462844953,0
2023-03-24T17:58:55Z,2023-03-24T17:59:00Z,0.2548041423565932,3.1788385767868936,2.9240344344303004,0
2023-03-24T17:58:55Z,2023-03-24T17:59:00Z,0.2305760441015452,3.1969096104831976,2.9663335663816524,0
2023-03-24T17:58:55Z,2023-03-24T17:59:00Z,0.18486871707860741,3.192134084017296,3.0072653669386886,0
2023-03-24T17:58:55Z,2023-03-24T17:59:00Z,0.14226380603384792,3.1884147122129427,3.046150906179095,0
2023-03-24T17:58:55Z,2023-03-24T17:59:00Z,0.07954585362335731,3.159861948069041,3.0803160944456836,0
2023-03-24T17:58:55Z,2023-03-24T17:59:00Z,0.022011446807350232,3.130669914805212,3.108658467997862,0
2023-03-24T17:58:55Z,2023-03-24T17:59:00Z,0.0047034832001080495,3.1340002467418526,3.1292967635417446,0
2023-03-24T17:58:55Z,2023-03-24T17:59:00Z,0.02279150486476933,3.1198756885849996,3.142667193449769,0
2023-03-24T17:58:55Z,2023-03-24T17:59:00Z,0.02084868814581453,3.1307731963257304,3.151621884471545,0
2023-03-24T17:58:55Z,2023-03-24T17:59:00Z,0.027389992402429897,3.1285573605879256,3.1559473529903554,0
2023-03-24T17:58:55Z,2023-03-24T17:59:00Z,0.04507686021691093,3.1126862840702096,3.1577631442871206,0
2023-03-24T17:58:55Z,2023-03-24T17:59:00Z,0.04236622026666437,3.1136373135948445,3.156003533861509,0
2023-03-24T17:58:55Z,2023-03-24T17:59:00Z,0.023289221132767324,3.1260990834570737,3.149388304589841,0
2023-03-24T17:58:55Z,2023-03-24T17:59:00Z,0.021280593709681828,3.1197804811913237,3.1410610749010055,0
2023-03-24T17:58:55Z,2023-03-24T17:59:00Z,0.001002725935714821,3.135460300780698,3.134457574844983,0
2023-03-24T17:58:55Z,2023-03-24T17:59:00Z,0.0008727198938749403,3.1284668716366966,3.1275941517428216,0
2023-03-24T17:58:55Z,2023-03-24T17:59:00Z,0.01747142030631732,3.1426254073203044,3.125153987013987,0
2023-03-24T17:58:55Z,2023-03-24T17:59:00Z,0.028757908750732142,3.153691591447868,3.1249336826971357,0
2023-03-24T17:58:55Z,2023-03-24T17:59:00Z,0.016750957378213638,3.1425471561331944,3.1257961987549807,0
2023-03-24T17:58:55Z,2023-03-24T17:59:00Z,0.013516209089105669,3.142693998130373,3.1291777890412673,0
2023-03-24T17:58:55Z,2023-03-24T17:59:00Z,0.02315504358699627,3.15351022860901,3.130355185022014,0
2023-03-24T17:58:55Z,2023-03-24T17:59:00Z,0.018002956301964357,3.1497718050782226,3.1317688487762583,0
2023-03-24T17:58:55Z,2023-03-24T17:59:00Z,0.012495984250875392,3.1483472274810143,3.135851243230139,0
2023-03-24T17:58:55Z,2023-03-24T17:59:00Z,0.007963784411758379,3.147428476790235,3.1394646923784766,0
2023-03-24T17:58:55Z,2023-03-24T17:59:00Z,0.007576589781176146,3.1341129169996944,3.1416895067808706,0
2023-03-24T17:58:55Z,2023-03-24T17:59:00Z,0.027846789548383377,3.116607516792378,3.1444543063407613,0
2023-03-24T17:58:55Z,2023-03-24T17:59:00Z,0.024219383053879273,3.120100184908782,3.144319567962661,0
2023-03-24T17:58:55Z,2023-03-24T17:59:00Z,0.011799551687844634,3.131334080790385,3.1431336324782295,0
2023-03-24T17:58:55Z,2023-03-24T17:59:00Z,0.011678174126359853,3.1292029361107176,3.1408811102370775,0
2023-03-24T17:58:55Z,2023-03-24T17:59:00Z,0.004256534082351937,3.134388825088977,3.138645359171329,0
2023-03-24T17:58:55Z,2023-03-24T17:59:00Z,0.018934891553764377,3.118376045615317,3.1373109371690813,0
2023-03-24T17:58:55Z,2023-03-24T17:59:00Z,0.009382360190782979,3.1270980596741587,3.1364804198649416,0
2023-03-24T17:58:55Z,2023-03-24T17:59:00Z,0.023848694906897894,3.1091183066586745,3.1329670015655724,0
2023-03-24T17:58:55Z,2023-03-24T17:59:00Z,0.020253138278150118,3.110446488747016,3.130699627025166,0
2023-03-24T17:58:55Z,2023-03-24T17:59:00Z,0.0006791159197532259,3.1260976190231786,3.126776734942932,0
2023-03-24T17:58:55Z,2023-03-24T17:59:00Z,0.007341538136028447,3.1157369980025815,3.12307853613861,0
2023-03-24T17:58:55Z,2023-03-24T17:59:00Z,0.020728784848031978,3.1015482214929264,3.1222770063409584,0
2023-03-24T17:58:55Z,2023-03-24T17:59:00Z,0.021940224058746516,3.1002497304032324,3.122189954461979,0
2023-03-24T17:58:55Z,2023-03-24T17:59:00Z,0.026381858427362292,3.093952899693031,3.1203347581203933,0
2023-03-24T17:58:55Z,2023-03-24T17:59:00Z,0.016951486098214286,3.1002748369834636,3.117226323081678,0
2023-03-24T17:58:55Z,2023-03-24T17:59:00Z,0.0013701193619763963,3.115071438801886,3.1137013194399095,0
2023-03-24T17:58:55Z,2023-03-24T17:59:00Z,0.0018938142907476418,3.1083961063386107,3.1102899206293584,0
2023-03-24T17:58:55Z,2023-03-24T17:59:00Z,0.0005341352447350012,3.1094253247032797,3.1099594599480147,0
2023-03-24T17:58:55Z,2023-03-24T17:59:00Z,0.008898280318294649,3.1169875449327544,3.10808926461446,0
2023-03-24T17:58:55Z,2023-03-24T17:59:00Z,0.005049149935100861,3.1131691163540216,3.1081199664189207,0
2023-03-24T17:58:55Z,2023-03-24T17:59:00Z,0.0013530417754639146,3.1101271138129585,3.1087740720374946,0
2023-03-24T17:58:55Z,2023-03-24T17:59:00Z,0.006381260976397574,3.1010999607941816,3.107481221770579,0
2023-03-24T17:58:55Z,2023-03-24T17:59:00Z,0.00045025385906738435,3.1073704872106838,3.1069202333516164,0
2023-03-24T17:58:55Z,2023-03-24T17:59:00Z,0.007537979824898233,3.1144133871066404,3.106875407281742,0
2023-03-24T17:58:55Z,2023-03-24T17:59:00Z,0.0035308980437402937,3.1111183810062273,3.107587482962487,0
2023-03-24T17:58:55Z,2023-03-24T17:59:00Z,0.004041860162522504,3.1055916715413256,3.109633531703848,0
2023-03-24T17:58:55Z,2023-03-24T17:59:00Z,0.00765712502991045,3.118375011136035,3.1107178861061247,0
2023-03-24T17:58:55Z,2023-03-24T17:59:00Z,0.004882132255931371,3.104887777124137,3.1097699093800686,0
2023-03-24T17:58:55Z,2023-03-24T17:59:00Z,0.004571641046124064,3.106196158813687,3.110767799859811,0
2023-03-24T17:58:55Z,2023-03-24T17:59:00Z,0.005557940113804616,3.104756104988092,3.1103140451018967,0
2023-03-24T17:58:55Z,2023-03-24T17:59:00Z,0.011989001704392432,3.1212239081943824,3.10923490648999,0
2023-03-24T17:58:55Z,2023-03-24T17:59:00Z,0.019537629998615635,3.1279312353520123,3.1083936053533967,0
2023-03-24T17:58:55Z,2023-03-24T17:59:00Z,0.006350939260408417,3.1158542240519473,3.109503284791539,0
2023-03-24T17:58:55Z,2023-03-24T17:59:00Z,0.009541251144493224,3.102645161102829,3.1121864122473224,0
2023-03-24T17:58:55Z,2023-03-24T17:59:00Z,0.015786296311182113,3.097248489620266,3.1130347859314482,0
2023-03-24T17:58:55Z,2023-03-24T17:59:00Z,0.0017496989900243065,3.1136076623210918,3.1118579633310675,0
2023-03-24T17:58:55Z,2023-03-24T17:59:00Z,0.005306404102507045,3.115777378294978,3.110470974192471,0
2023-03-24T17:58:55Z,2023-03-24T17:59:00Z,0.006188756873592993,3.117461330144041,3.111272573270448,0
2023-03-24T17:58:55Z,2023-03-24T17:59:00Z,0.0010442826622649726,3.109968527324077,3.111012809986342,0
2023-03-24T17:58:55Z,2023-03-24T17:59:00Z,0.0012037209889852463,3.111066444299348,3.1122701652883333,0
2023-03-24T17:58:55Z,2023-03-24T17:59:00Z,0.01917182469379508,3.093475577445577,3.112647402139372,0
2023-03-24T17:58:55Z,2023-03-24T17:59:00Z,0.010252921100202705,3.1030255149702946,3.1132784360704973,0
2023-03-24T17:58:55Z,2023-03-24T17:59:00Z,0.01697042335219967,3.093533179643417,3.1105036029956166,0
2023-03-24T17:58:55Z,2023-03-24T17:59:00Z,0.023421792743297143,3.084591238214148,3.108013030957445,0
2023-03-24T17:58:55Z,2023-03-24T17:59:00Z,0.03413238980840161,3.07164853670819,3.1057809265165917,0
2023-03-24T17:58:55Z,2023-03-24T17:59:00Z,0.044444187214705444,3.0595313470130185,3.103975534227724,0
2023-03-24T17:58:55Z,2023-03-24T17:59:00Z,0.03561687646219669,3.0657986624743194,3.101415538936516,0
2023-03-24T17:58:55Z,2023-03-24T17:59:00Z,0.029663505147969005,3.06634440225774,3.096007907405709,0
2023-03-24T17:58:55Z,2023-03-24T17:59:00Z,0.012710433293046997,3.078299602530596,3.091010035823643,0
2023-03-24T17:58:55Z,2023-03-24T17:59:00Z,0.002452527008596661,3.0883508700436098,3.085898343035013,0
2023-03-24T17:58:55Z,2023-03-24T17:59:00Z,0.0020703061429308,3.0806611444127343,3.082731450555665,0
2023-03-24T17:58:55Z,2023-03-24T17:59:00Z,0.0006382243949474287,3.0798216687351436,3.080459893130091,0
2023-03-24T17:58:55Z,2023-03-24T17:59:00Z,0.006858834459656293,3.086037284286463,3.0791784498268067,0
2023-03-24T17:58:55Z,2023-03-24T17:59:00Z,0.021836900939161463,3.0986949661424528,3.0768580652032913,0
2023-03-24T17:58:55Z,2023-03-24T17:59:00Z,0.015932284645645556,3.092040760313242,3.0761084756675965,0
2023-03-24T17:58:55Z,2023-03-24T17:59:00Z,0.0009069927494365082,3.0766118557109903,3.077518848460427,0
2023-03-24T17:58:55Z,2023-03-24T17:59:00Z,0.0205724986459348,3.100130569466867,3.0795580708209322,0
2023-03-24T17:58:55Z,2023-03-24T17:59:00Z,0.03279752445271278,3.1140636461434417,3.081266121690729,0
2023-03-24T17:58:55Z,2023-03-24T17:59:00Z,0.024815966544912804,3.1095152789348965,3.0846993123899837,0
2023-03-24T17:58:55Z,2023-03-24T17:59:00Z,0.013811067614439843,3.103282304392994,3.089471236778554,0
2023-03-24T17:58:55Z,2023-03-24T17:59:00Z,0.005413897581620475,3.0980067020006046,3.092592804418984,0
2023-03-24T17:58:55Z,2023-03-24T17:59:00Z,0.012374389692638044,3.1064603375465603,3.094085947853922,0
2023-03-24T17:58:55Z,2023-03-24T17:59:00Z,0.005300376506661486,3.101120880119371,3.0958205036127096,0
2023-03-24T17:58:55Z,2023-03-24T17:59:00Z,0.010544854732795983,3.109029225226647,3.098484370493851,0
2023-03-24T17:58:55Z,2023-03-24T17:59:00Z,0.004886675440362698,3.104879405517505,3.099992730077142,0
2023-03-24T17:58:55Z,2023-03-24T17:59:00Z,0.027670151961955103,3.1286963079475165,3.1010261559855614,0
2023-03-24T17:58:55Z,2023-03-24T17:59:00Z,0.021500471766726648,3.1238104922727143,3.1023100205059877,0
2023-03-24T17:58:55Z,2023-03-24T17:59:00Z,0.004598881874120053,3.1121173476037605,3.1075184657296404,0
2023-03-24T17:58:55Z,2023-03-24T17:59:00Z,0.023622851311010162,3.1335093093212354,3.1098864580102252,0
2023-03-24T17:58:55Z,2023-03-24T17:59:00Z,0.026679198608477783,3.136371026764735,3.109691828156257,0
2023-03-24T17:58:55Z,2023-03-24T17:59:00Z,0.03287075962744268,3.1449619908223334,3.1120912311948907,0
2023-03-24T17:58:55Z,2023-03-24T17:59:00Z,0.03349682153706901,3.148896924969134,3.115400103432065,0
2023-03-24T17:58:55Z,2023-03-24T17:59:00Z,0.03142970448489413,3.151525336799132,3.120095632314238,0
2023-03-24T17:58:55Z,2023-03-24T17:59:00Z,0.02321682652958712,3.147556117586082,3.124339291056495,0
2023-03-24T17:58:55Z,2023-03-24T17:59:00Z,0.018165459373733484,3.1475451960982044,3.129379736724471,0
2023-03-24T17:58:55Z,2023-03-24T17:59:00Z,0.019910847489280403,3.153143273449695,3.1332324259604145,0
2023-03-24T17:58:55Z,2023-03-24T17:59:00Z,0.03996124399899381,3.177460249017478,3.1374990050184843,0
2023-03-24T17:58:55Z,2023-03-24T17:59:00Z,0.00885413741693375,3.1487978389856366,3.139943701568703,0
2023-03-24T17:58:55Z,2023-03-24T17:59:00Z,0.018277751130052255,3.163586428373231,3.145308677243179,0
2023-03-24T17:58:55Z,2023-03-24T17:59:00Z,0.03519413396709714,3.184170860348464,3.148976726381367,0
2023-03-24T17:58:55Z,2023-03-24T17:59:00Z,0.034191347296114394,3.1861757855826807,3.1519844382865663,0
2023-03-24T17:58:55Z,2023-03-24T17:59:00Z,0.029635765518088775,3.186400187163028,3.1567644216449393,0
2023-03-24T17:58:55Z,2023-03-24T17:59:00Z,0.033181438593202994,3.1940672397141765,3.1608858011209735,0
2023-03-24T17:58:55Z,2023-03-24T17:59:00Z,0.030748093156771628,3.1953842204971346,3.164636127340363,0
2023-03-24T17:58:55Z,2023-03-24T17:59:00Z,0.01868664301413947,3.187576960646007,3.1688903176318677,0
2023-03-24T17:58:55Z,2023-03-24T17:59:00Z,0.024118548503516024,3.197791676426489,3.173673127922973,0
2023-03-24T17:58:55Z,2023-03-24T17:59:00Z,0.018356439870216068,3.1960327442479697,3.1776763043777536,0
2023-03-24T17:58:55Z,2023-03-24T17:59:00Z,0.03345430811940009,3.2155954527948327,3.1821411446754326,0
2023-03-24T17:58:55Z,2023-03-24T17:59:00Z,0.048582983308506744,3.2325813775069885,3.1839983941984817,0
2023-03-24T17:58:55Z,2023-03-24T17:59:00Z,0.02950493004496657,3.2201830856243676,3.190678155579401,0
2023-03-24T17:58:55Z,2023-03-24T17:59:00Z,0.04803964107071934,3.2456172915634967,3.1975776504927773,0
2023-03-24T17:58:55Z,2023-03-24T17:59:00Z,0.05409921811452589,3.2552780911348935,3.2011788730203676,0
2023-03-24T17:58:55Z,2023-03-24T17:59:00Z,0.04112808919172073,3.24825111281017,3.207123023618449,0
2023-03-24T17:58:55Z,2023-03-24T17:59:00Z,0.03173436352415848,3.2457451775397943,3.214010814015636,0
2023-03-24T17:58:55Z,2023-03-24T17:59:00Z,0.038775573763462745,3.2582047750886978,3.219429201325235,0
2023-03-24T17:58:55Z,2023-03-24T17:59:00Z,0.03054529781611892,3.25501059484562,3.224465297029501,0
2023-03-24T17:58:55Z,2023-03-24T17:59:00Z,0.027492415897504063,3.259020494371274,3.23152807847377,0
2023-03-24T17:58:55Z,2023-03-24T17:59:00Z,0.029666751784711565,3.2669167221003943,3.2372499703156827,0
2023-03-24T17:58:55Z,2023-03-24T17:59:00Z,0.014550615638579956,3.258099360966593,3.243548745328013,0
2023-03-24T17:58:55Z,2023-03-24T17:59:00Z,0.006125073903972211,3.2548059461625414,3.248680872258569,0
2023-03-24T17:58:55Z,2023-03-24T17:59:00Z,0.002307044946218806,3.253539715550749,3.25123267060453,0
2023-03-24T17:58:55Z,2023-03-24T17:59:00Z,0.01703751692089739,3.2376574397374505,3.254694956658348,0
2023-03-24T17:58:55Z,2023-03-24T17:59:00Z,0.020236294057995874,3.235250904999077,3.255487199057073,0
2023-03-24T17:58:55Z,2023-03-24T17:59:00Z,0.024410419937743733,3.2293147139795844,3.253725133917328,0
2023-03-24T17:58:55Z,2023-03-24T17:59:00Z,0.033115680344662835,3.2193094327915563,3.252425113136219,0
2023-03-24T17:58:55Z,2023-03-24T17:59:00Z,0.01980531266766583,3.230976754112532,3.250782066780198,0
2023-03-24T17:58:55Z,2023-03-24T17:59:00Z,0.010231706660502216,3.236660825889982,3.246892532550484,0
2023-03-24T17:58:55Z,2023-03-24T17:59:00Z,0.006188398422972252,3.2506775469001474,3.244489148477175,0
2023-03-24T17:58:55Z,2023-03-24T17:59:00Z,0.014090125675820353,3.256343307304867,3.2422531816290467,0
2023-03-24T17:58:55Z,2023-03-24T17:59:00Z,0.026656025221284185,3.2672852893303053,3.240629264109021,0
2023-03-24T17:58:55Z,2023-03-24T17:59:00Z,0.02531660969463667,3.265770268437485,3.2404536587428483,0
2023-03-24T17:58:55Z,2023-03-24T17:59:00Z,0.03586460390946877,3.2775661969690937,3.241701593059625,0
2023-03-24T17:58:55Z,2023-03-24T17:59:00Z,0.029677413473560232,3.2726020618218588,3.2429246483482985,0
2023-03-24T17:58:55Z,2023-03-24T17:59:00Z,0.03781303646473333,3.284728560536196,3.2469155240714627,0
2023-03-24T17:58:55Z,2023-03-24T17:59:00Z,0.03530990818865121,3.2859605479423926,3.2506506397537414,0
2023-03-24T17:58:55Z,2023-03-24T17:59:00Z,0.03708757857858158,3.2932796029879836,3.256192024409402,0
2023-03-24T17:58:55Z,2023-03-24T17:59:00Z,0.04011145339641331,3.302968589320899,3.262857135924486,0
2023-03-24T17:58:55Z,2023-03-24T17:59:00Z,0.03930670645289158,3.308394127264923,3.2690874208120313,0
2023-03-24T17:58:55Z,2023-03-24T17:59:00Z,0.026314413194991726,3.3020326103501145,3.275718197155123,0
2023-03-24T17:58:55Z,2023-03-24T17:59:00Z,0.01551226345989809,3.2970021186514984,3.2814898551916003,0
2023-03-24T17:58:55Z,2023-03-24T17:59:00Z,0.029587502925835896,3.315646288421961,3.286058785496125,0
2023-03-24T17:58:55Z,2023-03-24T17:59:00Z,0.012724646236765391,3.3017551146650095,3.289030468428244,0
2023-03-24T17:58:55Z,2023-03-24T17:59:00Z,0.014441223431714612,3.308459293858407,3.2940180704266924,0
2023-03-24T17:58:55Z,2023-03-24T17:59:00Z,0.009771654027915577,3.3062086162241986,3.296436962196283,0
2023-03-24T17:58:55Z,2023-03-24T17:59:00Z,0.0008221390870102319,3.2992005463129286,3.300022685399939,0
2023-03-24T17:58:55Z,2023-03-24T17:59:00Z,0.0036721303032769548,3.298498560665461,3.302170690968738,0
2023-03-24T17:58:55Z,2023-03-24T17:59:00Z,0.010476402856416822,3.293018287949376,3.3034946908057927,0
2023-03-24T17:58:55Z,2023-03-24T17:59:00Z,0.0021160199299168347,3.306132606503457,3.3040165865735402,0
2023-03-24T17:58:55Z,2023-03-24T17:59:00Z,0.01935060153798096,3.283670954898407,3.303021556436388,0
2023-03-24T17:58:55Z,2023-03-24T17:59:00Z,0.038882339089899354,3.263913065270342,3.3027954043602414,0
2023-03-24T17:58:55Z,2023-03-24T17:59:00Z,0.045635686968886535,3.255323551846184,3.3009592388150706,0
2023-03-24T17:58:55Z,2023-03-24T17:59:00Z,0.04606565823680864,3.251584675240146,3.2976503334769545,0
2023-03-24T17:58:55Z,2023-03-24T17:59:00Z,0.04561307069674614,3.2460049891226306,3.2916180598193767,0
2023-03-24T17:58:55Z,2023-03-24T17:59:00Z,0.0391036793477606,3.2474973365291304,3.286601015876891,0
2023-03-24T17:58:55Z,2023-03-24T17:59:00Z,0.03257475138411037,3.2477808340192023,3.2803555854033126,0
2023-03-24T17:58:55Z,2023-03-24T17:59:00Z,0.028690989788767496,3.2457934676450386,3.274484457433806,0
2023-03-24T17:58:55Z,2023-03-24T17:59:00Z,0.01552907170578699,3.253813414498646,3.269342486204433,0
2023-03-24T17:58:55Z,2023-03-24T17:59:00Z,0.01116787871035374,3.252904098192037,3.264071976902391,0
2023-03-24T17:58:55Z,2023-03-24T17:59:00Z,0.013817127313722644,3.246334362243596,3.2601514895573187,0
2023-03-24T17:58:55Z,2023-03-24T17:59:00Z,0.004113118742356647,3.25071551998382,3.2548286387261767,0
2023-03-24T17:58:55Z,2023-03-24T17:59:00Z,0.001536281103800885,3.249558698356894,3.251094979460695,0
2023-03-24T17:58:55Z,2023-03-24T17:59:00Z,0.006601906855685513,3.2563771317877284,3.249775224932043,0
2023-03-24T17:58:55Z,2023-03-24T17:59:00Z,0.006995708157546687,3.2561944477406604,3.2491987395831137,0
2023-03-24T17:58:55Z,2023-03-24T17:59:00Z,0.013095511718463904,3.2365824735194084,3.2496779852378723,0
2023-03-24T17:58:55Z,2023-03-24T17:59:00Z,0.02182997248912777,3.2288669586105474,3.250696931099675,0
2023-03-24T17:58:55Z,2023-03-24T17:59:00Z,0.035843598501722695,3.21376184629698,3.2496054447987026,0
2023-03-24T17:58:55Z,2023-03-24T17:59:00Z,0.022373022369798434,3.2253410348880394,3.247714057257838,0
2023-03-24T17:58:55Z,2023-03-24T17:59:00Z,0.025392533056195266,3.2191183620668364,3.2445108951230317,0
2023-03-24T17:58:55Z,2023-03-24T17:59:00Z,0.04451916149107493,3.1971444956708956,3.2416636571619706,0
2023-03-24T17:58:55Z,2023-03-24T17:59:00Z,0.04349817652819077,3.19478690702126,3.2382850835494508,0
2023-03-24T17:58:55Z,2023-03-24T17:59:00Z,0.039165989178256755,3.1942001077139244,3.233366096892181,0
2023-03-24T17:58:55Z,2023-03-24T17:59:00Z,0.04634113887255875,3.181432096723366,3.2277732355959246,0
2023-03-24T17:58:55Z,2023-03-24T17:59:00Z,0.03775707436033837,3.18448030217129,3.2222373765316283,0
2023-03-24T17:58:55Z,2023-03-24T17:59:00Z,0.039561806557209866,3.175181066467982,3.214742873025192,0
2023-03-24T17:58:55Z,2023-03-24T17:59:00Z,0.02974353455468215,3.177827923913573,3.207571458468255,0
2023-03-24T17:58:55Z,2023-03-24T17:59:00Z,0.014677244181118265,3.186754073581994,3.201431317763112,0
2023-03-24T17:58:55Z,2023-03-24T17:59:00Z,0.037531783284482145,3.1587956310089327,3.196327414293415,0
2023-03-24T17:58:55Z,2023-03-24T17:59:00Z,0.048237204448554394,3.1453894325733613,3.1936266370219157,0
2023-03-24T17:58:55Z,2023-03-24T17:59:00Z,0.06322034266367638,3.1237517539703292,3.1869720966340056,0
2023-03-24T17:58:55Z,2023-03-24T17:59:00Z,0.03472218910584557,3.144877014578812,3.1795992036846576,0
2023-03-24T17:58:55Z,2023-03-24T17:59:00Z,0.003898153108138569,3.168361776406462,3.172259929514601,0
2023-03-24T17:58:55Z,2023-03-24T17:59:00Z,0.005303354857584708,3.172572295127941,3.167268940270356,0
2023-03-24T17:58:55Z,2023-03-24T17:59:00Z,0.0032346174383306447,3.1679197245779407,3.16468510713961,0
2023-03-24T17:58:55Z,2023-03-24T17:59:00Z,0.001070917317931741,3.162728209662136,3.163799126980068,0
2023-03-24T17:58:55Z,2023-03-24T17:59:00Z,0.0033408444918090474,3.165483913712542,3.162143069220733,0
2023-03-24T17:58:55Z,2023-03-24T17:59:00Z,0.007535131555850949,3.168432915095999,3.160897783540148,0
2023-03-24T17:58:55Z,2023-03-24T17:59:00Z,0.009627483289065708,3.169290865809111,3.159663382520045,0
2023-03-24T17:58:55Z,2023-03-24T17:59:00Z,0.00027917623808049186,3.1581104429095257,3.157831266671445,0
2023-03-24T17:58:55Z,2023-03-24T17:59:00Z,0.012746078082991996,3.1461347120684713,3.1588807901514633,0
2023-03-24T17:58:55Z,2023-03-24T17:59:00Z,0.034169363409428666,3.125983527775651,3.1601528911850796,0
2023-03-24T17:58:55Z,2023-03-24T17:59:00Z,0.0365256932746818,3.125865493720212,3.1623911869948937,0
2023-03-24T17:58:55Z,2023-03-24T17:59:00Z,0.020003881859106176,3.1404979564554716,3.1605018383145778,0
2023-03-24T17:58:55Z,2023-03-24T17:59:00Z,0.013793058271084568,3.142459151774869,3.1562522100459534,0
2023-03-24T17:58:55Z,2023-03-24T17:59:00Z,0.031207811738691138,3.121836964440015,3.153044776178706,0
2023-03-24T17:58:55Z,2023-03-24T17:59:00Z,0.03118261193368843,3.1193161069647104,3.150498718898399,0
2023-03-24T17:58:55Z,2023-03-24T17:59:00Z,0.04163297694848156,3.104776617427705,3.1464095943761867,0
2023-03-24T17:58:55Z,2023-03-24T17:59:00Z,0.05967158909548553,3.0821212246059178,3.1417928137014033,0
2023-03-24T17:58:55Z,2023-03-24T17:59:00Z,0.05444533852655686,3.080981845408018,3.1354271839345746,0
2023-03-24T17:58:55Z,2023-03-24T17:59:00Z,0.028236467698946832,3.098473752115308,3.126710219814255,0
2023-03-24T17:58:55Z,2023-03-24T17:59:00Z,0.02246590978323182,3.0965314502808723,3.118997360064104,0
2023-03-24T17:58:55Z,2023-03-24T17:59:00Z,0.02383029737165332,3.090400966697134,3.1142312640687875,0
2023-03-24T17:58:55Z,2023-03-24T17:59:00Z,0.014989045785302135,3.0962970105340077,3.11128605631931,0
2023-03-24T17:58:55Z,2023-03-24T17:59:00Z,0.028534182857248958,3.0792054207597532,3.107739603617002,0
2023-03-24T17:58:55Z,2023-03-24T17:59:00Z,0.012105962195870568,3.0912135468289854,3.103319509024856,0
2023-03-24T17:58:55Z,2023-03-24T17:59:00Z,0.0019237688402338193,3.0950703670831103,3.096994135923344,0
2023-03-24T17:58:55Z,2023-03-24T17:59:00Z,0.018747317452393997,3.1126791116146353,3.0939317941622413,0
2023-03-24T17:58:55Z,2023-03-24T17:59:00Z,0.02877836906851927,3.062728851105562,3.091507220174081,0
2023-03-24T17:58:55Z,2023-03-24T17:59:00Z,0.03932493409393567,3.0529725354988386,3.0922974695927743,0
2023-03-24T17:58:55Z,2023-03-24T17:59:00Z,0.046285907857110065,3.0440723243856285,3.0903582322427385,0
2023-03-24T17:58:55Z,2023-03-24T17:59:00Z,0.03972333766142011,3.0478339635904006,3.0875573012518207,0
2023-03-24T17:58:55Z,2023-03-24T17:59:00Z,0.03979147305924302,3.0423256854196095,3.0821171584788525,0
2023-03-24T17:58:55Z,2023-03-24T17:59:00Z,0.06087048435665254,3.016376925453153,3.0772474098098055,0
2023-03-24T17:58:55Z,2023-03-24T17:59:00Z,0.05103506612715458,3.0214048155548983,3.072439881682053,0
2023-03-24T17:58:55Z,2023-03-24T17:59:00Z,0.04598495974025063,3.0184629134337166,3.0644478731739673,0
2023-03-24T17:58:55Z,2023-03-24T17:59:00Z,0.03944796524272931,3.0192198474107528,3.058667812653482,0
2023-03-24T17:58:55Z,2023-03-24T17:59:00Z,0.0500271756985633,3.001365573615392,3.051392749313955,0
2023-03-24T17:58:55Z,2023-03-24T17:59:00Z,0.06736801318168784,2.9764396841650314,3.043807697346719,0
2023-03-24T17:58:55Z,2023-03-24T17:59:00Z,0.05645089995425723,2.9762254435925377,3.032676343546795,0
2023-03-24T17:58:55Z,2023-03-24T17:59:00Z,0.039579313805817584,2.9844681130469244,3.024047426852742,0
2023-03-24T17:58:55Z,2023-03-24T17:59:00Z,0.056976334760501235,2.959396382901611,3.016372717662112,0
2023-03-24T17:58:55Z,2023-03-24T17:59:00Z,0.03916253423449012,2.9712497622937515,3.0104122965282416,0
2023-03-24T17:58:55Z,2023-03-24T17:59:00Z,0.026056772171094256,2.975511766288268,3.0015685384593622,0
2023-03-24T17:58:55Z,2023-03-24T17:59:00Z,0.011350226107615491,2.9831107200391616,2.994460946146777,0
2023-03-24T17:58:55Z,2023-03-24T17:59:00Z,0.01643118343594363,3.006805613666232,2.9903744302302884,0
2023-03-24T17:58:55Z,2023-03-24T17:59:00Z,0.048800411044531256,3.0353454317232456,2.9865450206787143,0
2023-03-24T17:58:55Z,2023-03-24T17:59:00Z,0.06807560345083585,3.053454894152802,2.985379290701966,0
2023-03-24T17:58:55Z,2023-03-24T17:59:00Z,0.09201197522649052,3.079003824359706,2.9869918491332155,0
2023-03-24T17:58:55Z,2023-03-24T17:59:00Z,0.07930696063252851,3.0715077418194854,2.992200781186957,0
2023-03-24T17:58:55Z,2023-03-24T17:59:00Z,0.06386033569382787,3.066317530900252,3.002457195206424,0
2023-03-24T17:58:55Z,2023-03-24T17:59:00Z,0.08666183438296393,3.098647259412082,3.0119854250291183,0
2023-03-24T17:58:55Z,2023-03-24T17:59:00Z,0.08030092451685755,3.1004712913313095,3.020170366814452,0
2023-03-24T17:58:55Z,2023-03-24T17:59:00Z,0.0733512644919383,3.107446718957437,3.0340954544654988,0
2023-03-24T17:58:55Z,2023-03-24T17:59:00Z,0.09935633883468897,3.1463739462039437,3.0470176073692548,0
2023-03-24T17:58:55Z,2023-03-24T17:59:00Z,0.08453962893189626,3.1447507315680676,3.0602111026361714,0
2023-03-24T17:58:55Z,2023-03-24T17:59:00Z,0.05719248648004971,3.1337299117326993,3.0765374252526496,0
2023-03-24T17:58:55Z,2023-03-24T17:59:00Z,0.035278630843575076,3.1256105678864077,3.0903319370428326,0
2023-03-24T17:58:55Z,2023-03-24T17:59:00Z,0.01582210456395039,3.115992489607729,3.1001703850437785,0
2023-03-24T17:58:55Z,2023-03-24T17:59:00Z,0.015533048605429034,3.1229190010225683,3.107385952417139,0
2023-03-24T17:58:55Z,2023-03-24T17:59:00Z,0.01780724099583697,3.1288920599377783,3.1110848189419413,0
2023-03-24T17:58:55Z,2023-03-24T17:59:00Z,0.012940729910829507,3.10328521495142,3.1162259448622494,0
2023-03-24T17:58:55Z,2023-03-24T17:59:00Z,0.01271184451071461,3.1097715532552876,3.1224833977660023,0
2023-03-24T17:58:55Z,2023-03-24T17:59:00Z,0.030090776923916263,3.0928564163960197,3.122947193319936,0
2023-03-24T17:58:55Z,2023-03-24T17:59:00Z,0.010403922155243883,3.134281141667578,3.1238772195123343,0
2023-03-24T17:58:55Z,2023-03-24T17:59:00Z,0.02127360298796921,3.1436917922441614,3.122418189256192,0
2023-03-24T17:58:55Z,2023-03-24T17:59:00Z,0.012817743529604186,3.13402665233216,3.1212089088025556,0
2023-03-24T17:58:55Z,2023-03-24T17:59:00Z,0.014062147065851072,3.107040867804314,3.1211030148701653,0
2023-03-24T17:58:55Z,2023-03-24T17:59:00Z,0.049326114834582935,3.0718065740955285,3.1211326889301114,0
2023-03-24T17:58:55Z,2023-03-24T17:59:00Z,0.03539077047051409,3.0838849484513875,3.1192757189219016,0
2023-03-24T17:58:55Z,2023-03-24T17:59:00Z,0.03722866024905658,3.077628467121625,3.1148571273706818,0
2023-03-24T17:58:55Z,2023-03-24T17:59:00Z,0.02727088950407719,3.0836828326094863,3.1109537221135635,0
2023-03-24T17:58:55Z,2023-03-24T17:59:00Z,0.018084207739724523,3.0877431550922236,3.105827362831948,0
2023-03-24T17:58:55Z,2023-03-24T17:59:00Z,0.029800093462938992,3.0740670311348155,3.1038671245977545,0
2023-03-24T17:58:55Z,2023-03-24T17:59:00Z,0.03718135990674565,3.064482924874703,3.1016642847814486,0
2023-03-24T17:58:55Z,2023-03-24T17:59:00Z,0.04236094080986286,3.0574244054454653,3.099785346255328,0
2023-03-24T17:58:55Z,2023-03-24T17:59:00Z,0.04719325402477681,3.045612270551264,3.0928055245760406,0
2023-03-24T17:58:55Z,2023-03-24T17:59:00Z,0.027626265404531836,3.056552520491639,3.084178785896171,0
2023-03-24T17:58:55Z,2023-03-24T17:59:00Z,0.01932872358287474,3.0560086241352065,3.075337347718081,0
2023-03-24T17:58:55Z,2023-03-24T17:59:00Z,0.01602662446983194,3.0542618885169817,3.0702885129868136,0
2023-03-24T17:58:55Z,2023-03-24T17:59:00Z,0.024198079260644878,3.0445106387301366,3.0687087179907815,0
2023-03-24T17:58:55Z,2023-03-24T17:59:00Z,0.0438385433390045,3.0219078686583365,3.065746411997341,0
2023-03-24T17:58:55Z,2023-03-24T17:59:00Z,0.05646924387837293,3.0059653852798194,3.0624346291581923,0
2023-03-24T17:58:55Z,2023-03-24T17:59:00Z,0.12229540123160643,2.9339617315314706,3.056257132763077,0
2023-03-24T17:58:55Z,2023-03-24T17:59:00Z,0.1619679861889236,2.886111369592913,3.0480793557818364,0
2023-03-24T17:58:55Z,2023-03-24T17:59:00Z,0.15381310385596114,2.880255721965541,3.0340688258215023,0
2023-03-24T17:58:55Z,2023-03-24T17:59:00Z,0.13987780122655247,2.876353869066771,3.0162316702933234,0
2023-03-24T17:58:55Z,2023-03-24T17:59:00Z,0.11252022981835408,2.8859945721269766,2.9985148019453307,0
2023-03-24T17:58:55Z,2023-03-24T17:59:00Z,0.08560654906021758,2.895982412736664,2.9815889617968816,0
2023-03-24T17:58:55Z,2023-03-24T17:59:00Z,0.07413931232493409,2.8903938546354815,2.9645331669604156,0
2023-03-24T17:58:55Z,2023-03-24T17:59:00Z,0.05097685962028864,2.8975536862002724,2.948530545820561,0
2023-03-24T17:58:55Z,2023-03-24T17:59:00Z,0.019955314049171058,2.91218842838324,2.932143742432411,0
2023-03-24T17:58:55Z,2023-03-24T17:59:00Z,0.015113928148191569,2.9325619753276158,2.917448047179424,0
2023-03-24T17:58:55Z,2023-03-24T17:59:00Z,0.033301507249484,2.9397776104013986,2.9064761031519146,0
2023-03-24T17:58:55Z,2023-03-24T17:59:00Z,0.06360920961965233,2.9627449717763468,2.8991357621566944,0
2023-03-24T17:58:55Z,2023-03-24T17:59:00Z,0.06335674183973738,2.963074091883425,2.8997173500436877,0
2023-03-24T17:58:55Z,2023-03-24T17:59:00Z,0.05673961102494118,2.964120321286972,2.907380710262031,0
2023-03-24T17:58:55Z,2023-03-24T17:59:00Z,0.050901172343265966,2.966563719597085,2.915662547253819,0
2023-03-24T17:58:55Z,2023-03-24T17:59:00Z,0.04028083376201286,2.9647200262378526,2.9244391924758397,0
2023-03-24T17:58:55Z,2023-03-24T17:59:00Z,0.03877324158400519,2.971269348806856,2.9324961072228506,0
2023-03-24T17:58:55Z,2023-03-24T17:59:00Z,0.03505807711488762,2.974427945687857,2.9393698685729692,0
2023-03-24T17:58:55Z,2023-03-24T17:59:00Z,0.040622423452997936,2.9880798414431045,2.9474574179901065,0
2023-03-24T17:58:55Z,2023-03-24T17:59:00Z,0.03191063515700421,2.9870554790958694,2.9551448439388652,0
2023-03-24T17:58:55Z,2023-03-24T17:59:00Z,0.055859654451156704,3.0185936396960082,2.9627339852448515,0
2023-03-24T17:58:55Z,2023-03-24T17:59:00Z,0.08585343075710172,3.0540367663787786,2.968183335621677,0
2023-03-24T17:58:55Z,2023-03-24T17:59:00Z,0.07274511069989176,3.048810049251029,2.9760649385511373,0
2023-03-24T17:58:55Z,2023-03-24T17:59:00Z,0.07661586321489855,3.061809981226279,2.9851941180113806,0
2023-03-24T17:58:55Z,2023-03-24T17:59:00Z,0.0765640311128779,3.070331744861019,2.993767713748141,0
2023-03-24T17:58:55Z,2023-03-24T17:59:00Z,0.07605254547702422,3.079589225219096,3.003536679742072,0
2023-03-24T17:58:55Z,2023-03-24T17:59:00Z,0.06456829569552225,3.0784817779639875,3.0139134822684652,0
2023-03-24T17:58:55Z,2023-03-24T17:59:00Z,0.05770719394557888,3.0831075961121686,3.0254004021665897,0
2023-03-24T17:58:55Z,2023-03-24T17:59:00Z,0.052087220927787836,3.0882088660100906,3.0361216450823028,0
2023-03-24T17:58:55Z,2023-03-24T17:59:00Z,0.043473790827412984,3.0904634009521468,3.046989610124734,0
2023-03-24T17:58:55Z,2023-03-24T17:59:00Z,0.057506971125126594,3.1145094837065597,3.057002512581433,0
2023-03-24T17:58:55Z,2023-03-24T17:59:00Z,0.023045653737978178,3.090388958505039,3.0673433047670606,0
2023-03-24T17:58:55Z,2023-03-24T17:59:00Z,0.0011914509706758558,3.078126340138791,3.076934889168115,0
2023-03-24T17:58:55Z,2023-03-24T17:59:00Z,0.003546510618479104,3.0770235977622624,3.0805701083807415,0
2023-03-24T17:58:55Z,2023-03-24T17:59:00Z,0.009061348121705226,3.0744403893478123,3.0835017374695175,0
2023-03-24T17:58:55Z,2023-03-24T17:59:00Z,0.026652168829484957,3.058370930293631,3.085023099123116,0
2023-03-24T17:58:55Z,2023-03-24T17:59:00Z,0.04400758249996528,3.129441546071761,3.085433963571796,0
2023-03-24T17:58:55Z,2023-03-24T17:59:00Z,0.06408105131259889,3.147393185391848,3.0833121340792493,0
2023-03-24T17:58:55Z,2023-03-24T17:59:00Z,0.04396821415179586,3.132376325041822,3.0884081108900263,0
2023-03-24T17:58:55Z,2023-03-24T17:59:00Z,0.0329138827636033,3.1277505525815976,3.0948366698179943,0
2023-03-24T17:58:55Z,2023-03-24T17:59:00Z,0.018350405852783247,3.117603821573951,3.0992534157211677,0
2023-03-24T17:58:55Z,2023-03-24T17:59:00Z,0.024400051232044362,3.1273821821161567,3.1029821308841123,0
2023-03-24T17:58:55Z,2023-03-24T17:59:00Z,0.03304289117803716,3.136334455848889,3.103291564670852,0
2023-03-24T17:58:55Z,2023-03-24T17:59:00Z,0.02645448786365634,3.13344537489562,3.1069908870319636,0
2023-03-24T17:58:55Z,2023-03-24T17:59:00Z,0.006267663505496568,3.1190793621084696,3.112811698602973,0
2023-03-24T17:58:55Z,2023-03-24T17:59:00Z,0.014418895663085074,3.1040349806532235,3.1184538763163085,0
2023-03-24T17:58:55Z,2023-03-24T17:59:00Z,0.011048761368080307,3.111869012224294,3.1229177735923743,0
2023-03-24T17:58:55Z,2023-03-24T17:59:00Z,0.02097673238460951,3.1065074462437243,3.127484178628334,0
2023-03-24T17:58:55Z,2023-03-24T17:59:00Z,0.02140815447353095,3.1043187707700564,3.1257269252435873,0
2023-03-24T17:58:55Z,2023-03-24T17:59:00Z,0.0012422964741780618,3.120396054854597,3.121638351328775,0
2023-03-24T17:58:55Z,2023-03-24T17:59:00Z,0.00867021713401206,3.1275028130356106,3.1188325959015986,0
2023-03-24T17:58:55Z,2023-03-24T17:59:00Z,0.00682166951906682,3.1249188156479653,3.1180971461288984,0
2023-03-24T17:58:55Z,2023-03-24T17:59:00Z,0.010860071339997557,3.129947116615061,3.1190870452750636,0
2023-03-24T17:58:55Z,2023-03-24T17:59:00Z,0.0035680549651631033,3.1224087635934086,3.1188407086282455,0
2023-03-24T17:58:55Z,2023-03-24T17:59:00Z,0.005534382784436076,3.112667591920426,3.118201974704862,0
2023-03-24T17:58:55Z,2023-03-24T17:59:00Z,0.010845135682005402,3.1279434492566467,3.1170983135746413,0
2023-03-24T17:58:55Z,2023-03-24T17:59:00Z,0.007286052786601882,3.1237431893424388,3.116457136555837,0
2023-03-24T17:58:55Z,2023-03-24T17:59:00Z,0.002799265489012992,3.1216472489051923,3.1188479834161793,0
2023-03-24T17:58:55Z,2023-03-24T17:59:00Z,0.012321349159645223,3.132356750287639,3.1200354011279936,0
2023-03-24T17:58:55Z,2023-03-24T17:59:00Z,0.004327072770852869,3.125876454164993,3.12154938139414,0
2023-03-24T17:58:55Z,2023-03-24T17:59:00Z,0.0008795137499872929,3.123473665595911,3.1243531793458983,0
2023-03-24T17:58:55Z,2023-03-24T17:59:00Z,0.006883507017412249,3.1180177122595256,3.124901219276938,0
2023-03-24T17:58:55Z,2023-03-24T17:59:00Z,0.018119969189373197,3.142618273722341,3.1244983045329677,0
2023-03-24T17:58:55Z,2023-03-24T17:59:00Z,0.028901865353253342,3.152710059547377,3.123808194194124,0
2023-03-24T17:58:55Z,2023-03-24T17:59:00Z,0.019791624956390752,3.1448669348612426,3.125075309904852,0
2023-03-24T17:58:55Z,2023-03-24T17:59:00Z,0.009461000794734886,3.137566440294984,3.128105439500249,0
2023-03-24T17:58:55Z,2023-03-24T17:59:00Z,0.021464226116789664,3.109861147677541,3.1313253737943305,0
2023-03-24T17:58:55Z,2023-03-24T17:59:00Z,0.013445804953053031,3.118841867945111,3.132287672898164,0
2023-03-24T17:58:55Z,2023-03-24T17:59:00Z,0.006216271651110272,3.1246831970805644,3.1308994687316747,0
2023-03-24T17:58:55Z,2023-03-24T17:59:00Z,0.0016958677974661107,3.1289230628382008,3.130618930635667,0
2023-03-24T17:58:55Z,2023-03-24T17:59:00Z,0.013175700842706028,3.143027276157665,3.129851575314959,0
2023-03-24T17:58:55Z,2023-03-24T17:59:00Z,0.02784505589813069,3.1580012920804106,3.13015623618228,0
2023-03-24T17:58:55Z,2023-03-24T17:59:00Z,0.010154235836264736,3.14226583307472,3.1321115972384552,0
2023-03-24T17:58:55Z,2023-03-24T17:59:00Z,0.02227644840640508,3.158386403626949,3.136109955220544,0
2023-03-24T17:58:55Z,2023-03-24T17:59:00Z,0.03373573128875096,3.1698104424445326,3.1360747111557816,0
2023-03-24T17:58:55Z,2023-03-24T17:59:00Z,0.030957333312797708,3.167599678876537,3.136642345563739,0
2023-03-24T17:58:55Z,2023-03-24T17:59:00Z,0.020416072255057927,3.159552768577126,3.139136696322068,0
2023-03-24T17:58:55Z,2023-03-24T17:59:00Z,0.009995573879867159,3.152135594060091,3.1421400201802236,0
2023-03-24T17:58:55Z,2023-03-24T17:59:00Z,0.018638841574159404,3.165748023844341,3.1471091822701815,1
2023-03-24T17:58:55Z,2023-03-24T17:59:00Z,7.278921859565912e-05,3.1505113441002752,3.1504385548816796,1
2023-03-24T17:58:55Z,2023-03-24T17:59:00Z,0.007985241524656406,3.162530279082714,3.1545450375580577,1
2023-03-24T17:58:55Z,2023-03-24T17:59:00Z,0.014254103193709788,3.1709579688779748,3.156703865684265,1
2023-03-24T17:58:55Z,2023-03-24T17:59:00Z,0.0002112038343771161,3.1588653698111466,3.1586541659767695,1
2023-03-24T17:58:55Z,2023-03-24T17:59:00Z,0.011127323332038586,3.148822510324487,3.1599498336565257,1
2023-03-24T17:58:55Z,2023-03-24T17:59:00Z,0.0038496997258028465,3.1577600876043657,3.1616097873301685,1
2023-03-24T17:58:55Z,2023-03-24T17:59:00Z,0.00523482212570725,3.1554185758742146,3.160653397999922,1
2023-03-24T17:58:55Z,2023-03-24T17:59:00Z,0.00010749694260381304,3.1593408655733017,3.1594483625159056,1
2023-03-24T17:58:55Z,2023-03-24T17:59:00Z,0.001144610843534899,3.157085641372139,3.1582302522156738,1
2023-03-24T17:58:55Z,2023-03-24T17:59:00Z,0.020482253911637827,3.137726808003653,3.158209061915291,1
2023-03-24T17:58:55Z,2023-03-24T17:59:00Z,0.002009784688965066,3.1566942819575305,3.1587040666464956,1
2023-03-24T17:58:55Z,2023-03-24T17:59:00Z,0.013128423427546387,3.1690303684899734,3.155901945062427,0
2023-03-24T17:58:55Z,2023-03-24T17:59:00Z,0.009916493694495543,3.1664367325426483,3.156520238848153,0
2023-03-24T17:58:55Z,2023-03-24T17:59:00Z,0.015117899037640381,3.172288146826519,3.1571702477888786,0
2023-03-24T17:58:55Z,2023-03-24T17:59:00Z,0.008507837782602223,3.1652259619379484,3.156718124155346,0
2023-03-24T17:58:55Z,2023-03-24T17:59:00Z,0.00940395004513972,3.1674643519020234,3.1580604018568836,0
2023-03-24T17:58:55Z,2023-03-24T17:59:00Z,0.00702714005377203,3.152673606964457,3.159700747018229,0
2023-03-24T17:58:55Z,2023-03-24T17:59:00Z,0.0020548998771414695,3.158616273570854,3.1606711734479953,0
2023-03-24T17:58:55Z,2023-03-24T17:59:00Z,0.014296586731938898,3.174693263288958,3.1603966765570193,0
2023-03-24T17:58:55Z,2023-03-24T17:59:00Z,0.00556120955727657,3.165885426914051,3.1603242173567745,0
2023-03-24T17:58:55Z,2023-03-24T17:59:00Z,0.010214724071391679,3.172299703619848,3.1620849795484562,0
2023-03-24T17:58:55Z,2023-03-24T17:59:00Z,0.023723379079315876,3.188624220518812,3.164900841439496,0
2023-03-24T17:58:55Z,2023-03-24T17:59:00Z,0.022354762851176435,3.188816146456905,3.1664613836057285,0
2023-03-24T17:58:55Z,2023-03-24T17:59:00Z,0.03099879581759879,3.1994195646262105,3.1684207688086117,0
2023-03-24T17:58:55Z,2023-03-24T17:59:00Z,0.031185297269559875,3.2018440074695973,3.1706587102000374,0
2023-03-24T17:58:55Z,2023-03-24T17:59:00Z,0.02769399202308742,3.2010658440030944,3.173371851980007,0
2023-03-24T17:58:55Z,2023-03-24T17:59:00Z,0.022500375537707562,3.199534032070879,3.1770336565331716,0
2023-03-24T17:58:55Z,2023-03-24T17:59:00Z,0.019353237240919086,3.1997470429841974,3.1803938057432783,0
2023-03-24T17:58:55Z,2023-03-24T17:59:00Z,0.0036727396901583553,3.1887525879440792,3.185079848253921,0
2023-03-24T17:58:55Z,2023-03-24T17:59:00Z,0.0022676449698315615,3.1869252802254238,3.1891929251952553,0
2023-03-24T17:58:55Z,2023-03-24T17:59:00Z,0.009502314851531413,3.181096542809236,3.1905988576607673,0
2023-03-24T17:58:55Z,2023-03-24T17:59:00Z,0.0004932505599151149,3.1922095924319898,3.192702842991905,0
2023-03-24T17:58:55Z,2023-03-24T17:59:00Z,0.0011764135610063953,3.19475894047185,3.1935825269108435,0
2023-03-24T17:58:55Z,2023-03-24T17:59:00Z,0.013545495870038948,3.1803955682321225,3.1939410641021615,0
2023-03-24T17:58:55Z,2023-03-24T17:59:00Z,0.008663432382842728,3.1858719111208127,3.1945353435036554,0
2023-03-24T17:58:55Z,2023-03-24T17:59:00Z,0.026196341232014753,3.166436602632232,3.192632943864247,0
2023-03-24T17:58:55Z,2023-03-24T17:59:00Z,0.027843560182083227,3.1631921740472855,3.1910357342293687,0
2023-03-24T17:58:55Z,2023-03-24T17:59:00Z,0.03716491610721828,3.1504078939850637,3.187572810092282,0
2023-03-24T17:58:55Z,2023-03-24T17:59:00Z,0.040596155474582396,3.1433424688153404,3.183938624289923,0
2023-03-24T17:58:55Z,2023-03-24T17:59:00Z,0.03763738307159903,3.1413673263184108,3.17900470939001,0
2023-03-24T17:58:55Z,2023-03-24T17:59:00Z,0.02370294737016998,3.150760750106966,3.174463697477136,0
2023-03-24T17:58:55Z,2023-03-24T17:59:00Z,0.026432749327143235,3.1434751527592906,3.169907902086434,0
2023-03-24T17:58:55Z,2023-03-24T17:59:00Z,0.03568360034329299,3.131190722472914,3.166874322816207,0
2023-03-24T17:58:55Z,2023-03-24T17:59:00Z,0.022137488637009817,3.1398633902119273,3.162000878848937,0
2023-03-24T17:58:55Z,2023-03-24T17:59:00Z,0.00881324312327747,3.1468308139257664,3.155644057049044,0
2023-03-24T17:58:55Z,2023-03-24T17:59:00Z,0.0005573840466501778,3.1510334552003743,3.1515908392470244,0
2023-03-24T17:58:55Z,2023-03-24T17:59:00Z,0.001436311702694315,3.1462504178248256,3.14768672952752,0
2023-03-24T17:58:55Z,2023-03-24T17:59:00Z,0.006962635044515775,3.139183779739818,3.146146414784334,0
2023-03-24T17:58:55Z,2023-03-24T17:59:00Z,0.0020726516861730993,3.1423795874759146,3.1444522391620877,0
2023-03-24T17:58:55Z,2023-03-24T17:59:00Z,0.01182770971572733,3.131502118021836,3.1433298277375634,0
2023-03-24T17:58:55Z,2023-03-24T17:59:00Z,0.030887962243709488,3.17412150184733,3.1432335396036204,0
2023-03-24T17:58:55Z,2023-03-24T17:59:00Z,0.025536147249792585,3.167783166023756,3.1422470187739635,0
2023-03-24T17:58:55Z,2023-03-24T17:59:00Z,0.033354135018072384,3.177937228966072,3.1445830939479995,0
2023-03-24T17:58:55Z,2023-03-24T17:59:00Z,0.050796393799681816,3.1978102890741282,3.1470138952744464,0
2023-03-24T17:58:55Z,2023-03-24T17:59:00Z,0.049243925189600635,3.200932471113363,3.1516885459237622,0
2023-03-24T17:58:55Z,2023-03-24T17:59:00Z,0.033621671419556076,3.191104907229538,3.157483235809982,0
2023-03-24T17:58:55Z,2023-03-24T17:59:00Z,0.016828226698558435,3.1797216282272998,3.1628934015287413,0
2023-03-24T17:58:55Z,2023-03-24T17:59:00Z,0.003477824057138257,3.16342272267452,3.166900546731658,0
2023-03-24T17:58:55Z,2023-03-24T17:59:00Z,0.016654197879243604,3.1869018656511487,3.170247667771905,0
2023-03-24T17:58:55Z,2023-03-24T17:59:00Z,0.01806023522839517,3.190731797293771,3.172671562065376,0
2023-03-24T17:58:55Z,2023-03-24T17:59:00Z,0.0022044679962163194,3.1793282578791153,3.177123789882899,0
2023-03-24T17:58:55Z,2023-03-24T17:59:00Z,0.015738784949414164,3.1673079728606783,3.1830467578100925,0
2023-03-24T17:58:55Z,2023-03-24T17:59:00Z,0.01549671898443128,3.16807071442884,3.183567433413271,0
2023-03-24T17:58:55Z,2023-03-24T17:59:00Z,0.04695301200536939,3.1365669020915936,3.183519914096963,0
2023-03-24T17:58:55Z,2023-03-24T17:59:00Z,0.044585464190988855,3.1379477984522515,3.1825332626432403,0
2023-03-24T17:58:55Z,2023-03-24T17:59:00Z,0.04823949438463071,3.1281694295603564,3.176408923944987,0
2023-03-24T17:58:55Z,2023-03-24T17:59:00Z,0.054602005594678094,3.1155084510841977,3.170110456678876,0
2023-03-24T17:58:55Z,2023-03-24T17:59:00Z,0.035820296507904636,3.127996612404053,3.1638169089119574,0
2023-03-24T17:58:55Z,2023-03-24T17:59:00Z,0.026276361905134937,3.131119229292512,3.157395591197647,0
2023-03-24T17:58:55Z,2023-03-24T17:59:00Z,0.016330760695586033,3.1375222194750143,3.1538529801706003,0
2023-03-24T17:58:55Z,2023-03-24T17:59:00Z,0.01628036660765897,3.131994349927078,3.148274716534737,0
2023-03-24T17:58:55Z,2023-03-24T17:59:00Z,0.011905600899081215,3.1310481578537797,3.142953758752861,0
2023-03-24T17:58:55Z,2023-03-24T17:59:00Z,0.008441401580153496,3.129778966377504,3.1382203679576577,0
2023-03-24T17:58:55Z,2023-03-24T17:59:00Z,0.005955352867876851,3.140549739324844,3.134594386456967,0
2023-03-24T17:58:55Z,2023-03-24T17:59:00Z,0.018732361233904538,3.1494975728857386,3.130765211651834,0
2023-03-24T17:58:55Z,2023-03-24T17:59:00Z,0.02076328241685088,3.15192677779201,3.131163495375159,0
2023-03-24T17:58:55Z,2023-03-24T17:59:00Z,0.021784696482220145,3.1541031693007278,3.1323184728185076,0
2023-03-24T17:58:55Z,2023-03-24T17:59:00Z,0.014530142360924536,3.149224350002598,3.1346942076416733,0
2023-03-24T17:58:55Z,2023-03-24T17:59:00Z,0.01091857617439862,3.1276351032889274,3.138553679463326,0
2023-03-24T17:58:55Z,2023-03-24T17:59:00Z,0.034231270340646436,3.1064451828825344,3.140676453223181,0
2023-03-24T17:58:55Z,2023-03-24T17:59:00Z,0.0701616426341709,3.0701663979886513,3.1403280406228222,0
2023-03-24T17:58:55Z,2023-03-24T17:59:00Z,0.0815041481008918,3.0557161888626823,3.137220336963574,0
2023-03-24T17:58:55Z,2023-03-24T17:59:00Z,0.10324854115994286,3.0277890006097885,3.1310375417697314,1
2023-03-24T17:58:55Z,2023-03-24T17:59:00Z,0.13305836275159644,2.990445982119025,3.1235043448706215,1
2023-03-24T17:58:55Z,2023-03-24T17:59:00Z,0.16256236886696618,2.950742979426884,3.11330534829385,1
2023-03-24T17:58:55Z,2023-03-24T17:59:00Z,0.18759511836586595,2.9106998542074023,3.0982949725732682,1
2023-03-24T17:58:55Z,2023-03-24T17:59:00Z,0.22844388672533,2.8499756265020526,3.0784195132273826,1
2023-03-24T17:58:55Z,2023-03-24T17:59:00Z,0.24728137016369978,2.807015450705222,3.0542968208689216,1
2023-03-24T17:58:55Z,2023-03-24T17:59:00Z,0.2511188301566021,2.772765236432452,3.023884066589054,1
2023-03-24T17:58:55Z,2023-03-24T17:59:00Z,0.29162590204677485,2.698037274612542,2.9896631766593167,1
2023-03-24T17:58:55Z,2023-03-24T17:59:00Z,0.3222125170194823,2.6319636729541873,2.9541761899736696,1
2023-03-24T17:58:55Z,2023-03-24T17:59:00Z,0.33449144099253125,2.578843958154139,2.9133353991466704,1
2023-03-24T17:58:55Z,2023-03-24T17:59:00Z,0.34248601731946104,2.527029109323763,2.869515126643224,1
2023-03-24T17:58:55Z,2023-03-24T17:59:00Z,0.3461970628562394,2.4756308407161294,2.821827903572369,1
2023-03-24T17:58:55Z,2023-03-24T17:59:00Z,0.34644182662216716,2.4253100878215994,2.7717519144437666,1
2023-03-24T17:58:55Z,2023-03-24T17:59:00Z,0.3348785512411796,2.385391849062298,2.7202704003034777,1
2023-03-24T17:58:55Z,2023-03-24T17:59:00Z,0.3275498968210031,2.340177214321946,2.6677271111429492,1
2023-03-24T17:58:55Z,2023-03-24T17:59:00Z,0.3224539871242813,2.2927423235041573,2.6151963106284386,1
2023-03-24T17:58:55Z,2023-03-24T17:59:00Z,0.3042462523470637,2.259970217063364,2.564216469410428,1
2023-03-24T17:58:55Z,2023-03-24T17:59:00Z,0.2990713544966841,2.2137178021936377,2.5127891566903218,1
2023-03-24T17:58:55Z,2023-03-24T17:59:00Z,0.28504510127160465,2.176464553481808,2.4615096547534128,1
2023-03-24T17:58:55Z,2023-03-24T17:59:00Z,0.2799263923596156,2.1331513151519066,2.413077707511522,1
2023-03-24T17:58:55Z,2023-03-24T17:59:00Z,0.2723824825555785,2.0951453130087057,2.367527795564284,1
2023-03-24T17:58:55Z,2023-03-24T17:59:00Z,0.25961582952790563,2.0633427017361554,2.322958531264061,1
2023-03-24T17:58:55Z,2023-03-24T17:59:00Z,0.24773041996644363,2.032039731666112,2.2797701516325555,1
2023-03-24T17:58:55Z,2023-03-24T17:59:00Z,0.2414466064160865,1.9970947313184713,2.2385413377345578,1
2023-03-24T17:58:55Z,2023-03-24T17:59:00Z,0.23348528944752944,1.9657290126714795,2.199214302119009,1
2023-03-24T17:58:55Z,2023-03-24T17:59:00Z,0.21810980376870126,1.942274786575925,2.160384590344626,1
2023-03-24T17:58:55Z,2023-03-24T17:59:00Z,0.20497440237571163,1.9179653678038682,2.12293977017958,1
2023-03-24T17:58:55Z,2023-03-24T17:59:00Z,0.19159467745810588,1.8962983390286507,2.0878930164867566,1
2023-03-24T17:58:55Z,2023-03-24T17:59:00Z,0.16165165089375177,1.8920408806670554,2.053692531560807,1
2023-03-24T17:58:55Z,2023-03-24T17:59:00Z,0.14142095529335386,1.8805296299509546,2.0219505852443085,1
2023-03-24T17:58:55Z,2023-03-24T17:59:00Z,0.11837117418805221,1.875137043774781,1.9935082179628332,1
2023-03-24T17:58:55Z,2023-03-24T17:59:00Z,0.10085615239859513,1.867389897044143,1.968246049442738,1
2023-03-24T17:58:55Z,2023-03-24T17:59:00Z,0.08963996272618169,1.856605259793164,1.9462452225193456,1
2023-03-24T17:58:55Z,2023-03-24T17:59:00Z,0.07708294409870464,1.8495669979514393,1.926649942050144,1
2023-03-24T17:58:55Z,2023-03-24T17:59:00Z,0.0711312438821452,1.8379752509807041,1.9091064948628493,1
2023-03-24T17:58:55Z,2023-03-24T17:59:00Z,0.0651258913679107,1.829227830158235,1.8943537215261457,1
2023-03-24T17:58:55Z,2023-03-24T17:59:00Z,0.062453076885254255,1.8191252684718142,1.8815783453570685,1
2023-03-24T17:58:55Z,2023-03-24T17:59:00Z,0.057242969024708046,1.8130306806905914,1.8702736497152994,1
2023-03-24T17:58:55Z,2023-03-24T17:59:00Z,0.09845078350182557,1.7619388562802687,1.8603896397820943,1
2023-03-24T17:58:55Z,2023-03-24T17:59:00Z,0.11523752283890465,1.7368253511093834,1.852062873948288,1
2023-03-24T17:58:55Z,2023-03-24T17:59:00Z,0.08766975170273872,1.7513829198068707,1.8390526715096094,1
2023-03-24T17:58:55Z,2023-03-24T17:59:00Z,0.05670430358088607,1.767977940044566,1.8246822436254522,1
2023-03-24T17:58:55Z,2023-03-24T17:59:00Z,0.030956649985412366,1.7813501812432493,1.8123068312286617,1
2023-03-24T17:58:55Z,2023-03-24T17:59:00Z,0.011622346485949064,1.813987982014653,1.8023656355287039,1
2023-03-24T17:58:55Z,2023-03-24T17:59:00Z,0.038115266491237865,1.8329553941649501,1.7948401276737123,1
2023-03-24T17:58:55Z,2023-03-24T17:59:00Z,0.06279920469149824,1.8540814307715314,1.7912822260800332,1
2023-03-24T17:58:55Z,2023-03-24T17:59:00Z,0.08720723861709434,1.8779874790155526,1.7907802403984583,1
2023-03-24T17:58:55Z,2023-03-24T17:59:00Z,0.10130320903916834,1.8945688094989563,1.793265600459788,1
2023-03-24T17:58:55Z,2023-03-24T17:59:00Z,0.10001641810025896,1.8991682396144207,1.7991518215141618,1
2023-03-24T17:58:55Z,2023-03-24T17:59:00Z,0.10692378301698158,1.9142294174119798,1.8073056343949983,0
2023-03-24T17:58:55Z,2023-03-24T17:59:00Z,0.1185173981979728,1.9395459709263863,1.8210285727284135,0
2023-03-24T17:58:55Z,2023-03-24T17:59:00Z,0.13478143871351134,1.9735504180721848,1.8387689793586734,0
2023-03-24T17:58:55Z,2023-03-24T17:59:00Z,0.14084243819061393,1.9984277226612386,1.8575852844706247,0
2023-03-24T17:58:55Z,2023-03-24T17:59:00Z,0.1570200973436,2.0351626296169867,1.8781425322733867,0
2023-03-24T17:58:55Z,2023-03-24T17:59:00Z,0.17304004275764395,2.072890329172829,1.8998502864151852,0
2023-03-24T17:58:55Z,2023-03-24T17:59:00Z,0.19156520010616163,2.1135329512815804,1.9219677511754187,0
2023-03-24T17:58:55Z,2023-03-24T17:59:00Z,0.20788019867583118,2.1538414433520376,1.9459612446762065,0
2023-03-24T17:58:55Z,2023-03-24T17:59:00Z,0.22446964902208055,2.1963760457492922,1.9719063967272117,0
2023-03-24T17:58:55Z,2023-03-24T17:59:00Z,0.24917850344145331,2.248670296602313,1.9994917931608598,0
2023-03-24T17:58:55Z,2023-03-24T17:59:00Z,0.2724609932037354,2.3021335099896287,2.0296725167858933,0
2023-03-24T17:58:55Z,2023-03-24T17:59:00Z,0.2845173983155327,2.3491401208002154,2.0646227224846827,0
2023-03-24T17:58:55Z,2023-03-24T17:59:00Z,0.29342350520875593,2.3968366369512033,2.1034131317424474,0
2023-03-24T17:58:55Z,2023-03-24T17:59:00Z,0.30922635173453017,2.453598898464361,2.144372546729831,0
2023-03-24T17:58:55Z,2023-03-24T17:59:00Z,0.32132405671393105,2.5080252253316635,2.1867011686177324,0
2023-03-24T17:58:55Z,2023-03-24T17:59:00Z,0.3299270280980888,2.5621453142961337,2.232218286198045,0
2023-03-24T17:58:55Z,2023-03-24T17:59:00Z,0.34243386650365526,2.6219384122731677,2.2795045457695124,0
2023-03-24T17:58:55Z,2023-03-24T17:59:00Z,0.3559854454430069,2.68441548972485,2.328430044281843,0
2023-03-24T17:58:55Z,2023-03-24T17:59:00Z,0.3609465722475731,2.740217162628575,2.379270590381002,0
2023-03-24T17:58:55Z,2023-03-24T17:59:00Z,0.3619903113354992,2.794318306353782,2.432327995018283,0
2023-03-24T17:58:55Z,2023-03-24T17:59:00Z,0.3590849526632809,2.845797059369492,2.4867121067062112,0
2023-03-24T17:58:55Z,2023-03-24T17:59:00Z,0.34044369317177825,2.8817206008531366,2.5412769076813584,0
2023-03-24T17:58:55Z,2023-03-24T17:59:00Z,0.301777310795714,2.8974205734150584,2.5956432626193444,0
2023-03-24T17:58:55Z,2023-03-24T17:59:00Z,0.26335278531425654,2.912254095938893,2.6489013106246366,0
2023-03-24T17:58:55Z,2023-03-24T17:59:00Z,0.21601631341170835,2.91497601768273,2.698959704271022,0
2023-03-24T17:58:55Z,2023-03-24T17:59:00Z,0.12877461458833173,2.8735998386068067,2.744825224018475,0
2023-03-24T17:58:55Z,2023-03-24T17:59:00Z,0.04231836447801118,2.8278386677315925,2.7855203032535814,0
2023-03-24T17:58:55Z,2023-03-24T17:59:00Z,0.0148416758434049,2.831507431528054,2.816665755684649,0
2023-03-24T17:58:55Z,2023-03-24T17:59:00Z,0.00704390714348424,2.8302118740870075,2.8372557812304917,0
2023-03-24T17:58:55Z,2023-03-24T17:59:00Z,0.021128604196734457,2.830836371214077,2.8519649754108114,0
2023-03-24T17:58:55Z,2023-03-24T17:59:00Z,0.04613897049251037,2.814825476064145,2.8609644465566553,0
2023-03-24T17:58:55Z,2023-03-24T17:59:00Z,0.049303583384030514,2.8153126696586543,2.864616253042685,0
2023-03-24T17:58:55Z,2023-03-24T17:59:00Z,0.0490988478768819,2.8124202468352677,2.8615190947121496,0
2023-03-24T17:58:55Z,2023-03-24T17:59:00Z,0.024159633910666223,2.830718667682035,2.8548783015927013,0
2023-03-24T17:58:55Z,2023-03-24T17:59:00Z,0.02275697065848492,2.8236212982762376,2.8463782689347226,0
2023-03-24T17:58:55Z,2023-03-24T17:59:00Z,0.0037670319008147324,2.841991758009852,2.838224726109037,0
2023-03-24T17:58:55Z,2023-03-24T17:59:00Z,0.028926131969682967,2.8580153861380704,2.8290892541683874,0
2023-03-24T17:58:55Z,2023-03-24T17:59:00Z,0.02209588957693187,2.8480243356856243,2.8259284461086924,0
2023-03-24T17:58:55Z,2023-03-24T17:59:00Z,0.02714829580745093,2.8560944137567907,2.82894611794934,0
2023-03-24T17:58:55Z,2023-03-24T17:59:00Z,0.022326652668238633,2.852924461033336,2.8305978083650976,0
2023-03-24T17:58:55Z,2023-03-24T17:59:00Z,0.019078768814996927,2.8522648311470724,2.8331860623320755,0
2023-03-24T17:58:55Z,2023-03-24T17:59:00Z,0.017416245235997163,2.8528111165499985,2.8353948713140014,0
2023-03-24T17:58:55Z,2023-03-24T17:59:00Z,0.012766271219903924,2.8519050780421975,2.8391388068222936,0
2023-03-24T17:58:55Z,2023-03-24T17:59:00Z,0.02492286707584679,2.867811518587275,2.842888651511428,0
2023-03-24T17:58:55Z,2023-03-24T17:59:00Z,0.020493285733851785,2.867330420365973,2.8468371346321213,0
2023-03-24T17:58:55Z,2023-03-24T17:59:00Z,0.006437392114875262,2.8569838118375204,2.850546419722645,0
2023-03-24T17:58:55Z,2023-03-24T17:59:00Z,0.016417114873323868,2.871334446804943,2.854917331931619,0
2023-03-24T17:58:55Z,2023-03-24T17:59:00Z,0.027602846073693232,2.884019383388079,2.8564165373143857,0
2023-03-24T17:58:55Z,2023-03-24T17:59:00Z,0.035011528700270134,2.8927599720813433,2.857748443381073,0
2023-03-24T17:58:55Z,2023-03-24T17:59:00Z,0.023852962837640046,2.8852009109889587,2.8613479481513187,0
2023-03-24T17:58:55Z,2023-03-24T17:59:00Z,0.018380930669384732,2.8833954346531585,2.8650145039837738,0
2023-03-24T17:58:55Z,2023-03-24T17:59:00Z,0.042056528918689384,2.9102986778980253,2.868242148979336,0
2023-03-24T17:58:55Z,2023-03-24T17:59:00Z,0.06516342020260835,2.9365186295325536,2.8713552093299453,0
2023-03-24T17:58:55Z,2023-03-24T17:59:00Z,0.053653434518426746,2.930757399983174,2.8771039654647472,0
2023-03-24T17:58:55Z,2023-03-24T17:59:00Z,0.057808203246041856,2.943373523859825,2.8855653206137832,0
2023-03-24T17:58:55Z,2023-03-24T17:59:00Z,0.06719790971012252,2.9590578184634952,2.8918599087533727,0
2023-03-24T17:58:55Z,2023-03-24T17:59:00Z,0.07998281356355097,2.979447032666309,2.899464219102758,0
2023-03-24T17:58:55Z,2023-03-24T17:59:00Z,0.09253496435350028,3.002206584118856,2.909671619765356,0
2023-03-24T17:58:55Z,2023-03-24T17:59:00Z,0.084962707268188,3.00544558561968,2.920482878351492,0
2023-03-24T17:58:55Z,2023-03-24T17:59:00Z,0.08449896023302994,3.0168005586575997,2.9323015984245697,0
2023-03-24T17:58:55Z,2023-03-24T17:59:00Z,0.0795286396962096,3.0230987994746132,2.9435701597784036,0
2023-03-24T17:58:55Z,2023-03-24T17:59:00Z,0.06896000512751099,3.0256901296727787,2.9567301245452677,0
2023-03-24T17:58:55Z,2023-03-24T17:59:00Z,0.06386397508488129,3.0345644361122948,2.9707004610274135,0
2023-03-24T17:58:55Z,2023-03-24T17:59:00Z,0.04937978520216424,3.031619391407052,2.982239606204888,0
2023-03-24T17:58:55Z,2023-03-24T17:59:00Z,0.04079650130336576,3.032840688166228,2.9920441868628624,0
2023-03-24T17:58:55Z,2023-03-24T17:59:00Z,0.01501245622494185,3.017142842230192,3.00213038600525,0
2023-03-24T17:58:55Z,2023-03-24T17:59:00Z,0.03310425380499327,3.044181356240884,3.0110771024358907,0
2023-03-24T17:58:55Z,2023-03-24T17:59:00Z,0.0548856321147948,3.071771236927355,3.0168856048125603,0
2023-03-24T17:58:55Z,2023-03-24T17:59:00Z,0.06689005775052337,3.0902490949205412,3.023359037170018,0
2023-03-24T17:58:55Z,2023-03-24T17:59:00Z,0.055573638451634544,3.085889140902502,3.0303155024508674,0
2023-03-24T17:58:55Z,2023-03-24T17:59:00Z,0.06399095028128876,3.1027868036622426,3.038795853380954,0
2023-03-24T17:58:55Z,2023-03-24T17:59:00Z,0.05427086605918996,3.099975577664634,3.045704711605444,0
2023-03-24T17:58:55Z,2023-03-24T17:59:00Z,0.06556684421881664,3.1192403562430235,3.053673512024207,0
2023-03-24T17:58:55Z,2023-03-24T17:59:00Z,0.059320018929176044,3.1204220757525682,3.061102056823392,0
2023-03-24T17:58:55Z,2023-03-24T17:59:00Z,0.05702880345729877,3.126598452293764,3.0695696488364654,0
2023-03-24T17:58:55Z,2023-03-24T17:59:00Z,0.049642891010174495,3.1280928082811914,3.078449917271017,0
2023-03-24T17:58:55Z,2023-03-24T17:59:00Z,0.035537908676200214,3.1233636023599707,3.0878256936837705,0
2023-03-24T17:58:55Z,2023-03-24T17:59:00Z,0.014428000322916468,3.1133486906117867,3.09892069028887,0
2023-03-24T17:58:55Z,2023-03-24T17:59:00Z,0.04922929565498668,3.156068210555766,3.1068389149007793,0
2023-03-24T17:58:55Z,2023-03-24T17:59:00Z,0.06346733258024528,3.174463992849468,3.1109966602692225,0
2023-03-24T17:58:55Z,2023-03-24T17:59:00Z,0.059247651419755964,3.176826223252501,3.117578571832745,0
2023-03-24T17:58:55Z,2023-03-24T17:59:00Z,0.04672741543192949,3.173163472459371,3.1264360570274414,0
2023-03-24T17:58:55Z,2023-03-24T17:59:00Z,0.021780204802936076,3.1556202037894034,3.1338399989864674,0
2023-03-24T17:58:55Z,2023-03-24T17:59:00Z,0.013753404699763383,3.1549121931657047,3.1411587884659413,0
2023-03-24T17:58:55Z,2023-03-24T17:59:00Z,0.0011308202934676714,3.143665952927112,3.1447967732205795,0
2023-03-24T17:58:55Z,2023-03-24T17:59:00Z,0.013110308456869113,3.135135476505024,3.148245784961893,0
2023-03-24T17:58:55Z,2023-03-24T17:59:00Z,0.00040623346724100173,3.150358768492468,3.149952535025227,0
2023-03-24T17:58:55Z,2023-03-24T17:59:00Z,0.022752203209702948,3.127904598637908,3.150656801847611,0
2023-03-24T17:58:55Z,2023-03-24T17:59:00Z,0.02166478705357955,3.131691531407281,3.1533563184608604,0
2023-03-24T17:58:55Z,2023-03-24T17:59:00Z,0.01971470869454306,3.1350972005689295,3.1548119092634725,0
2023-03-24T17:58:55Z,2023-03-24T17:59:00Z,0.021588536767977118,3.1307857045806466,3.1523742413486238,0
2023-03-24T17:58:55Z,2023-03-24T17:59:00Z,0.019244258003630055,3.1291933041169404,3.1484375621205705,0
2023-03-24T17:58:55Z,2023-03-24T17:59:00Z,0.028702891208868486,3.1151306190445163,3.1438335102533848,0
2023-03-24T17:58:55Z,2023-03-24T17:59:00Z,0.034806936952553436,3.104629556466588,3.1394364934191414,0
2023-03-24T17:58:55Z,2023-03-24T17:59:00Z,0.030316690402161672,3.105070844542491,3.1353875349446527,0
2023-03-24T17:58:55Z,2023-03-24T17:59:00Z,0.007383133670511466,3.12297613760423,3.1303592712747417,0
2023-03-24T17:58:55Z,2023-03-24T17:59:00Z,0.003118900698803273,3.1296186611350825,3.126499760436279,0
2023-03-24T17:58:55Z,2023-03-24T17:59:00Z,0.0028877552693065134,3.128171581815507,3.1252838265462004,0
2023-03-24T17:58:55Z,2023-03-24T17:59:00Z,0.0027397155485804348,3.120470100261881,3.1232098158104615,0
2023-03-24T17:58:55Z,2023-03-24T17:59:00Z,0.007495637838121905,3.1307321519663436,3.1232365141282217,0
2023-03-24T17:58:55Z,2023-03-24T17:59:00Z,0.006769144258320203,3.128883515272001,3.122114371013681,0
2023-03-24T17:58:55Z,2023-03-24T17:59:00Z,0.020543185730738323,3.142221051884161,3.121677866153423,0
2023-03-24T17:58:55Z,2023-03-24T17:59:00Z,0.036547085326477546,3.158034732549036,3.1214876472225583,0
2023-03-24T17:58:55Z,2023-03-24T17:59:00Z,0.0354683771313411,3.1582587991306212,3.12279042199928,0
2023-03-24T17:58:55Z,2023-03-24T17:59:00Z,0.036154444255618756,3.163235277605351,3.127080833349732,0
2023-03-24T17:58:55Z,2023-03-24T17:59:00Z,0.041420816569005314,3.173864574185141,3.1324437576161355,0
2023-03-24T17:58:55Z,2023-03-24T17:59:00Z,0.0400965780503566,3.1783567789727782,3.1382602009224216,0
2023-03-24T17:58:55Z,2023-03-24T17:59:00Z,0.048597346548081344,3.1919463911285946,3.1433490445805132,0
2023-03-24T17:58:55Z,2023-03-24T17:59:00Z,0.05567365457947382,3.203896510943756,3.1482228563642822,0
2023-03-24T17:58:55Z,2023-03-24T17:59:00Z,0.06458383214384389,3.2191841694394348,3.154600337295591,0
2023-03-24T17:58:55Z,2023-03-24T17:59:00Z,0.061933342201538455,3.224876320565317,3.1629429783637786,0
2023-03-24T17:58:55Z,2023-03-24T17:59:00Z,0.06782424270999377,3.239612422821081,3.171788180111087,0
2023-03-24T17:58:55Z,2023-03-24T17:59:00Z,0.06788384198027142,3.2492713026206905,3.181387460640419,0
2023-03-24T17:58:55Z,2023-03-24T17:59:00Z,0.08682449286509986,3.277951090599211,3.1911265977341112,0
2023-03-24T17:58:55Z,2023-03-24T17:59:00Z,0.05923397879482506,3.2594842335361016,3.2002502547412766,0
2023-03-24T17:58:55Z,2023-03-24T17:59:00Z,0.04821789086590522,3.2604373747540407,3.2122194838881355,0
2023-03-24T17:58:55Z,2023-03-24T17:59:00Z,0.05304390151444549,3.274888280995656,3.2218443794812104,0
2023-03-24T17:58:55Z,2023-03-24T17:59:00Z,0.04631402002623597,3.2768156795643364,3.2305016595381004,0
2023-03-24T17:58:55Z,2023-03-24T17:59:00Z,0.05027861889284857,3.2904334286332366,3.240154809740388,0
2023-03-24T17:58:55Z,2023-03-24T17:59:00Z,0.04974215123533421,3.2983838898192963,3.248641738583962,0
2023-03-24T17:58:55Z,2023-03-24T17:59:00Z,0.07292361858070473,3.3302190489336154,3.2572954303529107,0
2023-03-24T17:58:55Z,2023-03-24T17:59:00Z,0.10837325576602908,3.373588658156925,3.265215402390896,0
2023-03-24T17:58:55Z,2023-03-24T17:59:00Z,0.10893731732071998,3.384686992548447,3.275749675227727,0
2023-03-24T17:58:55Z,2023-03-24T17:59:00Z,0.08546504179499559,3.374612340556306,3.2891472987613106,0
2023-03-24T17:58:55Z,2023-03-24T17:59:00Z,0.07708201000773851,3.379770877761825,3.3026888677540867,0
2023-03-24T17:58:55Z,2023-03-24T17:59:00Z,0.08021176539447294,3.3925667581442682,3.3123549927497953,0
2023-03-24T17:58:55Z,2023-03-24T17:59:00Z,0.07681280184656814,3.401196459018937,3.324383657172369,0
2023-03-24T17:58:55Z,2023-03-24T17:59:00Z,0.07209978123783012,3.4096963767492214,3.3375965955113913,0
2023-03-24T17:58:55Z,2023-03-24T17:59:00Z,0.073520028001691,3.42374744131541,3.350227413313719,0
2023-03-24T17:58:55Z,2023-03-24T17:59:00Z,0.07820619608379298,3.441721679116001,3.363515483032208,0
2023-03-24T17:58:55Z,2023-03-24T17:59:00Z,0.06796412465524204,3.444811008955667,3.376846884300425,0
2023-03-24T17:58:55Z,2023-03-24T17:59:00Z,0.04253698958252272,3.4337176528126188,3.391180663230096,0
2023-03-24T17:58:55Z,2023-03-24T17:59:00Z,0.04213297357145063,3.4447728328037512,3.4026398592323006,0
2023-03-24T17:58:55Z,2023-03-24T17:59:00Z,0.04008822583442839,3.4487409845322987,3.4086527586978703,0
2023-03-24T17:58:55Z,2023-03-24T17:59:00Z,0.0729827887387744,3.4876441314621744,3.4146613427234,0
2023-03-24T17:58:55Z,2023-03-24T17:59:00Z,0.07272776969569561,3.4948019768166954,3.4220742071209997,0
2023-03-24T17:58:55Z,2023-03-24T17:59:00Z,0.06239417599402053,3.4952557084850557,3.432861532491035,0
2023-03-24T17:58:55Z,2023-03-24T17:59:00Z,0.06400403807953214,3.50708909243781,3.443085054358278,0
2023-03-24T17:58:55Z,2023-03-24T17:59:00Z,0.03560687281073127,3.4880978521156205,3.4524909793048892,0
2023-03-24T17:58:55Z,2023-03-24T17:59:00Z,0.034471409089642524,3.496701659963391,3.4622302508737484,0
2023-03-24T17:58:55Z,2023-03-24T17:59:00Z,0.03272873307274038,3.5013940250265096,3.4686652919537693,0
2023-03-24T17:58:55Z,2023-03-24T17:59:00Z,0.02091050025868091,3.4950737902971896,3.4741632900385087,0
2023-03-24T17:58:55Z,2023-03-24T17:59:00Z,0.02913193574757189,3.5089535273931642,3.4798215916455923,0
2023-03-24T17:58:55Z,2023-03-24T17:59:00Z,0.031224160206739793,3.5171813656007895,3.4859572053940497,0
2023-03-24T17:58:55Z,2023-03-24T17:59:00Z,0.01673194706237613,3.5091072219153676,3.4923752748529915,0
2023-03-24T17:58:55Z,2023-03-24T17:59:00Z,0.006533260878596625,3.5057525738384365,3.49921931295984,0
2023-03-24T17:58:55Z,2023-03-24T17:59:00Z,0.006323144818298321,3.507688766823457,3.5013656220051588,0
2023-03-24T17:58:55Z,2023-03-24T17:59:00Z,0.004613322280819787,3.507074003988153,3.5024606817073334,0
2023-03-24T17:58:55Z,2023-03-24T17:59:00Z,0.007280051752131644,3.510984039293305,3.5037039875411735,0
2023-03-24T17:58:55Z,2023-03-24T17:59:00Z,0.006934306336311202,3.4967681723598965,3.5037024786962077,0
2023-03-24T17:58:55Z,2023-03-24T17:59:00Z,0.01698589834963249,3.489005199064344,3.5059910974139763,0
2023-03-24T17:58:55Z,2023-03-24T17:59:00Z,0.015896854189922482,3.4901008944637044,3.505997748653627,0
2023-03-24T17:58:55Z,2023-03-24T17:59:00Z,0.016920640366179462,3.4878382256912306,3.50475886605741,0
2023-03-24T17:58:55Z,2023-03-24T17:59:00Z,0.0006134745976922318,3.5036481018763697,3.504261576474062,0
2023-03-24T17:58:55Z,2023-03-24T17:59:00Z,0.00025207698641871445,3.5024021232902873,3.5021500463038686,0
2023-03-24T17:58:55Z,2023-03-24T17:59:00Z,0.0014114302059864414,3.502208150137413,3.5007967199314267,0
2023-03-24T17:58:55Z,2023-03-24T17:59:00Z,0.008064106655023995,3.508190316723942,3.500126210068918,0
2023-03-24T17:58:55Z,2023-03-24T17:59:00Z,0.01859731484966609,3.48117445284915,3.499771767698816,0
2023-03-24T17:58:55Z,2023-03-24T17:59:00Z,0.033352928037634566,3.4664689946512297,3.4998219226888643,0
2023-03-24T17:58:55Z,2023-03-24T17:59:00Z,0.012616555261391937,3.4846154123135724,3.4972319675749644,0
2023-03-24T17:58:55Z,2023-03-24T17:59:00Z,0.0034623175331720546,3.489318145577584,3.492780463110756,0
2023-03-24T17:58:55Z,2023-03-24T17:59:00Z,0.011799087597951896,3.4797660995081725,3.4915651871061244,0
2023-03-24T17:58:55Z,2023-03-24T17:59:00Z,0.023406696844498143,3.4681897849129504,3.4915964817574485,0
2023-03-24T17:58:55Z,2023-03-24T17:59:00Z,0.022127839443143227,3.4684351628187517,3.490563002261895,0
2023-03-24T17:58:55Z,2023-03-24T17:59:00Z,0.01943782287619955,3.4691603353078673,3.488598158184067,0
2023-03-24T17:58:55Z,2023-03-24T17:59:00Z,0.021288779340730368,3.463788084937575,3.485076864278305,0
2023-03-24T17:58:55Z,2023-03-24T17:59:00Z,0.0027064745235692023,3.4844591600036323,3.481752685480063,0
2023-03-24T17:58:55Z,2023-03-24T17:59:00Z,0.04545397991693356,3.5233646588770133,3.4779106789600798,0
2023-03-24T17:58:55Z,2023-03-24T17:59:00Z,0.04729866729928567,3.5228362305873344,3.4755375632880487,0
2023-03-24T17:58:55Z,2023-03-24T17:59:00Z,0.05681133445202491,3.5365679183428598,3.479756583890835,0
2023-03-24T17:58:55Z,2023-03-24T17:59:00Z,0.03284126359036632,3.518234571074812,3.4853933074844456,0
2023-03-24T17:58:55Z,2023-03-24T17:59:00Z,0.04600447474841385,3.5365930328357873,3.4905885580873734,0
2023-03-24T17:58:55Z,2023-03-24T17:59:00Z,0.048911509331424075,3.542391709968521,3.493480200637097,0
2023-03-24T17:58:55Z,2023-03-24T17:59:00Z,0.030221256795139873,3.5293841507649986,3.4991628939698587,0
2023-03-24T17:58:55Z,2023-03-24T17:59:00Z,0.03396227415303432,3.5405453606284496,3.5065830864754153,0
2023-03-24T17:58:55Z,2023-03-24T17:59:00Z,0.005978474051852256,3.5186564593218925,3.5126779852700403,0
2023-03-24T17:58:55Z,2023-03-24T17:59:00Z,0.009618000352508815,3.5101984874495895,3.5198164878020983,0
2023-03-24T17:58:55Z,2023-03-24T17:59:00Z,0.008719217440664284,3.516584107799866,3.52530332524053,0
2023-03-24T17:58:55Z,2023-03-24T17:59:00Z,0.026601796485401064,3.501275461499725,3.527877257985126,0
2023-03-24T17:58:55Z,2023-03-24T17:59:00Z,0.0386369385116585,3.488562264365753,3.5271992028774113,0
2023-03-24T17:58:55Z,2023-03-24T17:59:00Z,0.032189612855640704,3.492853513113009,3.52504312596865,0
2023-03-24T17:58:55Z,2023-03-24T17:59:00Z,0.022813129541203292,3.4974294310297362,3.5202425605709395,0
2023-03-24T17:58:55Z,2023-03-24T17:59:00Z,0.022445550502367073,3.4952589042723923,3.5177044547747593,0
2023-03-24T17:58:55Z,2023-03-24T17:59:00Z,0.028063529211572735,3.485724565382581,3.5137880945941538,0
2023-03-24T17:58:55Z,2023-03-24T17:59:00Z,0.003552752914409929,3.512627566938951,3.509074814024541,0
2023-03-24T17:58:55Z,2023-03-24T17:59:00Z,0.001704455164976082,3.5064133106512756,3.5047088554862995,0
2023-03-24T17:58:55Z,2023-03-24T17:59:00Z,0.018471946812472773,3.5203890229298227,3.50191707611735,0
2023-03-24T17:58:55Z,2023-03-24T17:59:00Z,0.018470770737105013,3.5191635319873926,3.5006927612502876,0
2023-03-24T17:58:55Z,2023-03-24T17:59:00Z,0.007815366841264382,3.5095271816395757,3.5017118147983113,0
2023-03-24T17:58:55Z,2023-03-24T17:59:00Z,0.022025188861789502,3.523994946078853,3.5019697572170636,0
2023-03-24T17:58:55Z,2023-03-24T17:59:00Z,0.029918599931324508,3.5327135291623732,3.5027949292310487,0
2023-03-24T17:58:55Z,2023-03-24T17:59:00Z,0.04062028541654383,3.5469584828189022,3.5063381974023584,0
2023-03-24T17:58:55Z,2023-03-24T17:59:00Z,0.045550297965466946,3.5558744969727627,3.5103241990072958,0
2023-03-24T17:58:55Z,2023-03-24T17:59:00Z,0.03428603707253641,3.5495631412587483,3.515277104186212,0
2023-03-24T17:58:55Z,2023-03-24T17:59:00Z,0.040434516540221566,3.5617731799964707,3.521338663456249,0
2023-03-24T17:58:55Z,2023-03-24T17:59:00Z,0.029656926673818695,3.5573794477176843,3.5277225210438656,0
2023-03-24T17:58:55Z,2023-03-24T17:59:00Z,0.03181430502593274,3.5644513873755503,3.5326370823496176,0
2023-03-24T17:58:55Z,2023-03-24T17:59:00Z,0.038241032703897115,3.5759747287601558,3.5377336960562586,0
2023-03-24T17:58:55Z,2023-03-24T17:59:00Z,0.05083289344367303,3.592972825944504,3.542139932500831,0
2023-03-24T17:58:55Z,2023-03-24T17:59:00Z,0.049170129467265955,3.596991181645374,3.547821052178108,0
2023-03-24T17:58:55Z,2023-03-24T17:59:00Z,0.044651168896155724,3.600816785504756,3.5561656166086,0
2023-03-24T17:58:55Z,2023-03-24T17:59:00Z,0.04702508084514001,3.6104903210103925,3.5634652401652525,0
2023-03-24T17:58:55Z,2023-03-24T17:59:00Z,0.03613224612077914,3.6064078119202696,3.5702755657994905,0
2023-03-24T17:58:55Z,2023-03-24T17:59:00Z,0.006833533243620238,3.5697952163750197,3.57662874961864,0
2023-03-24T17:58:55Z,2023-03-24T17:59:00Z,0.0010956280979850241,3.580586453015406,3.581682081113391,0
2023-03-24T17:58:55Z,2023-03-24T17:59:00Z,0.0028875784848252373,3.586592867109843,3.583705288625018,0
2023-03-24T17:58:55Z,2023-03-24T17:59:00Z,0.015583605378070242,3.6011702213049817,3.5855866159269114,0
2023-03-24T17:58:55Z,2023-03-24T17:59:00Z,0.009861299775423493,3.5983692576415502,3.5885079578661268,0
2023-03-24T17:58:55Z,2023-03-24T17:59:00Z,0.01946605009483804,3.6116458913539082,3.59217984125907,0
2023-03-24T17:58:55Z,2023-03-24T17:59:00Z,0.027320750821776763,3.6217400449689863,3.5944192941472095,0
2023-03-24T17:58:55Z,2023-03-24T17:59:00Z,0.028486507952437456,3.6247731086405874,3.59628660068815,0
2023-03-24T17:58:55Z,2023-03-24T17:59:00Z,0.01416170716556353,3.612923194186075,3.5987614870205116,0
2023-03-24T17:58:55Z,2023-03-24T17:59:00Z,0.02131180732472382,3.6224689266588186,3.6011571193340948,0
2023-03-24T17:58:55Z,2023-03-24T17:59:00Z,0.02217022956391368,3.623570636215576,3.6014004066516625,0
2023-03-24T17:58:55Z,2023-03-24T17:59:00Z,0.020740970302294492,3.623747488427812,3.6030065181255173,0
2023-03-24T17:58:55Z,2023-03-24T17:59:00Z,0.0275284555340658,3.6359125156436387,3.608384060109573,0
2023-03-24T17:58:55Z,2023-03-24T17:59:00Z,0.025871936500252435,3.6385721001510656,3.612700163650813,0
2023-03-24T17:58:55Z,2023-03-24T17:59:00Z,0.0314689722411261,3.6491011007453196,3.6176321285041935,0
2023-03-24T17:58:55Z,2023-03-24T17:59:00Z,0.04298375819916789,3.6643560745879697,3.621372316388802,0
2023-03-24T17:58:55Z,2023-03-24T17:59:00Z,0.053167229215614675,3.6796127299147936,3.626445500699179,0
2023-03-24T17:58:55Z,2023-03-24T17:59:00Z,0.05013612460428796,3.681852643626873,3.631716519022585,0
2023-03-24T17:58:55Z,2023-03-24T17:59:00Z,0.07592080914204713,3.713424596659213,3.637503787517166,0
2023-03-24T17:58:55Z,2023-03-24T17:59:00Z,0.08201952782288036,3.725231268838675,3.6432117410157945,0
2023-03-24T17:58:55Z,2023-03-24T17:59:00Z,0.07980806248594075,3.733069943749049,3.6532618812631084,0
2023-03-24T17:58:55Z,2023-03-24T17:59:00Z,0.08594592444939098,3.7494840399304845,3.6635381154810935,0
2023-03-24T17:58:55Z,2023-03-24T17:59:00Z,0.06060894532734329,3.7350969915617847,3.6744880462344414,0
2023-03-24T17:58:55Z,2023-03-24T17:59:00Z,0.03807878002066767,3.7251404814053757,3.687061701384708,0
2023-03-24T17:58:55Z,2023-03-24T17:59:00Z,0.014163443273369491,3.711143592249892,3.6969801489765226,0
2023-03-24T17:58:55Z,2023-03-24T17:59:00Z,0.0022913870971379424,3.7033456000048153,3.705636987101953,0
2023-03-24T17:58:55Z,2023-03-24T17:59:00Z,0.004625256136691291,3.7164664923891015,3.7118412362524102,0
2023-03-24T17:58:55Z,2023-03-24T17:59:00Z,0.001421241349068847,3.7171614301431646,3.7157401887940957,0
2023-03-24T17:58:55Z,2023-03-24T17:59:00Z,0.0011341323638669465,3.7205596974053936,3.7194255650415267,0
2023-03-24T17:58:55Z,2023-03-24T17:59:00Z,0.03245921866391521,3.6904972250292403,3.7229564436931555,0
2023-03-24T17:58:55Z,2023-03-24T17:59:00Z,0.05651609057601448,3.6671538631917593,3.7236699537677738,0
2023-03-24T17:58:55Z,2023-03-24T17:59:00Z,0.039843375204819065,3.680353174182011,3.72019654938683,0
2023-03-24T17:58:55Z,2023-03-24T17:59:00Z,0.0170846276808434,3.6965203136502573,3.7136049413311008,0
2023-03-24T17:58:55Z,2023-03-24T17:59:00Z,0.0199112367496328,3.6867806180066207,3.7066918547562535,0
2023-03-24T17:58:55Z,2023-03-24T17:59:00Z,0.020493847480029803,3.6823403394850716,3.7028341869651014,0
2023-03-24T17:58:55Z,2023-03-24T17:59:00Z,0.014555125613015196,3.684443075012211,3.698998200625226,0
2023-03-24T17:58:55Z,2023-03-24T17:59:00Z,0.0019354941142073478,3.6941823812345365,3.696117875348744,0
2023-03-24T17:58:55Z,2023-03-24T17:59:00Z,0.014413358560145362,3.679814264289338,3.6942276228494833,0
2023-03-24T17:58:55Z,2023-03-24T17:59:00Z,0.017048305277014286,3.674950906457012,3.6919992117340263,0
2023-03-24T17:58:55Z,2023-03-24T17:59:00Z,0.024264118267161017,3.664000376881483,3.688264495148644,0
2023-03-24T17:58:55Z,2023-03-24T17:59:00Z,0.02505600123363161,3.6586476148201745,3.683703616053806,0
2023-03-24T17:58:55Z,2023-03-24T17:59:00Z,0.009098269551624849,3.671955661687405,3.68105393123903,0
2023-03-24T17:58:55Z,2023-03-24T17:59:00Z,0.011128582317622815,3.6690747240842487,3.6802033064018715,0
2023-03-24T17:58:55Z,2023-03-24T17:59:00Z,0.002808687435071011,3.682172242587482,3.679363555152411,0
2023-03-24T17:58:55Z,2023-03-24T17:59:00Z,0.023854792364784938,3.7004737885605947,3.67661899619581,0
2023-03-24T17:58:55Z,2023-03-24T17:59:00Z,0.02514185145301795,3.7013000101069147,3.6761581586538967,0
2023-03-24T17:58:55Z,2023-03-24T17:59:00Z,0.02610086852614657,3.7040723720875954,3.677971503561449,0
2023-03-24T17:58:55Z,2023-03-24T17:59:00Z,0.05197441060647501,3.731631607677394,3.679657197070919,0
2023-03-24T17:58:55Z,2023-03-24T17:59:00Z,0.05165211564400751,3.7322983118002324,3.680646196156225,0
2023-03-24T17:58:55Z,2023-03-24T17:59:00Z,0.04863801613765162,3.7344659466326817,3.68582793049503,0
2023-03-24T17:58:55Z,2023-03-24T17:59:00Z,0.026810013888241002,3.718372684917594,3.691562671029353,0
2023-03-24T17:58:55Z,2023-03-24T17:59:00Z,0.0024306156587035055,3.701039843663176,3.6986092280044724,0
2023-03-24T17:58:55Z,2023-03-24T17:59:00Z,0.008560328948076457,3.696021406066138,3.7045817350142145,0
2023-03-24T17:58:55Z,2023-03-24T17:59:00Z,0.02773975233316195,3.6797504008786293,3.707490153211791,0
2023-03-24T17:58:55Z,2023-03-24T17:59:00Z,0.047576042447362354,3.662608778962618,3.7101848214099804,0
2023-03-24T17:58:55Z,2023-03-24T17:59:00Z,0.050640167099691435,3.6593024701394037,3.709942637239095,0
2023-03-24T17:58:55Z,2023-03-24T17:59:00Z,0.028229812640314655,3.6779263236389834,3.706156136279298,0
2023-03-24T17:58:55Z,2023-03-24T17:59:00Z,0.018428126737679573,3.6835282555448665,3.701956382282546,0
2023-03-24T17:58:55Z,2023-03-24T17:59:00Z,0.0061225100056678805,3.6932192674320174,3.6993417774376853,0
2023-03-24T17:58:55Z,2023-03-24T17:59:00Z,0.0009427425098063047,3.6954741847342385,3.694531442224432,0
2023-03-24T17:58:55Z,2023-03-24T17:59:00Z,0.014797869272728637,3.7054214070603395,3.690623537787611,0
2023-03-24T17:58:55Z,2023-03-24T17:59:00Z,0.0162851636992154,3.7030095252969817,3.6867243615977663,0
2023-03-24T17:58:55Z,2023-03-24T17:59:00Z,0.03641023137950139,3.721839465191543,3.685429233812042,0
2023-03-24T17:58:55Z,2023-03-24T17:59:00Z,0.04446589642929544,3.7300920984047172,3.685626201975422,0
2023-03-24T17:58:55Z,2023-03-24T17:59:00Z,0.04153651810027448,3.729744525988237,3.6882080078879627,0
2023-03-24T17:58:55Z,2023-03-24T17:59:00Z,0.0426282269523619,3.735870404592933,3.6932421776405713,0
2023-03-24T17:58:55Z,2023-03-24T17:59:00Z,0.042603437002998845,3.7425591893461316,3.699955752343133,0
2023-03-24T17:58:55Z,2023-03-24T17:59:00Z,0.03040762243136852,3.738020168219854,3.7076125457884856,0
2023-03-24T17:58:55Z,2023-03-24T17:59:00Z,0.022722440032838076,3.7367982723920385,3.7140758323592005,0
2023-03-24T17:58:55Z,2023-03-24T17:59:00Z,0.04646684817935398,3.765991871806053,3.7195250236266992,0
2023-03-24T17:58:55Z,2023-03-24T17:59:00Z,0.03122111556851337,3.755104039691215,3.7238829241227016,0
2023-03-24T17:58:55Z,2023-03-24T17:59:00Z,0.019572614625529283,3.7505073074554116,3.7309346928298823,0
2023-03-24T17:58:55Z,2023-03-24T17:59:00Z,0.03420966948427484,3.770112625577245,3.73590295609297,0
2023-03-24T17:58:55Z,2023-03-24T17:59:00Z,0.02791685110679154,3.768569585415605,3.7406527343088136,0
2023-03-24T17:58:55Z,2023-03-24T17:59:00Z,0.031857567548885246,3.7773376178962694,3.745480050347384,0
2023-03-24T17:58:55Z,2023-03-24T17:59:00Z,0.032068466485682734,3.7813962655341555,3.749327799048473,0
2023-03-24T17:58:55Z,2023-03-24T17:59:00Z,0.021369039251067257,3.7754561474903436,3.7540871082392764,0
2023-03-24T17:58:55Z,2023-03-24T17:59:00Z,0.01055353864616615,3.769193232979564,3.758639694333398,0
2023-03-24T17:58:55Z,2023-03-24T17:59:00Z,0.001553825066817005,3.7603755650810022,3.7619293901478192,0
2023-03-24T17:58:55Z,2023-03-24T17:59:00Z,0.0075617555618658905,3.757484941061924,3.76504669662379,0
2023-03-24T17:58:55Z,2023-03-24T17:59:00Z,0.012137347225081196,3.7552670786676057,3.767404425892687,0
2023-03-24T17:58:55Z,2023-03-24T17:59:00Z,0.006010198595017613,3.760543534223256,3.7665537328182737,0
2023-03-24T17:58:55Z,2023-03-24T17:59:00Z,0.004633328336306697,3.761936708379606,3.7665700367159127,0
2023-03-24T17:58:55Z,2023-03-24T17:59:00Z,0.026980895517119574,3.7405927638755774,3.767573659392697,0
2023-03-24T17:58:55Z,2023-03-24T17:59:00Z,0.039751728571623346,3.7270043391013106,3.766756067672934,0
2023-03-24T17:58:55Z,2023-03-24T17:59:00Z,0.04207806679783532,3.721880318721095,3.7639583855189302,0
2023-03-24T17:58:55Z,2023-03-24T17:59:00Z,0.03494062714337298,3.723984430496062,3.758925057639435,0
2023-03-24T17:58:55Z,2023-03-24T17:59:00Z,0.01874323142160428,3.734230231536525,3.752973462958129,0
2023-03-24T17:58:55Z,2023-03-24T17:59:00Z,0.01377655835489433,3.7340497329038054,3.7478262912586997,0
2023-03-24T17:58:55Z,2023-03-24T17:59:00Z,0.005976085519300067,3.738353905595096,3.744329991114396,0
2023-03-24T17:58:55Z,2023-03-24T17:59:00Z,0.007923928152401505,3.733773479744275,3.7416974078966767,0
2023-03-24T17:58:55Z,2023-03-24T17:59:00Z,0.012331082389223536,3.7274532219607703,3.739784304349994,0
2023-03-24T17:58:55Z,2023-03-24T17:59:00Z,0.024060633594460867,3.7135743108631996,3.7376349444576604,0
2023-03-24T17:58:55Z,2023-03-24T17:59:00Z,0.0232764369654741,3.7110494762659383,3.7343259132314124,0
2023-03-24T17:58:55Z,2023-03-24T17:59:00Z,0.025905011492372232,3.7035846619873993,3.7294896734797716,0
2023-03-24T17:58:55Z,2023-03-24T17:59:00Z,0.03362553862964113,3.692909806089167,3.7265353447188083,0
2023-03-24T17:58:55Z,2023-03-24T17:59:00Z,0.032808813802105874,3.691384563205311,3.724193377007417,0
2023-03-24T17:58:55Z,2023-03-24T17:59:00Z,0.02800104559262584,3.6932952801515984,3.721296325744224,0
2023-03-24T17:58:55Z,2023-03-24T17:59:00Z,0.05194232268670662,3.666094016328442,3.7180363390151485,0
2023-03-24T17:58:55Z,2023-03-24T17:59:00Z,0.0578310337129353,3.6561118101637207,3.713942843876656,0
2023-03-24T17:58:55Z,2023-03-24T17:59:00Z,0.05330035534867905,3.6538469168704406,3.7071472722191197,0
2023-03-24T17:58:55Z,2023-03-24T17:59:00Z,0.055234967657344036,3.6436880950186388,3.698923062675983,0
2023-03-24T17:58:55Z,2023-03-24T17:59:00Z,0.04353406178007235,3.6473963446085267,3.690930406388599,0
2023-03-24T17:58:55Z,2023-03-24T17:59:00Z,0.03165283658153273,3.650901057112853,3.6825538936943856,0
2023-03-24T17:58:55Z,2023-03-24T17:59:00Z,0.0204074531003533,3.6555286439685646,3.675936097068918,0
2023-03-24T17:58:55Z,2023-03-24T17:59:00Z,0.01648865093472862,3.653432604218881,3.66992125515361,0
2023-03-24T17:58:55Z,2023-03-24T17:59:00Z,0.0064881513035794924,3.658627502048147,3.6651156533517266,0
2023-03-24T17:58:55Z,2023-03-24T17:59:00Z,0.009399276125908518,3.670567209290606,3.6611679331646974,0
2023-03-24T17:58:55Z,2023-03-24T17:59:00Z,0.007139700691483508,3.665031927740465,3.6578922270489813,0
2023-03-24T17:58:55Z,2023-03-24T17:59:00Z,0.002714903863147544,3.6529045160997344,3.655619419962882,0
2023-03-24T17:58:55Z,2023-03-24T17:59:00Z,0.018071265449944196,3.63744194565414,3.655513211104084,0
2023-03-24T17:58:55Z,2023-03-24T17:59:00Z,0.011685561238937048,3.6435069204587487,3.6551924816976857,0
2023-03-24T17:58:55Z,2023-03-24T17:59:00Z,0.021072001188653378,3.632479983387402,3.6535519845760556,0
2023-03-24T17:58:55Z,2023-03-24T17:59:00Z,0.026395095751814868,3.6271387713682515,3.6535338671200663,0
2023-03-24T17:58:55Z,2023-03-24T17:59:00Z,0.013101109852724946,3.6389411211452294,3.6520422309979543,0
2023-03-24T17:58:55Z,2023-03-24T17:59:00Z,0.007110873297413889,3.6425551291260803,3.649666002423494,0
2023-03-24T17:58:55Z,2023-03-24T17:59:00Z,0.0003589851013550138,3.6476482650398054,3.6480072501411605,0
2023-03-24T17:58:55Z,2023-03-24T17:59:00Z,0.0037102901459271642,3.643209212485953,3.64691950263188,0
2023-03-24T17:58:55Z,2023-03-24T17:59:00Z,0.00012694279977987222,3.6456946361312665,3.6458215789310464,0
2023-03-24T17:58:55Z,2023-03-24T17:59:00Z,0.01132039061490886,3.6544061698654895,3.6430857792505806,0
2023-03-24T17:58:55Z,2023-03-24T17:59:00Z,0.013352472606542598,3.654504522696204,3.6411520500896613,0
2023-03-24T17:58:55Z,2023-03-24T17:59:00Z,0.02681023879454658,3.668112454260783,3.6413022154662364,0
2023-03-24T17:58:55Z,2023-03-24T17:59:00Z,0.025444569681920548,3.668453042852363,3.6430084731704424,0
2023-03-24T17:58:55Z,2023-03-24T17:59:00Z,0.013625367780961017,3.6590943943316074,3.6454690265506464,0
2023-03-24T17:58:55Z,2023-03-24T17:59:00Z,0.005176741764912229,3.6542430742620553,3.649066332497143,0
2023-03-24T17:58:55Z,2023-03-24T17:59:00Z,0.010344067126317746,3.6419178276671604,3.652261894793478,0
2023-03-24T17:58:55Z,2023-03-24T17:59:00Z,0.01945529405218238,3.6343367960529784,3.653792090105161,0
2023-03-24T17:58:55Z,2023-03-24T17:59:00Z,0.03604229049422569,3.6176860694650426,3.6537283599592683,0
2023-03-24T17:58:55Z,2023-03-24T17:59:00Z,0.05197290615764194,3.600424306902944,3.6523972130605857,0
2023-03-24T17:58:55Z,2023-03-24T17:59:00Z,0.08827400196237356,3.5615708967961215,3.649844898758495,0
2023-03-24T17:58:55Z,2023-03-24T17:59:00Z,0.10516697023762545,3.540150895598037,3.6453178658356626,0
2023-03-24T17:58:55Z,2023-03-24T17:59:00Z,0.12395822240666199,3.512076116122064,3.636034338528726,0
2023-03-24T17:58:55Z,2023-03-24T17:59:00Z,0.1487337289983781,3.475865246820531,3.624598975818909,0
2023-03-24T17:58:55Z,2023-03-24T17:59:00Z,0.15533108385473637,3.4536642581503014,3.608995342005038,0
2023-03-24T17:58:55Z,2023-03-24T17:59:00Z,0.1695912469153873,3.4201453154864674,3.5897365624018547,0
2023-03-24T17:58:55Z,2023-03-24T17:59:00Z,0.19089436155370754,3.3782991872300165,3.569193548783724,0
2023-03-24T17:58:55Z,2023-03-24T17:59:00Z,0.192593901267041,3.3531898716391235,3.5457837729061645,0
2023-03-24T17:58:55Z,2023-03-24T17:59:00Z,0.1883381357336842,3.3310837731287664,3.5194219088624505,0
2023-03-24T17:58:55Z,2023-03-24T17:59:00Z,0.19704140167596762,3.294265814745097,3.4913072164210646,0
2023-03-24T17:58:55Z,2023-03-24T17:59:00Z,0.20365344728885537,3.2589935394985816,3.462646986787437,0
2023-03-24T17:58:55Z,2023-03-24T17:59:00Z,0.19938885781294813,3.232642279758705,3.432031137571653,0
2023-03-24T17:58:55Z,2023-03-24T17:59:00Z,0.20541239182677762,3.1963610100151207,3.4017734018418984,0
2023-03-24T17:58:55Z,2023-03-24T17:59:00Z,0.21381357063107265,3.157208969626893,3.3710225402579654,0
2023-03-24T17:58:55Z,2023-03-24T17:59:00Z,0.2093862725660287,3.130064757081242,3.339451029647271,0
2023-03-24T17:58:55Z,2023-03-24T17:59:00Z,0.19764030593240678,3.1099450959955,3.307585401927907,1
2023-03-24T17:58:55Z,2023-03-24T17:59:00Z,0.180426060218021,3.094799391602981,3.2752254518210018,1
2023-03-24T17:58:55Z,2023-03-24T17:59:00Z,0.15927665827505333,3.084928771596852,3.244205429871905,1
2023-03-24T17:58:55Z,2023-03-24T17:59:00Z,0.1595415894624952,3.056313860846706,3.2158554503092014,1
2023-03-24T17:58:55Z,2023-03-24T17:59:00Z,0.15181882943801428,3.03721051086696,3.189029340304974,1
2023-03-24T17:58:55Z,2023-03-24T17:59:00Z,0.12383759149184392,3.037714757584924,3.161552349076768,1
2023-03-24T17:58:55Z,2023-03-24T17:59:00Z,0.09171611535308433,3.04413070333587,3.1358468186889543,1
2023-03-24T17:58:55Z,2023-03-24T17:59:00Z,0.0683097860711186,3.04540915442647,3.1137189404975887,1
2023-03-24T17:58:55Z,2023-03-24T17:59:00Z,0.031990360094179326,3.0628774227611255,3.094867782855305,1
2023-03-24T17:58:55Z,2023-03-24T17:59:00Z,0.011930123924153602,3.091702721220593,3.0797725972964396,1
2023-03-24T17:58:55Z,2023-03-24T17:59:00Z,0.02964706131321382,3.099986503923077,3.070339442609863,1
2023-03-24T17:58:55Z,2023-03-24T17:59:00Z,0.04772089031710225,3.1142241293409003,3.066503239023798,1
2023-03-24T17:58:55Z,2023-03-24T17:59:00Z,0.058520721280959975,3.124028101097516,3.065507379816556,1
2023-03-24T17:58:55Z,2023-03-24T17:59:00Z,0.06636897322379864,3.1338188268141463,3.0674498535903476,1
2023-03-24T17:58:55Z,2023-03-24T17:59:00Z,0.06767734340645859,3.139037129946873,3.0713597865404143,1
2023-03-24T17:58:55Z,2023-03-24T17:59:00Z,0.06759053266256965,3.1467008157997274,3.0791102831371577,1
2023-03-24T17:58:55Z,2023-03-24T17:59:00Z,0.06828915409578107,3.1575820991409307,3.0892929450451496,1
2023-03-24T17:58:55Z,2023-03-24T17:59:00Z,0.064208836239104,3.1644003871057333,3.1001915508666293,1
2023-03-24T17:58:55Z,2023-03-24T17:59:00Z,0.0518591231194816,3.1633958135666176,3.111536690447136,1
2023-03-24T17:58:55Z,2023-03-24T17:59:00Z,0.04091927516489413,3.1643550888799568,3.1234358137150626,1
2023-03-24T17:58:55Z,2023-03-24T17:59:00Z,0.02731558424535452,3.1608032370409656,3.133487652795611,1
2023-03-24T17:58:55Z,2023-03-24T17:59:00Z,0.0077265094905420995,3.14847939905209,3.140752889561548,1
2023-03-24T17:58:55Z,2023-03-24T17:59:00Z,0.0043518986320743025,3.151186461505411,3.1468345628733365,1
2023-03-24T17:58:55Z,2023-03-24T17:59:00Z,0.012145038671381503,3.162405128515837,3.1502600898444557,1
2023-03-24T17:58:55Z,2023-03-24T17:59:00Z,0.02313635302612793,3.176112278911373,3.152975925885245,0
2023-03-24T17:58:55Z,2023-03-24T17:59:00Z,0.04639008116236676,3.202224637217781,3.155834556055414,0
2023-03-24T17:58:55Z,2023-03-24T17:59:00Z,0.04577601156982025,3.2053180825216843,3.159542070951864,0
2023-03-24T17:58:55Z,2023-03-24T17:59:00Z,0.04335479235475814,3.2084492454484277,3.1650944530936695,0
2023-03-24T17:58:55Z,2023-03-24T17:59:00Z,0.03540830797366423,3.2052763594054094,3.169868051431745,0
2023-03-24T17:58:55Z,2023-03-24T17:59:00Z,0.014614663937333905,3.1596582733286804,3.1742729372660143,0
2023-03-24T17:58:55Z,2023-03-24T17:59:00Z,0.05008314404499403,3.1283778478048996,3.1784609918498936,0
2023-03-24T17:58:55Z,2023-03-24T17:59:00Z,0.07052522992481647,3.1074660803699494,3.177991310294766,0
2023-03-24T17:58:55Z,2023-03-24T17:59:00Z,0.0843786136954896,3.0903701576756695,3.174748771371159,0
2023-03-24T17:58:55Z,2023-03-24T17:59:00Z,0.10596793191656939,3.0646795075863755,3.170647439502945,0
2023-03-24T17:58:55Z,2023-03-24T17:59:00Z,0.11947098153852709,3.045094827581444,3.164565809119971,0
2023-03-24T17:58:55Z,2023-03-24T17:59:00Z,0.12132576794999617,3.033467479077029,3.1547932470270252,0
2023-03-24T17:58:55Z,2023-03-24T17:59:00Z,0.07320894112592402,3.0684825607681083,3.1416915018940323,0
2023-03-24T17:58:55Z,2023-03-24T17:59:00Z,0.03119989036583215,3.0936158957141244,3.1248157860799566,1
2023-03-24T17:58:55Z,2023-03-24T17:59:00Z,0.016453840687280508,3.0946783932173187,3.1111322339045993,1
2023-03-24T17:58:55Z,2023-03-24T17:59:00Z,0.0018328505443201415,3.0978160483868487,3.099648898931169,1
2023-03-24T17:58:55Z,2023-03-24T17:59:00Z,0.0025622329200154503,3.0911513352323747,3.0885891023123593,1
2023-03-24T17:58:55Z,2023-03-24T17:59:00Z,0.0017308256004615608,3.0806740542177153,3.082404879818177,1
2023-03-24T17:58:55Z,2023-03-24T17:59:00Z,0.0002917626496734549,3.078973991210598,3.0786822285609245,1
2023-03-24T17:58:55Z,2023-03-24T17:59:00Z,0.007632306931093957,3.0683707190146072,3.076003025945701,1
2023-03-24T17:58:55Z,2023-03-24T17:59:00Z,0.019082906457135618,3.055780502842058,3.0748634092991938,1
2023-03-24T17:58:55Z,2023-03-24T17:59:00Z,0.039163421265555165,3.0360691091764616,3.0752325304420167,1
2023-03-24T17:58:55Z,2023-03-24T17:59:00Z,0.049965303782992354,3.0263357941850857,3.076301097968078,1
2023-03-24T17:58:55Z,2023-03-24T17:59:00Z,0.05663856001394363,3.019922700964078,3.0765612609780217,1
2023-03-24T17:58:55Z,2023-03-24T17:59:00Z,0.06574945893621109,3.0065971253835087,3.0723465843197197,1
2023-03-24T17:58:55Z,2023-03-24T17:59:00Z,0.07298294591082843,2.991994318933886,3.0649772648447144,1
2023-03-24T17:58:55Z,2023-03-24T17:59:00Z,0.07475298670280006,2.9814161513585336,3.0561691380613336,1
2023-03-24T17:58:55Z,2023-03-24T17:59:00Z,0.07251520674493062,2.973071758371107,3.0455869651160374,1
2023-03-24T17:58:55Z,2023-03-24T17:59:00Z,0.06897215344483465,2.9656412932838188,3.0346134467286534,1
2023-03-24T17:58:55Z,2023-03-24T17:59:00Z,0.07502141723354017,2.9488317999104523,3.0238532171439925,1
2023-03-24T17:58:55Z,2023-03-24T17:59:00Z,0.06608739629726346,2.946432551054051,3.0125199473513145,1
2023-03-24T17:58:55Z,2023-03-24T17:59:00Z,0.06594754201350561,2.934618513427393,3.0005660554408986,1
2023-03-24T17:58:55Z,2023-03-24T17:59:00Z,0.05714311585697951,2.9324881444051187,2.9896312602620982,1
2023-03-24T17:58:55Z,2023-03-24T17:59:00Z,0.055762402028903146,2.9237237986582882,2.9794862006871914,1
2023-03-24T17:58:55Z,2023-03-24T17:59:00Z,0.07598984331423608,2.8941115923949585,2.9701014357091946,1
2023-03-24T17:58:55Z,2023-03-24T17:59:00Z,0.09944260100437674,2.861038944474239,2.9604815454786158,1
2023-03-24T17:58:55Z,2023-03-24T17:59:00Z,0.14061347155420867,2.8086195206255518,2.9492329921797604,1
2023-03-24T17:58:55Z,2023-03-24T17:59:00Z,0.1975614745048686,2.7385759802289273,2.936137454733796,1
2023-03-24T17:58:55Z,2023-03-24T17:59:00Z,0.22100732308095328,2.6978504685795444,2.9188577916604976,1
2023-03-24T17:58:55Z,2023-03-24T17:59:00Z,0.22517096652698543,2.6702372473192946,2.89540821384628,1
2023-03-24T17:58:55Z,2023-03-24T17:59:00Z,0.22246735257069838,2.646161778805154,2.8686291313758523,1
2023-03-24T17:58:55Z,2023-03-24T17:59:00Z,0.18586406137296185,2.654905614743775,2.8407696761167367,1
2023-03-24T17:58:55Z,2023-03-24T17:59:00Z,0.16057150377847984,2.6501710951133672,2.810742598891847,1
2023-03-24T17:58:55Z,2023-03-24T17:59:00Z,0.14480762647334933,2.637963682550136,2.7827713090234854,1
2023-03-24T17:58:55Z,2023-03-24T17:59:00Z,0.1327686964068735,2.6217709076874365,2.75453960409431,1
2023-03-24T17:58:55Z,2023-03-24T17:59:00Z,0.11990090729119851,2.6060626851922963,2.725963592483495,1
2023-03-24T17:58:55Z,2023-03-24T17:59:00Z,0.09842120262353182,2.600308321389211,2.6987295240127427,1
2023-03-24T17:58:55Z,2023-03-24T17:59:00Z,0.07792771979111279,2.5953041782934356,2.6732318980845484,1
2023-03-24T17:58:55Z,2023-03-24T17:59:00Z,0.0670040154510354,2.585396762709879,2.6524007781609145,1
2023-03-24T17:58:55Z,2023-03-24T17:59:00Z,0.07274535129268278,2.5653282466746825,2.6380735979673653,1
2023-03-24T17:58:55Z,2023-03-24T17:59:00Z,0.0723691266644586,2.55445910071594,2.6268282273803987,1
2023-03-24T17:58:55Z,2023-03-24T17:59:00Z,0.0733437200133431,2.542993607302594,2.616337327315937,1
2023-03-24T17:58:55Z,2023-03-24T17:59:00Z,0.06135147613001646,2.5458155833769993,2.6071670595070158,1
2023-03-24T17:58:55Z,2023-03-24T17:59:00Z,0.0570012895402594,2.5389745692226384,2.595975858762898,1
2023-03-24T17:58:55Z,2023-03-24T17:59:00Z,0.06377681895608278,2.5217634886331783,2.585540307589261,1
2023-03-24T17:58:55Z,2023-03-24T17:59:00Z,0.060568330767122536,2.5150730654893887,2.5756413962565112,1
2023-03-24T17:58:55Z,2023-03-24T17:59:00Z,0.056694543200522585,2.508946111150563,2.5656406543510855,1
2023-03-24T17:58:55Z,2023-03-24T17:59:00Z,0.06072870523512197,2.4958129871456727,2.5565416923807947,1
2023-03-24T17:58:55Z,2023-03-24T17:59:00Z,0.055260493384784226,2.4921449779721456,2.54740547135693,1
2023-03-24T17:58:55Z,2023-03-24T17:59:00Z,0.05387372848560901,2.4835826237565444,2.5374563522421534,1
2023-03-24T17:58:55Z,2023-03-24T17:59:00Z,0.06138770895093737,2.466743464817443,2.5281311737683803,1
2023-03-24T17:58:55Z,2023-03-24T17:59:00Z,0.05789585078682835,2.462060760689738,2.5199566114765664,1
2023-03-24T17:58:55Z,2023-03-24T17:59:00Z,0.06543181700994616,2.445753230876771,2.511185047886717,1
2023-03-24T17:58:55Z,2023-03-24T17:59:00Z,0.07261805214862393,2.4304737110768073,2.5030917632254313,1
2023-03-24T17:58:55Z,2023-03-24T17:59:00Z,0.07104296768045826,2.4220425602949502,2.4930855279754085,1
2023-03-24T17:58:55Z,2023-03-24T17:59:00Z,0.06426556042860021,2.4179698817322253,2.4822354421608255,1
2023-03-24T17:58:55Z,2023-03-24T17:59:00Z,0.06513812734545787,2.407125221981545,2.4722633493270028,1
2023-03-24T17:58:55Z,2023-03-24T17:59:00Z,0.06775837366626503,2.394794657285021,2.462553030951286,1
2023-03-24T17:58:55Z,2023-03-24T17:59:00Z,0.07074599176871832,2.3816249502656657,2.452370942034384,1
2023-03-24T17:58:55Z,2023-03-24T17:59:00Z,0.06508715557849909,2.37718195346982,2.4422691090483193,1
2023-03-24T17:58:55Z,2023-03-24T17:59:00Z,0.061253191477434576,2.3699639148002367,2.4312171062776713,1
2023-03-24T17:58:55Z,2023-03-24T17:59:00Z,0.0613547952370781,2.3592222440119204,2.4205770392489985,1
2023-03-24T17:58:55Z,2023-03-24T17:59:00Z,0.03964041823494391,2.3712586660123343,2.410899084247278,1
2023-03-24T17:58:55Z,2023-03-24T17:59:00Z,0.0030765196677777773,2.403691752247274,2.4006152325794963,1
2023-03-24T17:58:55Z,2023-03-24T17:59:00Z,0.005464787883586286,2.398630563976639,2.3931657760930527,1
2023-03-24T17:58:55Z,2023-03-24T17:59:00Z,0.0009905340816871444,2.3894970461284117,2.390487580210099,1
2023-03-24T17:58:55Z,2023-03-24T17:59:00Z,5.792325009057464e-05,2.3882043038283585,2.388146380578268,1
2023-03-24T17:58:55Z,2023-03-24T17:59:00Z,0.00828434218871621,2.3770147548291707,2.385299097017887,1
2023-03-24T17:58:55Z,2023-03-24T17:59:00Z,0.0144009706345396,2.3690060345680286,2.383407005202568,1
2023-03-24T17:58:55Z,2023-03-24T17:59:00Z,0.020588379934589174,2.361040635022394,2.381629014956983,1
2023-03-24T17:58:55Z,2023-03-24T17:59:00Z,0.019797429935121347,2.360569693452098,2.3803671233872192,1
2023-03-24T17:58:55Z,2023-03-24T17:59:00Z,0.015184384893538905,2.3635686066489376,2.3787529915424765,1
2023-03-24T17:58:55Z,2023-03-24T17:59:00Z,0.02296365550430668,2.3548499139033563,2.377813569407663,1
2023-03-24T17:58:55Z,2023-03-24T17:59:00Z,0.029371861050640824,2.3488763446207237,2.3782482056713645,1
2023-03-24T17:58:55Z,2023-03-24T17:59:00Z,0.035932074662321956,2.340675255798145,2.376607330460467,1
2023-03-24T17:58:55Z,2023-03-24T17:59:00Z,0.037014973773390025,2.3341108159244213,2.3711257896978113,1
2023-03-24T17:58:55Z,2023-03-24T17:59:00Z,0.031067019910671068,2.3342632389692914,2.3653302588799625,1
2023-03-24T17:58:55Z,2023-03-24T17:59:00Z,0.028120800881825225,2.3316708349777384,2.3597916358595636,1
2023-03-24T17:58:55Z,2023-03-24T17:59:00Z,0.024952802955732878,2.329444726417924,2.354397529373657,1
2023-03-24T17:58:55Z,2023-03-24T17:59:00Z,0.01632828676543685,2.3335348506230766,2.3498631373885135,1
2023-03-24T17:58:55Z,2023-03-24T17:59:00Z,0.012961631445637334,2.3329453751278657,2.345907006573503,1
2023-03-24T17:58:55Z,2023-03-24T17:59:00Z,0.013364205943823482,2.329792222189748,2.3431564281335713,1
2023-03-24T17:58:55Z,2023-03-24T17:59:00Z,0.0073759841595801845,2.333018012141568,2.340393996301148,1
2023-03-24T17:58:55Z,2023-03-24T17:59:00Z,0.0032385512265378225,2.340254909081767,2.337016357855229,1
2023-03-24T17:58:55Z,2023-03-24T17:59:00Z,0.004751864802574168,2.3395850324816245,2.3348331676790504,1
2023-03-24T17:58:55Z,2023-03-24T17:59:00Z,0.02563645496083522,2.35960747908599,2.333971024125155,1
2023-03-24T17:58:55Z,2023-03-24T17:59:00Z,0.05041412495172004,2.384276126745223,2.333862001793503,1
2023-03-24T17:58:55Z,2023-03-24T17:59:00Z,0.06960561554969225,2.406017283659352,2.3364116681096596,0
2023-03-24T17:58:55Z,2023-03-24T17:59:00Z,0.09867062940223637,2.4400835862894894,2.341412956887253,0
2023-03-24T17:58:55Z,2023-03-24T17:59:00Z,0.1170126622396701,2.465860263995084,2.348847601755414,0
2023-03-24T17:58:55Z,2023-03-24T17:59:00Z,0.13085128355249998,2.4907627712950706,2.3599114877425706,0
2023-03-24T17:58:55Z,2023-03-24T17:59:00Z,0.14321571447918924,2.51635974355896,2.373144029079771,0
2023-03-24T17:58:55Z,2023-03-24T17:59:00Z,0.15454325754356812,2.5434690262400594,2.3889257686964913,0
2023-03-24T17:58:55Z,2023-03-24T17:59:00Z,0.16785297090231133,2.5754354917357243,2.407582520833413,0
2023-03-24T17:58:55Z,2023-03-24T17:59:00Z,0.17677302296728126,2.6054006452105436,2.4286276222432623,0
2023-03-24T17:58:55Z,2023-03-24T17:59:00Z,0.1833797479309025,2.6355254284395606,2.452145680508658,0
2023-03-24T17:58:55Z,2023-03-24T17:59:00Z,0.18847869397767614,2.667205935759226,2.47872724178155,0
2023-03-24T17:58:55Z,2023-03-24T17:59:00Z,0.20367072721191004,2.709989763928817,2.506319036716907,0
2023-03-24T17:58:55Z,2023-03-24T17:59:00Z,0.19924075384343531,2.7338527714617427,2.5346120176183073,0
2023-03-24T17:58:55Z,2023-03-24T17:59:00Z,0.16988403962448517,2.734893305269739,2.5650092656452537,0
2023-03-24T17:58:55Z,2023-03-24T17:59:00Z,0.1919132338561158,2.7862994180185945,2.5943861841624787,0
2023-03-24T17:58:55Z,2023-03-24T17:59:00Z,0.20869297199276238,2.829982460282707,2.6212894882899445,0
2023-03-24T17:58:55Z,2023-03-24T17:59:00Z,0.22101310522335638,2.871856258185653,2.6508431529622967,0
2023-03-24T17:58:55Z,2023-03-24T17:59:00Z,0.23475598745036264,2.916961412085034,2.682205424634671,0
2023-03-24T17:58:55Z,2023-03-24T17:59:00Z,0.2593778127866968,2.9744219606159272,2.7150441478292304,0
2023-03-24T17:58:55Z,2023-03-24T17:59:00Z,0.28074002093602246,3.029936760800184,2.7491967398641615,0
2023-03-24T17:58:55Z,2023-03-24T17:59:00Z,0.2930059889790213,3.079104860383721,2.7860988714047,0
2023-03-24T17:58:55Z,2023-03-24T17:59:00Z,0.302637225230002,3.128177229870764,2.825540004640762,0
2023-03-24T17:58:55Z,2023-03-24T17:59:00Z,0.3181265877805788,3.1848564848837904,2.8667298971032116,0
2023-03-24T17:58:55Z,2023-03-24T17:59:00Z,0.3412707349455415,3.249819378642948,2.9085486436974066,0
2023-03-24T17:58:55Z,2023-03-24T17:59:00Z,0.35165632553714765,3.3053053405767594,2.9536490150396117,0
2023-03-24T17:58:55Z,2023-03-24T17:59:00Z,0.35243420511277046,3.3575758274897027,3.0051416223769323,0
2023-03-24T17:58:55Z,2023-03-24T17:59:00Z,0.3625762906311687,3.4196185052639176,3.057042214632749,0
2023-03-24T17:58:55Z,2023-03-24T17:59:00Z,0.37704492443146176,3.48684647578491,3.1098015513534483,0
2023-03-24T17:58:55Z,2023-03-24T17:59:00Z,0.35499405922662985,3.519571835287905,3.164577776061275,0
2023-03-24T17:58:55Z,2023-03-24T17:59:00Z,0.3189365666889836,3.540502849120246,3.2215662824312625,0
2023-03-24T17:58:55Z,2023-03-24T17:59:00Z,0.29781954108634157,3.5739008109848016,3.27608126989846,0
2023-03-24T17:58:55Z,2023-03-24T17:59:00Z,0.2544243095950467,3.581562188325513,3.327137878730466,0
2023-03-24T17:58:55Z,2023-03-24T17:59:00Z,0.20158226825767045,3.5781997420482448,3.3766174737905743,0
2023-03-24T17:58:55Z,2023-03-24T17:59:00Z,0.1452226970903001,3.56717866672635,3.4219559696360498,0
2023-03-24T17:58:55Z,2023-03-24T17:59:00Z,0.1024908823331927,3.563781177685688,3.4612902953524953,0
2023-03-24T17:58:55Z,2023-03-24T17:59:00Z,0.08031912247829975,3.573345346639135,3.493026224160835,0
2023-03-24T17:58:55Z,2023-03-24T17:59:00Z,0.049590811663762224,3.56846461953549,3.518873807871728,0
2023-03-24T17:58:55Z,2023-03-24T17:59:00Z,0.025499687512877234,3.5659504472995485,3.5404507597866712,0
2023-03-24T17:58:55Z,2023-03-24T17:59:00Z,0.016167583912183314,3.5715029551260113,3.555335371213828,0
2023-03-24T17:58:55Z,2023-03-24T17:59:00Z,0.0008711419355087457,3.5641169103008012,3.5632457683652925,0
2023-03-24T17:58:55Z,2023-03-24T17:59:00Z,0.0077574287049331225,3.5606814516441703,3.5684388803491034,0
2023-03-24T17:58:55Z,2023-03-24T17:59:00Z,0.0025708744293648778,3.568229412037794,3.570800286467159,0
2023-03-24T17:58:55Z,2023-03-24T17:59:00Z,0.0029127906466950293,3.57239114117979,3.569478350533095,0
2023-03-24T17:58:55Z,2023-03-24T17:59:00Z,0.01814178737418759,3.586286860278511,3.5681450729043234,0
2023-03-24T17:58:55Z,2023-03-24T17:59:00Z,0.015313573168212802,3.5828777859856906,3.567564212817478,0
2023-03-24T17:58:55Z,2023-03-24T17:59:00Z,0.0028863491510282557,3.5723613813237227,3.5694750321726945,0
2023-03-24T17:58:55Z,2023-03-24T17:59:00Z,0.012032391061006287,3.559352301941688,3.5713846930026945,0
2023-03-24T17:58:55Z,2023-03-24T17:59:00Z,0.024777366438956783,3.546508930032196,3.5712862964711527,0
2023-03-24T17:58:55Z,2023-03-24T17:59:00Z,0.01450284541400304,3.55587221929777,3.570375064711773,0
2023-03-24T17:58:55Z,2023-03-24T17:59:00Z,0.010273319361553845,3.5581575936234837,3.5684309129850376,0
2023-03-24T17:58:55Z,2023-03-24T17:59:00Z,0.0009098278383485869,3.5659580115638643,3.566867839402213,0
2023-03-24T17:58:55Z,2023-03-24T17:59:00Z,0.0032843731944698362,3.562987534540012,3.5662719077344818,0
2023-03-24T17:58:55Z,2023-03-24T17:59:00Z,0.011064008640612855,3.555735555085838,3.566799563726451,0
2023-03-24T17:58:55Z,2023-03-24T17:59:00Z,0.01467365766685269,3.5516017183098203,3.566275375976673,0
2023-03-24T17:58:55Z,2023-03-24T17:59:00Z,0.004059656777954501,3.5605501605893233,3.5646098173672778,0
2023-03-24T17:58:55Z,2023-03-24T17:59:00Z,0.01294457147226824,3.5481967316981398,3.561141303170408,0
2023-03-24T17:58:55Z,2023-03-24T17:59:00Z,0.01845637922635257,3.5404521614044193,3.558908540630772,0
2023-03-24T17:58:55Z,2023-03-24T17:59:00Z,0.009392806695451839,3.5470992689727625,3.5564920756682143,0
2023-03-24T17:58:55Z,2023-03-24T17:59:00Z,0.001452045289854098,3.5531500163246323,3.5546020616144864,0
2023-03-24T17:58:55Z,2023-03-24T17:59:00Z,0.007770123585549182,3.5468909719229944,3.5546610955085436,0
2023-03-24T17:58:55Z,2023-03-24T17:59:00Z,0.03121286400961054,3.523176011201619,3.5543888752112296,0
2023-03-24T17:58:55Z,2023-03-24T17:59:00Z,0.01900554077432126,3.5342566722668596,3.553262213041181,0
2023-03-24T17:58:55Z,2023-03-24T17:59:00Z,0.02362184466897954,3.525362168335976,3.5489840130049557,0
2023-03-24T17:58:55Z,2023-03-24T17:59:00Z,0.04072161064460378,3.505389316133037,3.546110926777641,0
2023-03-24T17:58:55Z,2023-03-24T17:59:00Z,0.03307254629926959,3.5100010418033856,3.543073588102655,0
2023-03-24T17:58:55Z,2023-03-24T17:59:00Z,0.03198566067176101,3.5064666872132153,3.5384523478849763,0
2023-03-24T17:58:55Z,2023-03-24T17:59:00Z,0.03639101807075118,3.4970064179356317,3.533397436006383,0
2023-03-24T17:58:55Z,2023-03-24T17:59:00Z,0.031934896533360124,3.49728953502453,3.52922443155789,0
2023-03-24T17:58:55Z,2023-03-24T17:59:00Z,0.029236409438980537,3.4956434477720313,3.524879857211012,0
2023-03-24T17:58:55Z,2023-03-24T17:59:00Z,0.0037972528032326203,3.5161016310129547,3.5198988838161873,0
2023-03-24T17:58:55Z,2023-03-24T17:59:00Z,0.0027417469755590673,3.5114064799853693,3.5141482269609283,0
2023-03-24T17:58:55Z,2023-03-24T17:59:00Z,0.00922815179371872,3.5202974446636426,3.511069292869924,0
2023-03-24T17:58:55Z,2023-03-24T17:59:00Z,0.056672111645001966,3.453220228103297,3.509892339748299,0
2023-03-24T17:58:55Z,2023-03-24T17:59:00Z,0.14353566325437983,3.364960753733597,3.5084964169879767,0
2023-03-24T17:58:55Z,2023-03-24T17:59:00Z,0.14048363108010875,3.3607985918846013,3.50128222296471,0
2023-03-24T17:58:55Z,2023-03-24T17:59:00Z,0.11281958668198655,3.3744197800427793,3.487239366724766,0
2023-03-24T17:58:55Z,2023-03-24T17:59:00Z,0.09971279028901625,3.3726063314438712,3.4723191217328875,0
2023-03-24T17:58:55Z,2023-03-24T17:59:00Z,0.09146002683657617,3.3676544041792673,3.4591144310158435,0
2023-03-24T17:58:55Z,2023-03-24T17:59:00Z,0.09007510174236133,3.356599320624306,3.446674422366667,0
2023-03-24T17:58:55Z,2023-03-24T17:59:00Z,0.08936639069855756,3.344344518583584,3.4337109092821416,0
2023-03-24T17:58:55Z,2023-03-24T17:59:00Z,0.07559411900337443,3.3442123775639945,3.419806496567369,0
2023-03-24T17:58:55Z,2023-03-24T17:59:00Z,0.06582274495489449,3.3368080403695366,3.402630785324431,0
2023-03-24T17:58:55Z,2023-03-24T17:59:00Z,0.0524751517437676,3.3334362233385257,3.3859113750822933,0
2023-03-24T17:58:55Z,2023-03-24T17:59:00Z,0.030784009979683002,3.3367784246732004,3.3675624346528834,0
2023-03-24T17:58:55Z,2023-03-24T17:59:00Z,0.032239509214438744,3.3233445249619673,3.355584034176406,0
2023-03-24T17:58:55Z,2023-03-24T17:59:00Z,0.04764772948079887,3.305118071789568,3.3527658012703667,0
2023-03-24T17:58:55Z,2023-03-24T17:59:00Z,0.0583218455914194,3.290698548986684,3.3490203945781034,0
2023-03-24T17:58:55Z,2023-03-24T17:59:00Z,0.06701964605946165,3.27507057769332,3.342090223752782,0
2023-03-24T17:58:55Z,2023-03-24T17:59:00Z,0.0752460611623782,3.258653384344685,3.3338994455070634,0
2023-03-24T17:58:55Z,2023-03-24T17:59:00Z,0.08243088629503026,3.242210176563438,3.3246410628584684,0
2023-03-24T17:58:55Z,2023-03-24T17:59:00Z,0.08780681761693243,3.2270396516135746,3.314846469230507,0
2023-03-24T17:58:55Z,2023-03-24T17:59:00Z,0.08711059298851742,3.2175224420399746,3.304633035028492,0
2023-03-24T17:58:55Z,2023-03-24T17:59:00Z,0.09433083304493683,3.198584929388513,3.29291576243345,0
2023-03-24T17:58:55Z,2023-03-24T17:59:00Z,0.09779815017622484,3.183189052424269,3.280987202600494,0
2023-03-24T17:58:55Z,2023-03-24T17:59:00Z,0.09416810783261909,3.1733339653728736,3.2675020732054927,0
2023-03-24T17:58:55Z,2023-03-24T17:59:00Z,0.08727819476090337,3.164864941219696,3.2521431359805995,0
2023-03-24T17:58:55Z,2023-03-24T17:59:00Z,0.0755792984428365,3.1615627815788536,3.23714208002169,0
2023-03-24T17:58:55Z,2023-03-24T17:59:00Z,0.06909759781213198,3.154019169152571,3.223116766964703,0
2023-03-24T17:58:55Z,2023-03-24T17:59:00Z,0.06483478762095585,3.145368402602964,3.2102031902239196,0
2023-03-24T17:58:55Z,2023-03-24T17:59:00Z,0.05955858602487529,3.13853946334497,3.1980980493698454,0
2023-03-24T17:58:55Z,2023-03-24T17:59:00Z,0.049184351584211417,3.137585199611461,3.1867695511956726,0
2023-03-24T17:58:55Z,2023-03-24T17:59:00Z,0.035759268257239185,3.1406432116165863,3.1764024798738255,0
2023-03-24T17:58:55Z,2023-03-24T17:59:00Z,0.029858976694115302,3.137598057979499,3.1674570346736144,0
2023-03-24T17:58:55Z,2023-03-24T17:59:00Z,0.023858572276020507,3.1359105393552555,3.159769111631276,0
2023-03-24T17:58:55Z,2023-03-24T17:59:00Z,0.015935096001494564,3.13773532848888,3.1536704244903744,0
2023-03-24T17:58:55Z,2023-03-24T17:59:00Z,0.007761731304897435,3.1411808418785756,3.148942573183473,0
2023-03-24T17:58:55Z,2023-03-24T17:59:00Z,0.0028909912289707407,3.148273700724044,3.1453827094950735,0
2023-03-24T17:58:55Z,2023-03-24T17:59:00Z,0.013672198823436954,3.1566864983843987,3.143014299560962,0
2023-03-24T17:58:55Z,2023-03-24T17:59:00Z,0.013729568589169627,3.1554149600646504,3.1416853914754808,0
2023-03-24T17:58:55Z,2023-03-24T17:59:00Z,0.003382019825153293,3.1453341442238165,3.1419521243986632,0
2023-03-24T17:58:55Z,2023-03-24T17:59:00Z,0.0232364930487563,3.1661932731935885,3.142956780144832,0
2023-03-24T17:58:55Z,2023-03-24T17:59:00Z,0.03781074128547246,3.1814469895181894,3.143636248232717,0
2023-03-24T17:58:55Z,2023-03-24T17:59:00Z,0.05905254219078593,3.2055495977817157,3.1464970555909297,0
2023-03-24T17:58:55Z,2023-03-24T17:59:00Z,0.07574933965921504,3.226326773040305,3.15057743338109,0
2023-03-24T17:58:55Z,2023-03-24T17:59:00Z,0.09522453226103433,3.2525971196223455,3.157372587361311,0
2023-03-24T17:58:55Z,2023-03-24T17:59:00Z,0.11269239113410734,3.2791066018639237,3.1664142107298163,0
2023-03-24T17:58:55Z,2023-03-24T17:59:00Z,0.13971526260112244,3.3176156524442857,3.1779003898431633,0
2023-03-24T17:58:55Z,2023-03-24T17:59:00Z,0.1549200159405526,3.34661298178225,3.1916929658416975,0
2023-03-24T17:58:55Z,2023-03-24T17:59:00Z,0.1583045103882248,3.3669316714019466,3.208627161013722,0
2023-03-24T17:58:55Z,2023-03-24T17:59:00Z,0.08892132685674392,3.316541136210251,3.227619809353507,0
2023-03-24T17:58:55Z,2023-03-24T17:59:00Z,0.017064896837037935,3.231706583650199,3.2487714804872367,0
2023-03-24T17:58:55Z,2023-03-24T17:59:00Z,0.13425333655912253,3.131638843126758,3.2658921796858804,0
2023-03-24T17:58:55Z,2023-03-24T17:59:00Z,0.1537770354071104,3.11866647532443,3.2724435107315406,0
2023-03-24T17:58:55Z,2023-03-24T17:59:00Z,0.2257351019034517,3.0417275941889463,3.267462696092398,0
2023-03-24T17:58:55Z,2023-03-24T17:59:00Z,0.3171873338150095,2.9415870500316603,3.25877438384667,0
2023-03-24T17:58:55Z,2023-03-24T17:59:00Z,0.33971252353035464,2.900601942431179,3.2403144659615335,0
2023-03-24T17:58:55Z,2023-03-24T17:59:00Z,0.34849238724472276,2.8607210717577423,3.209213459002465,0
2023-03-24T17:58:55Z,2023-03-24T17:59:00Z,0.33563882953038693,2.8357241635288037,3.1713629930591907,0
2023-03-24T17:58:55Z,2023-03-24T17:59:00Z,0.36117815119935637,2.7644953837911803,3.1256735349905367,0
2023-03-24T17:58:55Z,2023-03-24T17:59:00Z,0.3618931900293427,2.7126914631358487,3.0745846531651915,0
2023-03-24T17:58:55Z,2023-03-24T17:59:00Z,0.36055746145133316,2.653783562952782,3.014341024404115,0
2023-03-24T17:58:55Z,2023-03-24T17:59:00Z,0.32320582366131223,2.630750233435362,2.9539560570966743,0
2023-03-24T17:58:55Z,2023-03-24T17:59:00Z,0.28660954050692844,2.6095542145200046,2.896163755026933,0
2023-03-24T17:58:55Z,2023-03-24T17:59:00Z,0.2569707853365357,2.5891041087212576,2.8460748940577933,0
2023-03-24T17:58:55Z,2023-03-24T17:59:00Z,0.2065894697371986,2.5885741982401522,2.795163667977351,0
2023-03-24T17:58:55Z,2023-03-24T17:59:00Z,0.16888595033159115,2.581015369098991,2.7499013194305824,0
2023-03-24T17:58:55Z,2023-03-24T17:59:00Z,0.13152048360871982,2.5830795506427116,2.7146000342514314,0
2023-03-24T17:58:55Z,2023-03-24T17:59:00Z,0.10763252979959281,2.57500884711862,2.682641376918213,0
2023-03-24T17:58:55Z,2023-03-24T17:59:00Z,0.08169107536735432,2.5731861494393553,2.6548772248067096,0
2023-03-24T17:58:55Z,2023-03-24T17:59:00Z,0.07098080143176233,2.5578248917339286,2.628805693165691,0
2023-03-24T17:58:55Z,2023-03-24T17:59:00Z,0.05467212277993472,2.5550026469505736,2.6096747697305083,0
2023-03-24T17:58:55Z,2023-03-24T17:59:00Z,0.04031361301706138,2.553874499573255,2.5941881125903166,0
2023-03-24T17:58:55Z,2023-03-24T17:59:00Z,0.040337771812457124,2.5439722491776386,2.5843100209900958,0
2023-03-24T17:58:55Z,2023-03-24T17:59:00Z,0.028599961025583376,2.5480224865783017,2.576622447603885,0
2023-03-24T17:58:55Z,2023-03-24T17:59:00Z,0.02958556271054702,2.540478688359101,2.570064251069648,0
2023-03-24T17:58:55Z,2023-03-24T17:59:00Z,0.03252220708822451,2.5334338817671282,2.5659560888553528,0
2023-03-24T17:58:55Z,2023-03-24T17:59:00Z,0.049429796622955546,2.511716741244292,2.5611465378672476,0
2023-03-24T17:58:55Z,2023-03-24T17:59:00Z,0.03900604311356748,2.517382346020494,2.5563883891340615,0
2023-03-24T17:58:55Z,2023-03-24T17:59:00Z,0.03530567813621266,2.5139464300580068,2.5492521081942194,0
2023-03-24T17:58:55Z,2023-03-24T17:59:00Z,0.032755271749184356,2.5107341863352226,2.543489458084407,0
2023-03-24T17:58:55Z,2023-03-24T17:59:00Z,0.010540710013254184,2.5270247761330173,2.5375654861462715,0
2023-03-24T17:58:55Z,2023-03-24T17:59:00Z,0.0037906497592370414,2.5290657658471645,2.5328564156064015,0
2023-03-24T17:58:55Z,2023-03-24T17:59:00Z,0.027567954869045508,2.557626583393691,2.5300586285246456,0
2023-03-24T17:58:55Z,2023-03-24T17:59:00Z,0.05141587104751277,2.5789936261995496,2.527577755152037,0
2023-03-24T17:58:55Z,2023-03-24T17:59:00Z,0.05041238706066231,2.5793555756343043,2.528943188573642,0
2023-03-24T17:58:55Z,2023-03-24T17:59:00Z,0.1107704134901688,2.6428107160259358,2.532040302535767,0
2023-03-24T17:58:55Z,2023-03-24T17:59:00Z,0.18326332115746524,2.7191913124207523,2.535927991263287,0
2023-03-24T17:58:55Z,2023-03-24T17:59:00Z,0.25445257397513643,2.801318248664304,2.5468656746891676,0
2023-03-24T17:58:55Z,2023-03-24T17:59:00Z,0.23574848811105076,2.8033616199178644,2.5676131318068136,0
2023-03-24T17:58:55Z,2023-03-24T17:59:00Z,0.26992828455964446,2.8659350066308393,2.596006722071195,0
2023-03-24T17:58:55Z,2023-03-24T17:59:00Z,0.33096206934976236,2.9559103104069435,2.624948241057181,0
2023-03-24T17:58:55Z,2023-03-24T17:59:00Z,0.3236980081709966,2.9841663312577387,2.660468323086742,0
2023-03-24T17:58:55Z,2023-03-24T17:59:00Z,0.32566404174468744,3.029020918258822,2.7033568765141345,0
2023-03-24T17:58:55Z,2023-03-24T17:59:00Z,0.2847929319729272,3.0336598650281195,2.7488669330551923,0
2023-03-24T17:58:55Z,2023-03-24T17:59:00Z,0.3248700730409442,3.12087643958265,2.7960063665417056,0
2023-03-24T17:58:55Z,2023-03-24T17:59:00Z,0.3292629849165212,3.1707359753410835,2.8414729904245624,0
2023-03-24T17:58:55Z,2023-03-24T17:59:00Z,0.2620908933743036,3.1577159701937005,2.895625076819397,0
2023-03-24T17:58:55Z,2023-03-24T17:59:00Z,0.22805086384115292,3.1764684665920644,2.9484176027509115,0
2023-03-24T17:58:55Z,2023-03-24T17:59:00Z,0.19918168338140063,3.191451751909607,2.992270068528206,0
2023-03-24T17:58:55Z,2023-03-24T17:59:00Z,0.17847567256517793,3.20826076288616,3.029785090320982,0
2023-03-24T17:58:55Z,2023-03-24T17:59:00Z,0.13631198269249944,3.2049060862126564,3.068594103520157,0
2023-03-24T17:58:55Z,2023-03-24T17:59:00Z,0.1083606969221429,3.2111873760678313,3.1028266791456884,0
2023-03-24T17:58:55Z,2023-03-24T17:59:00Z,0.07321830486449432,3.200944561590754,3.12772625672626,0
2023-03-24T17:58:55Z,2023-03-24T17:59:00Z,0.012105431918681742,3.1383229292885875,3.150428361207269,0
2023-03-24T17:58:55Z,2023-03-24T17:59:00Z,0.04655495507868235,3.1210657704617804,3.1676207255404627,0
2023-03-24T17:58:55Z,2023-03-24T17:59:00Z,0.04094537385242569,3.137141658114084,3.1780870319665095,0
2023-03-24T17:58:55Z,2023-03-24T17:59:00Z,0.056495740260480876,3.1216102247939417,3.1781059650544226,0
2023-03-24T17:58:55Z,2023-03-24T17:59:00Z,0.06958351881274094,3.1051630145189812,3.174746533331722,0
2023-03-24T17:58:55Z,2023-03-24T17:59:00Z,0.06871971614203876,3.1024162426497077,3.1711359587917465,0
2023-03-24T17:58:55Z,2023-03-24T17:59:00Z,0.06351066053797005,3.100494753046468,3.164005413584438,0
2023-03-24T17:58:55Z,2023-03-24T17:59:00Z,0.05544553091614857,3.0996563317423003,3.155101862658449,0
2023-03-24T17:58:55Z,2023-03-24T17:59:00Z,0.04701826078349702,3.097307000890982,3.1443252616744792,0
2023-03-24T17:58:55Z,2023-03-24T17:59:00Z,0.052384445709329874,3.0814158405181136,3.1338002862274434,0
2023-03-24T17:58:55Z,2023-03-24T17:59:00Z,0.050906484937214724,3.0715057637725436,3.1224122487097583,0
2023-03-24T17:58:55Z,2023-03-24T17:59:00Z,0.03276142909423596,3.0776979475082586,3.1104593766024946,0
2023-03-24T17:58:55Z,2023-03-24T17:59:00Z,0.031130996057919358,3.0726466639929706,3.10377766005089,0
2023-03-24T17:58:55Z,2023-03-24T17:59:00Z,0.030260477812910302,3.0691803999426277,3.099440877755538,0
2023-03-24T17:58:55Z,2023-03-24T17:59:00Z,0.01999881210676646,3.0729925662366604,3.092991378343427,0
2023-03-24T17:58:55Z,2023-03-24T17:59:00Z,0.02281048831346766,3.0649379075448278,3.0877483958582954,0
2023-03-24T17:58:55Z,2023-03-24T17:59:00Z,0.028370878971148095,3.0561604720589153,3.0845313510300634,0
2023-03-24T17:58:55Z,2023-03-24T17:59:00Z,0.02836028551938563,3.0524232320001894,3.080783517519575,0
2023-03-24T17:58:55Z,2023-03-24T17:59:00Z,0.01724340216650244,3.0591066872543173,3.0763500894208198,0
2023-03-24T17:58:55Z,2023-03-24T17:59:00Z,0.017363500567552315,3.054263278879057,3.0716267794466092,0
2023-03-24T17:58:55Z,2023-03-24T17:59:00Z,0.00632295206411726,3.0614837960188255,3.0678067480829427,0
2023-03-24T17:58:55Z,2023-03-24T17:59:00Z,0.0036486721699318103,3.0687401640889687,3.065091491919037,0
2023-03-24T17:58:55Z,2023-03-24T17:59:00Z,0.01022322245715035,3.074312517600815,3.0640892951436647,0
2023-03-24T17:58:55Z,2023-03-24T17:59:00Z,0.015452660165083287,3.0786461769668194,3.063193516801736,0
2023-03-24T17:58:55Z,2023-03-24T17:59:00Z,0.0017068537384794524,3.061653248424041,3.0633601021625205,0
2023-03-24T17:58:55Z,2023-03-24T17:59:00Z,0.00718344082444311,3.0714901206893828,3.0643066798649397,0
2023-03-24T17:58:55Z,2023-03-24T17:59:00Z,0.026307648360382352,3.08948039644406,3.0631727480836775,0
2023-03-24T17:58:55Z,2023-03-24T17:59:00Z,0.027597529853314207,3.0914254992514474,3.063827969398133,0
2023-03-24T17:58:55Z,2023-03-24T17:59:00Z,0.0317267659262912,3.098886727762939,3.067159961836648,0
2023-03-24T17:58:55Z,2023-03-24T17:59:00Z,0.10457664027767821,3.175636828839451,3.071060188561773,0
2023-03-24T17:58:55Z,2023-03-24T17:59:00Z,0.10506675458922743,3.1801049472018628,3.0750381926126353,0
2023-03-24T17:58:55Z,2023-03-24T17:59:00Z,0.09738977449998298,3.1845653221086576,3.0871755476086746,0
2023-03-24T17:58:55Z,2023-03-24T17:59:00Z,0.08761588358281358,3.1866535463097927,3.099037662726979,0
2023-03-24T17:58:55Z,2023-03-24T17:59:00Z,0.08177756075320675,3.1923977392821543,3.1106201785289476,0
2023-03-24T17:58:55Z,2023-03-24T17:59:00Z,0.060941654376979404,3.182795935776825,3.1218542813998456,0
2023-03-24T17:58:55Z,2023-03-24T17:59:00Z,0.05694887339517818,3.190178311026557,3.1332294376313787,0
2023-03-24T17:58:55Z,2023-03-24T17:59:00Z,0.10629838568396277,3.25164209205062,3.145343706366657,0
2023-03-24T17:58:55Z,2023-03-24T17:59:00Z,0.10933620136858435,3.2665487267689586,3.1572125254003742,0
2023-03-24T17:58:55Z,2023-03-24T17:59:00Z,0.09630828548461157,3.2697369804456424,3.173428694961031,0
2023-03-24T17:58:55Z,2023-03-24T17:59:00Z,0.08769922065164826,3.27864023836443,3.190941017712782,0
2023-03-24T17:58:55Z,2023-03-24T17:59:00Z,0.07588703866408286,3.283913081645135,3.2080260429810523,0
2023-03-24T17:58:55Z,2023-03-24T17:59:00Z,0.07859372519644792,3.296920109129998,3.21832638393355,0
2023-03-24T17:58:55Z,2023-03-24T17:59:00Z,0.062029451095995114,3.290736648473873,3.228707197377878,0
2023-03-24T17:58:55Z,2023-03-24T17:59:00Z,0.053701257718702156,3.2936439337987133,3.239942676080011,0
2023-03-24T17:58:55Z,2023-03-24T17:59:00Z,0.04385073819358354,3.294201724490003,3.2503509862964193,0
2023-03-24T17:58:55Z,2023-03-24T17:59:00Z,0.047716160541796615,3.3081917662898723,3.2604756057480757,0
2023-03-24T17:58:55Z,2023-03-24T17:59:00Z,0.04361670179789323,3.3152328864172858,3.2716161846193925,0
2023-03-24T17:58:55Z,2023-03-24T17:59:00Z,0.02350415554809704,3.3069216856938213,3.2834175301457242,0
2023-03-24T17:58:55Z,2023-03-24T17:59:00Z,0.035907952410463295,3.3256845619928543,3.289776609582391,0
2023-03-24T17:58:55Z,2023-03-24T17:59:00Z,0.018252275774276683,3.312066181249154,3.2938139054748774,0
2023-03-24T17:58:55Z,2023-03-24T17:59:00Z,0.00443026677618219,3.3038389304057802,3.299408663629598,0
2023-03-24T17:58:55Z,2023-03-24T17:59:00Z,0.017632885031956924,3.3203841429500276,3.3027512579180707,0
2023-03-24T17:58:55Z,2023-03-24T17:59:00Z,0.02096119154353593,3.325705034337671,3.304743842794135,0
2023-03-24T17:58:55Z,2023-03-24T17:59:00Z,0.025412043018965047,3.3325022891951037,3.3070902461761387,0
2023-03-24T17:58:55Z,2023-03-24T17:59:00Z,0.022002672477922758,3.332589757240441,3.3105870847625183,0
2023-03-24T17:58:55Z,2023-03-24T17:59:00Z,0.01506190783239214,3.329534828134549,3.314472920302157,0
2023-03-24T17:58:55Z,2023-03-24T17:59:00Z,0.004946377745698172,3.323258101322899,3.318311723577201,0
2023-03-24T17:58:55Z,2023-03-24T17:59:00Z,0.01741731901139909,3.30302871075027,3.320446029761669,0
2023-03-24T17:58:55Z,2023-03-24T17:59:00Z,0.03249937862980712,3.2887491726224227,3.32124855125223,0
2023-03-24T17:58:55Z,2023-03-24T17:59:00Z,0.04618457881402538,3.27467467494385,3.320859253757875,0
2023-03-24T17:58:55Z,2023-03-24T17:59:00Z,0.04877556999007515,3.268390144830757,3.317165714820832,0
2023-03-24T17:58:55Z,2023-03-24T17:59:00Z,0.0719961064942245,3.241430457696077,3.3134265641903013,0
2023-03-24T17:58:55Z,2023-03-24T17:59:00Z,0.07874402619316978,3.2311376594396295,3.3098816856327993,0
2023-03-24T17:58:55Z,2023-03-24T17:59:00Z,0.07616123931113661,3.2258250777962676,3.301986317107404,0
2023-03-24T17:58:55Z,2023-03-24T17:59:00Z,0.07560966863222651,3.2169199109853737,3.2925295796176,0
2023-03-24T17:58:55Z,2023-03-24T17:59:00Z,0.08456526466985403,3.197296593807862,3.281861858477716,0
2023-03-24T17:58:55Z,2023-03-24T17:59:00Z,0.08244587104911183,3.1878490028030977,3.2702948738522095,0
2023-03-24T17:58:55Z,2023-03-24T17:59:00Z,0.07900904559750321,3.178062004822038,3.2570710504195413,0
2023-03-24T17:58:55Z,2023-03-24T17:59:00Z,0.0770547458808366,3.1664753946867243,3.243530140567561,0
2023-03-24T17:58:55Z,2023-03-24T17:59:00Z,0.06751388181147222,3.163519588163265,3.2310334699747374,0
2023-03-24T17:58:55Z,2023-03-24T17:59:00Z,0.06861896203005102,3.1501871301511164,3.2188060921811674,0
2023-03-24T17:58:55Z,2023-03-24T17:59:00Z,0.08250288894778635,3.125187694555323,3.2076905835031093,0
2023-03-24T17:58:55Z,2023-03-24T17:59:00Z,0.09240964711748045,3.1034606349176648,3.1958702820351452,0
2023-03-24T17:58:55Z,2023-03-24T17:59:00Z,0.10425111955779798,3.0799948861632718,3.1842460057210697,0
2023-03-24T17:58:55Z,2023-03-24T17:59:00Z,0.11373970166062541,3.0577386016082477,3.171478303268873,0
2023-03-24T17:58:55Z,2023-03-24T17:59:00Z,0.12276135280155875,3.0341339313040145,3.1568952841055733,0
2023-03-24T17:58:55Z,2023-03-24T17:59:00Z,0.13036755491280072,3.0106095982550602,3.140977153167861,0
2023-03-24T17:58:55Z,2023-03-24T17:59:00Z,0.13370813071405774,2.9909527562034186,3.1246608869174763,0
2023-03-24T17:58:55Z,2023-03-24T17:59:00Z,0.1341516462831125,2.9727853001795608,3.1069369464626733,0
2023-03-24T17:58:55Z,2023-03-24T17:59:00Z,0.12576372416203263,2.962462297438778,3.0882260216008106,0
2023-03-24T17:58:55Z,2023-03-24T17:59:00Z,0.11416504520056003,2.9546919669495346,3.0688570121500947,0
2023-03-24T17:58:55Z,2023-03-24T17:59:00Z,0.100912127622522,2.947839155455123,3.048751283077645,0
2023-03-24T17:58:55Z,2023-03-24T17:59:00Z,0.09525356604352764,2.9339482007139597,3.0292017667574873,0
2023-03-24T17:58:55Z,2023-03-24T17:59:00Z,0.09691729666193805,2.9145496161855298,3.011466912847468,0
2023-03-24T17:58:55Z,2023-03-24T17:59:00Z,0.0915163930892513,2.902999276337846,2.994515669427097,0
2023-03-24T17:58:55Z,2023-03-24T17:59:00Z,0.08524963395704033,2.8927215084722824,2.9779711424293227,0
2023-03-24T17:58:55Z,2023-03-24T17:59:00Z,0.06207427716205505,2.900422932740227,2.962497209902282,0
2023-03-24T17:58:55Z,2023-03-24T17:59:00Z,0.037542252912448504,2.91081371470666,2.9483559676191087,0
2023-03-24T17:58:55Z,2023-03-24T17:59:00Z,0.022068148467770943,2.915269152599855,2.937337301067626,0
2023-03-24T17:58:55Z,2023-03-24T17:59:00Z,0.0018489598900499615,2.9274744370279002,2.92932339691795,0
2023-03-24T17:58:55Z,2023-03-24T17:59:00Z,0.019710845402407084,2.9432826275623865,2.9235717821599794,0
2023-03-24T17:58:55Z,2023-03-24T17:59:00Z,0.03703405722930775,2.9571070533481993,2.9200729961188916,0
2023-03-24T17:58:55Z,2023-03-24T17:59:00Z,0.040999336867059366,2.9599313990472362,2.918932062180177,0
2023-03-24T17:58:55Z,2023-03-24T17:59:00Z,0.04779074002272976,2.967649591992214,2.9198588519694844,0
2023-03-24T17:58:55Z,2023-03-24T17:59:00Z,0.059656666073755193,2.9821138378765673,2.922457171802812,0
2023-03-24T17:58:55Z,2023-03-24T17:59:00Z,0.07159487969413414,2.9993620490776145,2.9277671693834804,0
2023-03-24T17:58:55Z,2023-03-24T17:59:00Z,0.08745385844243048,3.0231324839797833,2.935678625537353,0
2023-03-24T17:58:55Z,2023-03-24T17:59:00Z,0.09178097332015556,3.0381236529180415,2.946342679597886,0
2023-03-24T17:58:55Z,2023-03-24T17:59:00Z,0.10413266782556985,3.0627463025474113,2.9586136347218415,0
2023-03-24T17:58:55Z,2023-03-24T17:59:00Z,0.10940727441307407,3.0807519029560537,2.9713446285429796,0
2023-03-24T17:58:55Z,2023-03-24T17:59:00Z,0.12278503793535256,3.108877381473088,2.9860923435377353,0
2023-03-24T17:58:55Z,2023-03-24T17:59:00Z,0.13365768458527905,3.1350777747158296,3.0014200901305506,0
2023-03-24T17:58:55Z,2023-03-24T17:59:00Z,0.13415639932266465,3.1521359648442853,3.0179795655216206,0
2023-03-24T17:58:55Z,2023-03-24T17:59:00Z,0.13798815266872477,3.173764790327109,3.035776637658384,0
2023-03-24T17:58:55Z,2023-03-24T17:59:00Z,0.14132791158198232,3.196325005820071,3.0549970942380886,1
2023-03-24T17:58:55Z,2023-03-24T17:59:00Z,0.13495908886090824,3.2105677029324866,3.0756086140715784,1
2023-03-24T17:58:55Z,2023-03-24T17:59:00Z,0.13793518171240704,3.2349649125783357,3.0970297308659287,1
2023-03-24T17:58:55Z,2023-03-24T17:59:00Z,0.14457562429966808,3.262725920551084,3.118150296251416,1
2023-03-24T17:58:55Z,2023-03-24T17:59:00Z,0.1367087283276911,3.276042267438962,3.139333539111271,1
2023-03-24T17:58:55Z,2023-03-24T17:59:00Z,0.11636793958621894,3.278161705460794,3.161793765874575,1
2023-03-24T17:58:55Z,2023-03-24T17:59:00Z,0.08277970398424284,3.265903066347973,3.1831233623637303,1
2023-03-24T17:58:55Z,2023-03-24T17:59:00Z,0.03586336335802365,3.238727705972228,3.2028643426142045,1
2023-03-24T17:58:55Z,2023-03-24T17:59:00Z,0.016765575988256565,3.2018013351134362,3.218566911101693,1
2023-03-24T17:58:55Z,2023-03-24T17:59:00Z,0.06377818769262289,3.1651537165347103,3.2289319042273332,1
2023-03-24T17:58:55Z,2023-03-24T17:59:00Z,0.10458615149502526,3.129312289759223,3.233898441254248,1
2023-03-24T17:58:55Z,2023-03-24T17:59:00Z,0.1383035933799559,3.0947337404950526,3.2330373338750085,1
2023-03-24T17:58:55Z,2023-03-24T17:59:00Z,0.1826702900448116,3.0436657722241116,3.226336062268923,1
2023-03-24T17:58:55Z,2023-03-24T17:59:00Z,0.22253679530932313,2.9922158707158566,3.2147526660251797,1
2023-03-24T17:58:55Z,2023-03-24T17:59:00Z,0.2503995566724426,2.945223195317315,3.1956227519897578,1
2023-03-24T17:58:55Z,2023-03-24T17:59:00Z,0.2604659443960511,2.908105802610184,3.168571747006235,1
2023-03-24T17:58:55Z,2023-03-24T17:59:00Z,0.2743264680950568,2.8611633716990132,3.13548983979407,1
2023-03-24T17:58:55Z,2023-03-24T17:59:00Z,0.2738697503895211,2.824614499119488,3.098484249509009,1
2023-03-24T17:58:55Z,2023-03-24T17:59:00Z,0.23990985998256775,2.8181004200615454,3.058010280044113,1
2023-03-24T17:58:55Z,2023-03-24T17:59:00Z,0.22613274205744327,2.7904662173013954,3.0165989593588387,1
2023-03-24T17:58:55Z,2023-03-24T17:59:00Z,0.22098724580394968,2.7572416220497002,2.97822886785365,1
2023-03-24T17:58:55Z,2023-03-24T17:59:00Z,0.21866041056471408,2.7220997073656044,2.9407601179303184,1
2023-03-24T17:58:55Z,2023-03-24T17:59:00Z,0.21083590710542266,2.6927171440539435,2.903553051159366,1
2023-03-24T17:58:55Z,2023-03-24T17:59:00Z,0.19614902885403085,2.6701406189923906,2.8662896478464215,1
2023-03-24T17:58:55Z,2023-03-24T17:59:00Z,0.19790029449232005,2.6332944905370845,2.8311947850294046,1
2023-03-24T17:58:55Z,2023-03-24T17:59:00Z,0.20027782393310023,2.5987094359239578,2.798987259857058,1
2023-03-24T17:58:55Z,2023-03-24T17:59:00Z,0.19740729498647003,2.570387094392565,2.767794389379035,1
2023-03-24T17:58:55Z,2023-03-24T17:59:00Z,0.18976056610243175,2.5470941866079806,2.7368547527104123,1
2023-03-24T17:58:55Z,2023-03-24T17:59:00Z,0.16652499140250043,2.5412521335772675,2.707777124979768,1
2023-03-24T17:58:55Z,2023-03-24T17:59:00Z,0.13462653175681583,2.545398561971801,2.680025093728617,1
2023-03-24T17:58:55Z,2023-03-24T17:59:00Z,0.07899063500773673,2.5733496300724523,2.652340265080189,1
2023-03-24T17:58:55Z,2023-03-24T17:59:00Z,0.03560852797202152,2.5922249715752077,2.6278334995472292,1
2023-03-24T17:58:55Z,2023-03-24T17:59:00Z,0.000627121425144761,2.6100714217746495,2.6094443003495047,1
2023-03-24T17:58:55Z,2023-03-24T17:59:00Z,0.002266869083714429,2.5987236958541793,2.596456826770465,1
2023-03-24T17:58:55Z,2023-03-24T17:59:00Z,0.00017887172988606537,2.5883711262724214,2.5881922545425353,1
2023-03-24T17:58:55Z,2023-03-24T17:59:00Z,0.011230766226919542,2.5922813284556336,2.581050562228714,1
2023-03-24T17:58:55Z,2023-03-24T17:59:00Z,0.012217380663388067,2.588775606465636,2.576558225802248,1
2023-03-24T17:58:55Z,2023-03-24T17:59:00Z,0.0005276823864299729,2.576443097441846,2.575915415055416,1
2023-03-24T17:58:55Z,2023-03-24T17:59:00Z,0.0027304238540351022,2.575023842408688,2.577754266262723,1
2023-03-24T17:58:55Z,2023-03-24T17:59:00Z,0.008072087374920933,2.572617069971188,2.580689157346109,1
2023-03-24T17:58:55Z,2023-03-24T17:59:00Z,0.01918689756174352,2.564879430667508,2.5840663282292513,1
2023-03-24T17:58:55Z,2023-03-24T17:59:00Z,0.028131615431312706,2.5586565635978773,2.58678817902919,1
2023-03-24T17:58:55Z,2023-03-24T17:59:00Z,0.03165105474472352,2.5542901043439716,2.585941159088695,1
2023-03-24T17:58:55Z,2023-03-24T17:59:00Z,0.02978463996316405,2.5527996783277986,2.5825843182909627,1
2023-03-24T17:58:55Z,2023-03-24T17:59:00Z,0.021088565353198696,2.5559176211946966,2.5770061865478953,1
2023-03-24T17:58:55Z,2023-03-24T17:59:00Z,0.02224569143483235,2.550168093360424,2.5724137847952564,1
2023-03-24T17:58:55Z,2023-03-24T17:59:00Z,0.021560561807874024,2.5476078724796105,2.5691684342874845,1
2023-03-24T17:58:55Z,2023-03-24T17:59:00Z,0.015470259294477984,2.5494868514834854,2.5649571107779634,1
2023-03-24T17:58:55Z,2023-03-24T17:59:00Z,0.005158461398611536,2.555681875980749,2.5608403373793607,1
2023-03-24T17:58:55Z,2023-03-24T17:59:00Z,0.007856257302938818,2.550288455480586,2.5581447127835246,1
2023-03-24T17:58:55Z,2023-03-24T17:59:00Z,0.0039143013818074834,2.552296214758923,2.5562105161407307,1
2023-03-24T17:58:55Z,2023-03-24T17:59:00Z,0.007223282603334713,2.546754372088336,2.553977654691671,1
2023-03-24T17:58:55Z,2023-03-24T17:59:00Z,0.0018605064595904608,2.5508588266412215,2.552719333100812,1
2023-03-24T17:58:55Z,2023-03-24T17:59:00Z,0.0020220228709675325,2.549507091078891,2.5515291139498584,1
2023-03-24T17:58:55Z,2023-03-24T17:59:00Z,0.024782174278411784,2.5264038119011714,2.551185986179583,1
2023-03-24T17:58:55Z,2023-03-24T17:59:00Z,0.02686715170481735,2.523989575749875,2.5508567274546925,1
2023-03-24T17:58:55Z,2023-03-24T17:59:00Z,0.020969710860207158,2.5269356356651325,2.5479053465253396,1
2023-03-24T17:58:55Z,2023-03-24T17:59:00Z,0.012080666986517663,2.5332068277777675,2.545287494764285,1
2023-03-24T17:58:55Z,2023-03-24T17:59:00Z,0.006966493820470543,2.550186764903308,2.5432202710828373,1
2023-03-24T17:58:55Z,2023-03-24T17:59:00Z,0.005552237717583619,2.547144506429849,2.5415922687122654,1
2023-03-24T17:58:55Z,2023-03-24T17:59:00Z,0.008926678642818153,2.5499694362473395,2.5410427576045214,1
2023-03-24T17:58:55Z,2023-03-24T17:59:00Z,0.0003342489594282405,2.5410626116588757,2.5407283626994475,1
2023-03-24T17:58:55Z,2023-03-24T17:59:00Z,0.003403545607979286,2.53709213924031,2.540495684848289,1
2023-03-24T17:58:55Z,2023-03-24T17:59:00Z,0.011307285024868552,2.528619223780475,2.5399265088053435,1
2023-03-24T17:58:55Z,2023-03-24T17:59:00Z,0.03564390703694542,2.5029059330283068,2.538549840065252,1
2023-03-24T17:58:55Z,2023-03-24T17:59:00Z,0.06518721400657812,2.4712738393288323,2.5364610533354104,1
2023-03-24T17:58:55Z,2023-03-24T17:59:00Z,0.08074050950445244,2.4533707559436713,2.5341112654481237,1
2023-03-24T17:58:55Z,2023-03-24T17:59:00Z,0.07065343414191139,2.458186257664108,2.528839691806019,1
2023-03-24T17:58:55Z,2023-03-24T17:59:00Z,0.052239070652769115,2.469244133181104,2.5214832038338733,1
2023-03-24T17:58:55Z,2023-03-24T17:59:00Z,0.03742641268533875,2.4765547341371685,2.5139811468225073,1
2023-03-24T17:58:55Z,2023-03-24T17:59:00Z,0.031866396358593896,2.4740204872916927,2.5058868836502866,1
2023-03-24T17:58:55Z,2023-03-24T17:59:00Z,0.025034140375079783,2.4737937660459393,2.498827906421019,1
2023-03-24T17:58:55Z,2023-03-24T17:59:00Z,0.011480522706941443,2.479752488818513,2.4912330115254546,1
2023-03-24T17:58:55Z,2023-03-24T17:59:00Z,0.004917767623934921,2.4795883593402257,2.4845061269641606,1
2023-03-24T17:58:55Z,2023-03-24T17:59:00Z,0.012039172491570937,2.4908113344135523,2.4787721619219814,1
2023-03-24T17:58:55Z,2023-03-24T17:59:00Z,0.018173332480539983,2.492042407958496,2.473869075477956,1
2023-03-24T17:58:55Z,2023-03-24T17:59:00Z,0.02214023237339946,2.4947998479898805,2.472659615616481,1
2023-03-24T17:58:55Z,2023-03-24T17:59:00Z,0.020961519211409207,2.4956979916908564,2.474736472479447,1
2023-03-24T17:58:55Z,2023-03-24T17:59:00Z,0.0171780269208881,2.4960574086049565,2.4788793816840684,1
2023-03-24T17:58:55Z,2023-03-24T17:59:00Z,0.0135581984700619,2.4961887535568046,2.4826305550867427,1
2023-03-24T17:58:55Z,2023-03-24T17:59:00Z,0.01624280472402706,2.501554687353156,2.4853118826291287,1
2023-03-24T17:58:55Z,2023-03-24T17:59:00Z,0.020113254650093282,2.5073885392211848,2.4872752845710915,1
2023-03-24T17:58:55Z,2023-03-24T17:59:00Z,0.01847111793823597,2.5084998225154744,2.4900287045772385,1
2023-03-24T17:58:55Z,2023-03-24T17:59:00Z,0.011439892049180056,2.504828073943943,2.4933881818947627,1
2023-03-24T17:58:55Z,2023-03-24T17:59:00Z,0.009628681261508287,2.505891596525967,2.4962629152644586,1
2023-03-24T17:58:55Z,2023-03-24T17:59:00Z,0.025115492742409096,2.5239023794672395,2.4987868867248304,1
2023-03-24T17:58:55Z,2023-03-24T17:59:00Z,0.020219290146082702,2.520514203082155,2.5002949129360723,1
2023-03-24T17:58:55Z,2023-03-24T17:59:00Z,0.023812700152234356,2.5272936102391803,2.503480910086946,1
2023-03-24T17:58:55Z,2023-03-24T17:59:00Z,0.02160068167290019,2.5276530272690736,2.5060523455961734,1
2023-03-24T17:58:55Z,2023-03-24T17:59:00Z,0.01426206267819774,2.5234739701292037,2.509211907451006,1
2023-03-24T17:58:55Z,2023-03-24T17:59:00Z,0.007514875229966744,2.5198863445473845,2.5123714693174177,1
2023-03-24T17:58:55Z,2023-03-24T17:59:00Z,0.0005129637355745231,2.515612954710232,2.5150999909746576,1
2023-03-24T17:58:55Z,2023-03-24T17:59:00Z,0.0018392573067451679,2.515093899387335,2.5169331566940802,1
2023-03-24T17:58:55Z,2023-03-24T17:59:00Z,0.006330684679058951,2.511424913563926,2.517755598242985,1
2023-03-24T17:58:55Z,2023-03-24T17:59:00Z,0.010072739747446047,2.5083422661827255,2.5184150059301715,1
2023-03-24T17:58:55Z,2023-03-24T17:59:00Z,0.013379121043582298,2.505695568848587,2.5190746898921694,1
2023-03-24T17:58:55Z,2023-03-24T17:59:00Z,0.011862508746244504,2.507457248111601,2.5193197568578456,1
2023-03-24T17:58:55Z,2023-03-24T17:59:00Z,0.003481076193121435,2.514017999602859,2.5174990757959805,1
2023-03-24T17:58:55Z,2023-03-24T17:59:00Z,0.004186603710602643,2.512006776588322,2.5161933802989247,1
2023-03-24T17:58:55Z,2023-03-24T17:59:00Z,0.0005016117795033637,2.5143642074557895,2.514865819235293,1
2023-03-24T17:58:55Z,2023-03-24T17:59:00Z,0.002461954783557374,2.515763148950775,2.5133011941672176,1
2023-03-24T17:58:55Z,2023-03-24T17:59:00Z,0.0013608002683347387,2.5110294176315415,2.5123902178998763,1
2023-03-24T17:58:55Z,2023-03-24T17:59:00Z,0.006236759164986783,2.5057411391752282,2.511977898340215,1
2023-03-24T17:58:55Z,2023-03-24T17:59:00Z,0.013949235116592629,2.4975703095157535,2.511519544632346,1
2023-03-24T17:58:55Z,2023-03-24T17:59:00Z,0.013726054691435063,2.4968582139197,2.5105842686111353,1
2023-03-24T17:58:55Z,2023-03-24T17:59:00Z,0.015438301537825883,2.4937605066684925,2.5091988082063184,1
2023-03-24T17:58:55Z,2023-03-24T17:59:00Z,0.017223933478015763,2.490826469502,2.508050402980016,1
2023-03-24T17:58:55Z,2023-03-24T17:59:00Z,0.026324006682505452,2.4805328900795014,2.506856896762007,1
2023-03-24T17:58:55Z,2023-03-24T17:59:00Z,0.030743493038985825,2.4744503258620605,2.5051938189010463,1
2023-03-24T17:58:55Z,2023-03-24T17:59:00Z,0.02931569856028693,2.4725296093884235,2.5018453079487104,1
2023-03-24T17:58:55Z,2023-03-24T17:59:00Z,0.04236793298335151,2.455721729892733,2.4980896628760845,1
2023-03-24T17:58:55Z,2023-03-24T17:59:00Z,0.04655936498698976,2.447346838082358,2.493906203069348,1
2023-03-24T17:58:55Z,2023-03-24T17:59:00Z,0.04534788507906695,2.4425541760844767,2.4879020611635436,1
2023-03-24T17:58:55Z,2023-03-24T17:59:00Z,0.04176651530840836,2.439767287900217,2.481533803208625,1
2023-03-24T17:58:55Z,2023-03-24T17:59:00Z,0.042183064298452866,2.433032042601097,2.47521510689955,1
2023-03-24T17:58:55Z,2023-03-24T17:59:00Z,0.04336188438010691,2.42607292035789,2.469434804737997,1
2023-03-24T17:58:55Z,2023-03-24T17:59:00Z,0.05247725300535988,2.4105749346007763,2.463052187606136,1
2023-03-24T17:58:55Z,2023-03-24T17:59:00Z,0.05192942444857529,2.4043540045265006,2.456283428975076,1
2023-03-24T17:58:55Z,2023-03-24T17:59:00Z,0.050085876639790694,2.398172398845163,2.4482582754849536,1
2023-03-24T17:58:55Z,2023-03-24T17:59:00Z,0.04828978035115972,2.3923506065784936,2.4406403869296533,1
2023-03-24T17:58:55Z,2023-03-24T17:59:00Z,0.05261346911863285,2.3803991251093306,2.4330125942279635,1
2023-03-24T17:58:55Z,2023-03-24T17:59:00Z,0.06827184298891753,2.356722850958053,2.4249946939469704,1
2023-03-24T17:58:55Z,2023-03-24T17:59:00Z,0.06916289213407056,2.3482995413345598,2.4174624334686303,1
2023-03-24T17:58:55Z,2023-03-24T17:59:00Z,0.07677998320003443,2.3316200515561656,2.4084000347562,1
2023-03-24T17:58:55Z,2023-03-24T17:59:00Z,0.07825718992734121,2.320717381353867,2.398974571281208,1
2023-03-24T17:58:55Z,2023-03-24T17:59:00Z,0.08006577055440767,2.3080940770923952,2.388159847646803,1
2023-03-24T17:58:55Z,2023-03-24T17:59:00Z,0.0792334166805837,2.297694964841496,2.3769283815220796,1
2023-03-24T17:58:55Z,2023-03-24T17:59:00Z,0.0708107639365747,2.2943197332589556,2.3651304971955303,1
2023-03-24T17:58:55Z,2023-03-24T17:59:00Z,0.0729072532846744,2.280935246934928,2.3538425002196024,1
2023-03-24T17:58:55Z,2023-03-24T17:59:00Z,0.07571588025071074,2.267123192842137,2.342839073092848,1
2023-03-24T17:58:55Z,2023-03-24T17:59:00Z,0.09397861827739717,2.237136739624427,2.3311153579018242,1
2023-03-24T17:58:55Z,2023-03-24T17:59:00Z,0.088390588237925,2.2302020282902637,2.3185926165281887,1
2023-03-24T17:58:55Z,2023-03-24T17:59:00Z,0.07956249782032199,2.224703880159377,2.304266377979699,1
2023-03-24T17:58:55Z,2023-03-24T17:59:00Z,0.07655908046812554,2.215055215244794,2.2916142957129195,1
2023-03-24T17:58:55Z,2023-03-24T17:59:00Z,0.07470071288326041,2.204554016712141,2.2792547295954013,1
2023-03-24T17:58:55Z,2023-03-24T17:59:00Z,0.08265897645527209,2.184939269508992,2.267598245964264,1
2023-03-24T17:58:55Z,2023-03-24T17:59:00Z,0.08796068636024179,2.1680212231398497,2.2559819095000915,1
2023-03-24T17:58:55Z,2023-03-24T17:59:00Z,0.08116572765050512,2.1625007010912456,2.2436664287417507,1
2023-03-24T17:58:55Z,2023-03-24T17:59:00Z,0.061829303541330205,2.168869751030256,2.2306990545715863,1
2023-03-24T17:58:55Z,2023-03-24T17:59:00Z,0.05438544930913558,2.1631317020456797,2.2175171513548153,1
2023-03-24T17:58:55Z,2023-03-24T17:59:00Z,0.05462932165605139,2.151681280108297,2.2063106017643483,1
2023-03-24T17:58:55Z,2023-03-24T17:59:00Z,0.04507737047609961,2.1508340822086027,2.1959114526847023,1
2023-03-24T17:58:55Z,2023-03-24T17:59:00Z,0.04349125176677804,2.1438746549663112,2.1873659067330893,1
2023-03-24T17:58:55Z,2023-03-24T17:59:00Z,0.04191572499963936,2.137513387125284,2.1794291121249234,1
2023-03-24T17:58:55Z,2023-03-24T17:59:00Z,0.046826023542597905,2.1245201660630193,2.171346189605617,1
2023-03-24T17:58:55Z,2023-03-24T17:59:00Z,0.028958254033363495,2.1346337527603025,2.163592006793666,1
2023-03-24T17:58:55Z,2023-03-24T17:59:00Z,0.026413977460241878,2.1291746442685118,2.1555886217287537,1
2023-03-24T17:58:55Z,2023-03-24T17:59:00Z,0.03110331698278035,2.1194547530711043,2.1505580700538847,1
2023-03-24T17:58:55Z,2023-03-24T17:59:00Z,0.03787491064258086,2.1087985015241704,2.1466734121667512,1
2023-03-24T17:58:55Z,2023-03-24T17:59:00Z,0.0398943172385926,2.1024745001261445,2.142368817364737,1
2023-03-24T17:58:55Z,2023-03-24T17:59:00Z,0.04185991937622857,2.0945017730378996,2.136361692414128,1
2023-03-24T17:58:55Z,2023-03-24T17:59:00Z,0.0451450106519391,2.085150961570236,2.130295972222175,1
2023-03-24T17:58:55Z,2023-03-24T17:59:00Z,0.05390372699210655,2.070674294523029,2.1245780215151355,1
2023-03-24T17:58:55Z,2023-03-24T17:59:00Z,0.05688251813099221,2.0611271913203066,2.118009709451299,1
2023-03-24T17:58:55Z,2023-03-24T17:59:00Z,0.0562383407593412,2.054451332647629,2.11068967340697,1
2023-03-24T17:58:55Z,2023-03-24T17:59:00Z,0.05444498584735724,2.048606067979115,2.1030510538264724,1
2023-03-24T17:58:55Z,2023-03-24T17:59:00Z,0.057517272405033015,2.0385268980799,2.096044170484933,1
2023-03-24T17:58:55Z,2023-03-24T17:59:00Z,0.0535456673326693,2.0338957346741453,2.0874414020068146,1
2023-03-24T17:58:55Z,2023-03-24T17:59:00Z,0.052890927049388914,2.0254857003385647,2.0783766273879536,1
2023-03-24T17:58:55Z,2023-03-24T17:59:00Z,0.04984010020454743,2.01998062534371,2.0698207255482575,1
2023-03-24T17:58:55Z,2023-03-24T17:59:00Z,0.04813718876779438,2.0133522566619027,2.061489445429697,1
2023-03-24T17:58:55Z,2023-03-24T17:59:00Z,0.05099032546198057,2.0022497324894726,2.053240057951453,1
2023-03-24T17:58:55Z,2023-03-24T17:59:00Z,0.05476571919941775,1.990359387114436,2.045125106313854,1
2023-03-24T17:58:55Z,2023-03-24T17:59:00Z,0.07074547961927702,1.9660895037865005,2.0368349834057775,1
2023-03-24T17:58:55Z,2023-03-24T17:59:00Z,0.0851968723215919,1.9436066203433258,2.0288034926649177,1
2023-03-24T17:58:55Z,2023-03-24T17:59:00Z,0.09138425142649176,1.9279154724850458,2.0192997239115376,1
2023-03-24T17:58:55Z,2023-03-24T17:59:00Z,0.10315626752073626,1.9050589851603708,2.008215252681107,1
2023-03-24T17:58:55Z,2023-03-24T17:59:00Z,0.1475878697713766,1.8485583233603238,1.9961461931317004,1
2023-03-24T17:58:55Z,2023-03-24T17:59:00Z,0.19974887565018906,1.7830505261895586,1.9827994018397477,1
2023-03-24T17:58:55Z,2023-03-24T17:59:00Z,0.23646420155674064,1.7278014591516244,1.964265660708365,1
2023-03-24T17:58:55Z,2023-03-24T17:59:00Z,0.2520452990322952,1.6879768442611693,1.9400221432934646,1
2023-03-24T17:58:55Z,2023-03-24T17:59:00Z,0.2665991566322954,1.6442050700419608,1.9108042266742562,1
2023-03-24T17:58:55Z,2023-03-24T17:59:00Z,0.26165418695796827,1.6166124984762145,1.8782666854341827,1
2023-03-24T17:58:55Z,2023-03-24T17:59:00Z,0.22439120999603723,1.6180710091933943,1.8424622191894315,1
2023-03-24T17:58:55Z,2023-03-24T17:59:00Z,0.1826989108670798,1.6223886194585297,1.8050875303256095,1
2023-03-24T17:58:55Z,2023-03-24T17:59:00Z,0.13502811914073742,1.6352575617255611,1.7702856808662986,1
2023-03-24T17:58:55Z,2023-03-24T17:59:00Z,0.09019166579203519,1.6479722149857843,1.7381638807778195,1
2023-03-24T17:58:55Z,2023-03-24T17:59:00Z,0.04676921890715491,1.662128870794716,1.7088980897018708,1
2023-03-24T17:58:55Z,2023-03-24T17:59:00Z,0.0069541413286184905,1.6762352713557935,1.683189412684412,1
2023-03-24T17:58:55Z,2023-03-24T17:59:00Z,0.027373894057814985,1.6919203614856664,1.6645464674278514,0
2023-03-24T17:58:55Z,2023-03-24T17:59:00Z,0.06012548580398702,1.7139904277484619,1.6538649419444749,0
2023-03-24T17:58:55Z,2023-03-24T17:59:00Z,0.07452284060182945,1.7247996727797086,1.6502768321778791,0
2023-03-24T17:58:55Z,2023-03-24T17:59:00Z,0.09385755195144885,1.7467357424780572,1.6528781905266083,0
2023-03-24T17:58:55Z,2023-03-24T17:59:00Z,0.1117690875720132,1.7727067383723962,1.660937650800383,0
2023-03-24T17:58:55Z,2023-03-24T17:59:00Z,0.12234049133514713,1.7962904665357144,1.6739499752005673,0
2023-03-24T17:58:55Z,2023-03-24T17:59:00Z,0.12650650837602284,1.8159200564944904,1.6894135481184676,0
2023-03-24T17:58:55Z,2023-03-24T17:59:00Z,0.13327564805188907,1.8400793808780749,1.7068037328261858,0
2023-03-24T17:58:55Z,2023-03-24T17:59:00Z,0.1424118845824991,1.8672818668855777,1.7248699823030786,0
2023-03-24T17:58:55Z,2023-03-24T17:59:00Z,0.15637206905980583,1.9004527679521137,1.7440806988923079,0
2023-03-24T17:58:55Z,2023-03-24T17:59:00Z,0.15951486208305665,1.9241108605844508,1.7645959985013941,0
2023-03-24T17:58:55Z,2023-03-24T17:59:00Z,0.16215470135309706,1.9491724495141234,1.7870177481610263,0
2023-03-24T17:58:55Z,2023-03-24T17:59:00Z,0.16795406634307275,1.9781908644139774,1.8102367980709047,0
2023-03-24T17:58:55Z,2023-03-24T17:59:00Z,0.17824834839259585,2.0120033486400666,1.8337550002474707,0
2023-03-24T17:58:55Z,2023-03-24T17:59:00Z,0.1842624415312515,2.0433565609421493,1.8590941194108979,0
2023-03-24T17:58:55Z,2023-03-24T17:59:00Z,0.19007830840676987,2.0756991884338687,1.8856208800270988,0
2023-03-24T17:58:55Z,2023-03-24T17:59:00Z,0.19806675899368664,2.110752621277761,1.9126858622840743,0
2023-03-24T17:58:55Z,2023-03-24T17:59:00Z,0.21060812876978208,2.1512348632436713,1.9406267344738892,0
2023-03-24T17:58:55Z,2023-03-24T17:59:00Z,0.22363833463194704,2.1937483255841634,1.9701099909522164,0
2023-03-24T17:58:55Z,2023-03-24T17:59:00Z,0.24430356116018093,2.245529100348957,2.001225539188776,0
2023-03-24T17:58:55Z,2023-03-24T17:59:00Z,0.26925759562865004,2.303129780687285,2.0338721850586348,0
2023-03-24T17:58:55Z,2023-03-24T17:59:00Z,0.30352595973781415,2.3719057780361332,2.068379818298319,0
2023-03-24T17:58:55Z,2023-03-24T17:59:00Z,0.3317384120383875,2.4380201223469897,2.1062817103086022,0
2023-03-24T17:58:55Z,2023-03-24T17:59:00Z,0.3681076866870523,2.516662729847856,2.148555043160804,0
2023-03-24T17:58:55Z,2023-03-24T17:59:00Z,0.46965565858496383,2.6641936275390683,2.1945379689541045,0
2023-03-24T17:58:55Z,2023-03-24T17:59:00Z,0.5814566739598646,2.8264605810347483,2.2450039070748837,0
2023-03-24T17:58:55Z,2023-03-24T17:59:00Z,0.5615733459547805,2.8686609596893553,2.307087613734575,0
2023-03-24T17:58:55Z,2023-03-24T17:59:00Z,0.44531573635729194,2.8274794893519553,2.3821637529946633,0
2023-03-24T17:58:55Z,2023-03-24T17:59:00Z,0.3149559374750224,2.772910524310845,2.4579545868358226,0
2023-03-24T17:58:55Z,2023-03-24T17:59:00Z,0.2041193152692542,2.729698364715905,2.525579049446651,0
2023-03-24T17:58:55Z,2023-03-24T17:59:00Z,0.133274231816515,2.716769501135834,2.583495269319319,0
2023-03-24T17:58:55Z,2023-03-24T17:59:00Z,0.07720469651025841,2.7091168922662727,2.6319121957560143,0
2023-03-24T17:58:55Z,2023-03-24T17:59:00Z,0.033242575927436846,2.7065187437283056,2.6732761678008687,0
2023-03-24T17:58:55Z,2023-03-24T17:59:00Z,0.00843122274646424,2.6985660564774188,2.706997279223883,0
2023-03-24T17:58:55Z,2023-03-24T17:59:00Z,0.03710893891239442,2.69673820244962,2.7338471413620145,0
2023-03-24T17:58:55Z,2023-03-24T17:59:00Z,0.05982208741594519,2.6922153866090257,2.752037474024971,0
2023-03-24T17:58:55Z,2023-03-24T17:59:00Z,0.06383848312629103,2.6914534483897348,2.755291931516026,0
2023-03-24T17:58:55Z,2023-03-24T17:59:00Z,0.04580227580862806,2.6960651362648256,2.7418674120734536,0
2023-03-24T17:58:55Z,2023-03-24T17:59:00Z,0.017667994288895983,2.7064786666545957,2.7241466609434917,0
2023-03-24T17:58:55Z,2023-03-24T17:59:00Z,0.00012855040471526635,2.711133776039494,2.7110052256347785,0
2023-03-24T17:58:55Z,2023-03-24T17:59:00Z,0.01222804197282601,2.71659008184198,2.704362039869154,0
2023-03-24T17:58:55Z,2023-03-24T17:59:00Z,0.02989235705400972,2.7323979380555223,2.7025055810015126,0
2023-03-24T17:58:55Z,2023-03-24T17:59:00Z,0.03353640251524448,2.736024041587372,2.7024876390721273,0
2023-03-24T17:58:55Z,2023-03-24T17:59:00Z,0.04242151551720674,2.7472372591682594,2.7048157436510527,0
2023-03-24T17:58:55Z,2023-03-24T17:59:00Z,0.06190947051867113,2.76967574395563,2.7077662734369587,0
2023-03-24T17:58:55Z,2023-03-24T17:59:00Z,0.07319880474165918,2.785832198447702,2.7126333937060427,0
2023-03-24T17:58:55Z,2023-03-24T17:59:00Z,0.08198401204955985,2.8019111599062034,2.7199271478566436,0
2023-03-24T17:58:55Z,2023-03-24T17:59:00Z,0.08733590207373698,2.8166247311142487,2.7292888290405117,0
2023-03-24T17:58:55Z,2023-03-24T17:59:00Z,0.09449653310807582,2.8348311333002343,2.7403346001921585,0
2023-03-24T17:58:55Z,2023-03-24T17:59:00Z,0.10248280420240397,2.8548733638795047,2.752390559677101,0
2023-03-24T17:58:55Z,2023-03-24T17:59:00Z,0.10885327754171925,2.874079083883384,2.7652258063416646,0
2023-03-24T17:58:55Z,2023-03-24T17:59:00Z,0.10931009517194967,2.8889098602976153,2.7795997651256656,0
2023-03-24T17:58:55Z,2023-03-24T17:59:00Z,0.10481480746746996,2.900163472797276,2.795348665329806,0
2023-03-24T17:58:55Z,2023-03-24T17:59:00Z,0.10006070237041431,2.9110605599244295,2.810999857554015,0
2023-03-24T17:58:55Z,2023-03-24T17:59:00Z,0.11309506884215015,2.940508869517156,2.827413800675006,0
2023-03-24T17:58:55Z,2023-03-24T17:59:00Z,0.10439111069676965,2.9481872414473926,2.843796130750623,0
2023-03-24T17:58:55Z,2023-03-24T17:59:00Z,0.09847420674863061,2.959353650055406,2.8608794433067755,0
2023-03-24T17:58:55Z,2023-03-24T17:59:00Z,0.1039315962448839,2.9810465438516283,2.8771149476067444,0
2023-03-24T17:58:55Z,2023-03-24T17:59:00Z,0.10221726588901969,2.9950764625106845,2.892859196621665,0
2023-03-24T17:58:55Z,2023-03-24T17:59:00Z,0.08851534097120162,2.9978167188666043,2.9093013778954027,0
2023-03-24T17:58:55Z,2023-03-24T17:59:00Z,0.07592607593275513,3.001251986749203,2.925325910816448,0
2023-03-24T17:58:55Z,2023-03-24T17:59:00Z,0.05866363275413766,2.9982838790692954,2.9396202463151577,0
2023-03-24T17:58:55Z,2023-03-24T17:59:00Z,0.043205017355912645,2.9955425539576526,2.95233753660174,0
2023-03-24T17:58:55Z,2023-03-24T17:59:00Z,0.009606119401318391,2.972881057880226,2.9632749384789077,0
2023-03-24T17:58:55Z,2023-03-24T17:59:00Z,0.009378474255121727,2.9821913208500668,2.972812846594945,0
2023-03-24T17:58:55Z,2023-03-24T17:59:00Z,0.0025982751081143896,2.9815931714986394,2.978994896390525,0
2023-03-24T17:58:55Z,2023-03-24T17:59:00Z,0.033371379342437724,3.0165345208662537,2.983163141523816,0
2023-03-24T17:58:55Z,2023-03-24T17:59:00Z,0.023925810446251194,3.010429544975192,2.9865037345289407,0
2023-03-24T17:58:55Z,2023-03-24T17:59:00Z,0.061117307476642235,3.0533391290866674,2.992221821610025,0
2023-03-24T17:58:55Z,2023-03-24T17:59:00Z,0.048870117707866534,3.0440302394302488,2.995160121722382,0
2023-03-24T17:58:55Z,2023-03-24T17:59:00Z,0.04113186260166124,3.042118250981641,3.00098638837998,0
2023-03-24T17:58:55Z,2023-03-24T17:59:00Z,0.05713534637015849,3.0627430868065026,3.005607740436344,0
2023-03-24T17:58:55Z,2023-03-24T17:59:00Z,0.03197838429710709,3.041672751156695,3.009694366859588,0
2023-03-24T17:58:55Z,2023-03-24T17:59:00Z,0.027478610738421505,3.0436188983717307,3.016140287633309,0
2023-03-24T17:58:55Z,2023-03-24T17:59:00Z,0.03340246784948553,2.9873508395037276,3.020753307353213,0
2023-03-24T17:58:55Z,2023-03-24T17:59:00Z,0.040930359305855646,2.986896732096508,3.0278270914023637,0
2023-03-24T17:58:55Z,2023-03-24T17:59:00Z,0.05385074824547553,2.974492295022254,3.0283430432677294,0
2023-03-24T17:58:55Z,2023-03-24T17:59:00Z,0.061288059649396764,2.96758533967812,3.0288733993275168,0
2023-03-24T17:58:55Z,2023-03-24T17:59:00Z,0.06164827752296098,2.9630208992201554,3.0246691767431164,0
2023-03-24T17:58:55Z,2023-03-24T17:59:00Z,0.06020327686930349,2.9601814793441057,3.020384756213409,0
2023-03-24T17:58:55Z,2023-03-24T17:59:00Z,0.05760438476340424,2.9537485484633543,3.0113529332267586,0
2023-03-24T17:58:55Z,2023-03-24T17:59:00Z,0.06009044526267715,2.9428776119554665,3.0029680572181436,0
2023-03-24T17:58:55Z,2023-03-24T17:59:00Z,0.05143011645542783,2.9427009705108875,2.9941310869663154,0
2023-03-24T17:58:55Z,2023-03-24T17:59:00Z,0.01606677081824337,2.9660777686629687,2.982144539481212,0
2023-03-24T17:58:55Z,2023-03-24T17:59:00Z,0.05126242222283839,2.9209849391937923,2.9722473614166307,0
2023-03-24T17:58:55Z,2023-03-24T17:59:00Z,0.04434365540844487,2.92014959303731,2.9644932484457547,0
2023-03-24T17:58:55Z,2023-03-24T17:59:00Z,0.03916689208522994,2.9186897663295315,2.9578566584147614,0
2023-03-24T17:58:55Z,2023-03-24T17:59:00Z,0.0334443410167804,2.917737603492061,2.9511819445088414,0
2023-03-24T17:58:55Z,2023-03-24T17:59:00Z,0.03391836019363392,2.911683331445935,2.945601691639569,0
2023-03-24T17:58:55Z,2023-03-24T17:59:00Z,0.024823802547294882,2.9157931154736683,2.940616918020963,0
2023-03-24T17:58:55Z,2023-03-24T17:59:00Z,0.0678458179747854,2.8676373432687563,2.9354831612435417,0
2023-03-24T17:58:55Z,2023-03-24T17:59:00Z,0.061336092794399555,2.869708232062098,2.9310443248564977,0
2023-03-24T17:58:55Z,2023-03-24T17:59:00Z,0.06642308393498997,2.856010120402048,2.922433204337038,0
2023-03-24T17:58:55Z,2023-03-24T17:59:00Z,0.07498766177208882,2.8401286045756122,2.915116266347701,0
2023-03-24T17:58:55Z,2023-03-24T17:59:00Z,0.08135319285974285,2.825093988477074,2.9064471813368167,0
2023-03-24T17:58:55Z,2023-03-24T17:59:00Z,0.0693127289507709,2.8245395359773102,2.893852264928081,0
2023-03-24T17:58:55Z,2023-03-24T17:59:00Z,0.055988591632974316,2.8282745782234353,2.8842631698564096,0
2023-03-24T17:58:55Z,2023-03-24T17:59:00Z,0.04097391941415296,2.833728244736257,2.87470216415041,0
2023-03-24T17:58:55Z,2023-03-24T17:59:00Z,0.034239788304552654,2.8314208570352473,2.8656606453398,0
2023-03-24T17:58:55Z,2023-03-24T17:59:00Z,0.006069597563244766,2.851190111900974,2.857259709464219,0
2023-03-24T17:58:55Z,2023-03-24T17:59:00Z,0.006766162164981715,2.842467299858169,2.8492334620231508,0
2023-03-24T17:58:55Z,2023-03-24T17:59:00Z,0.00010773957396592593,2.842665422091915,2.842773161665881,0
2023-03-24T17:58:55Z,2023-03-24T17:59:00Z,0.03644008223363482,2.8038160750911874,2.840256157324822,0
2023-03-24T17:58:55Z,2023-03-24T17:59:00Z,0.028666163489331264,2.8088857128384723,2.8375518763278036,0
2023-03-24T17:58:55Z,2023-03-24T17:59:00Z,0.07711322718177271,2.7552192446149455,2.832332471796718,0
2023-03-24T17:58:55Z,2023-03-24T17:59:00Z,0.0751283666616378,2.754079815961366,2.8292081826230038,0
2023-03-24T17:58:55Z,2023-03-24T17:59:00Z,0.07030587093096274,2.7519148373058284,2.822220708236791,0
2023-03-24T17:58:55Z,2023-03-24T17:59:00Z,0.09308236000964065,2.7220923762255564,2.815174736235197,0
2023-03-24T17:58:55Z,2023-03-24T17:59:00Z,0.06440460341959486,2.7431341587238416,2.8075387621434365,0
2023-03-24T17:58:55Z,2023-03-24T17:59:00Z,0.06243664534365756,2.7339385299487087,2.7963751752923662,0
2023-03-24T17:58:55Z,2023-03-24T17:59:00Z,0.054068283942500184,2.7334782215187254,2.7875465054612256,0
2023-03-24T17:58:55Z,2023-03-24T17:59:00Z,0.04334152678003145,2.7324798204859673,2.7758213472659987,0
2023-03-24T17:58:55Z,2023-03-24T17:59:00Z,0.03258567360086717,2.7323367658311875,2.7649224394320546,0
2023-03-24T17:58:55Z,2023-03-24T17:59:00Z,0.017879935445043404,2.7360239438264164,2.75390387927146,0
2023-03-24T17:58:55Z,2023-03-24T17:59:00Z,0.012736245678695468,2.7340197026667648,2.74675594834546,0
2023-03-24T17:58:55Z,2023-03-24T17:59:00Z,0.009285433758001727,2.730184337686253,2.739469771444255,0
2023-03-24T17:58:55Z,2023-03-24T17:59:00Z,0.006751435965010266,2.730598381284426,2.737349817249436,0
2023-03-24T17:58:55Z,2023-03-24T17:59:00Z,0.011094757872767147,2.7238655115491577,2.734960269421925,0
2023-03-24T17:58:55Z,2023-03-24T17:59:00Z,0.024770200313837698,2.757598824133623,2.732828623819785,0
2023-03-24T17:58:55Z,2023-03-24T17:59:00Z,0.012932895385945553,2.7459388327380903,2.7330059373521447,0
2023-03-24T17:58:55Z,2023-03-24T17:59:00Z,0.01197257662587825,2.746424980519001,2.7344524038931226,0
2023-03-24T17:58:55Z,2023-03-24T17:59:00Z,0.021241324695458808,2.7568937588675198,2.735652434172061,0
2023-03-24T17:58:55Z,2023-03-24T17:59:00Z,0.02709736703916077,2.7640444771112493,2.7369471100720886,0
2023-03-24T17:58:55Z,2023-03-24T17:59:00Z,0.03200077556733394,2.771389279477578,2.739388503910244,0
2023-03-24T17:58:55Z,2023-03-24T17:59:00Z,0.04098371763867403,2.783542992676924,2.74255927503825,0
2023-03-24T17:58:55Z,2023-03-24T17:59:00Z,0.04520645505476084,2.791302263658127,2.746095808603366,0
2023-03-24T17:58:55Z,2023-03-24T17:59:00Z,0.05293132232268105,2.803979459927063,2.751048137604382,0
2023-03-24T17:58:55Z,2023-03-24T17:59:00Z,0.046926707919638044,2.8040866381212077,2.7571599302015697,0
2023-03-24T17:58:55Z,2023-03-24T17:59:00Z,0.05272947995813304,2.8172275180239668,2.7644980380658337,0
2023-03-24T17:58:55Z,2023-03-24T17:59:00Z,0.04780104174252209,2.8203211924655607,2.7725201507230386,0
2023-03-24T17:58:55Z,2023-03-24T17:59:00Z,0.04926282374093072,2.827745843853003,2.7784830201120725,0
2023-03-24T17:58:55Z,2023-03-24T17:59:00Z,0.04370682053030883,2.8296280766151285,2.7859212560848197,0
2023-03-24T17:58:55Z,2023-03-24T17:59:00Z,0.07100561468087196,2.8650589570990914,2.7940533424182195,0
2023-03-24T17:58:55Z,2023-03-24T17:59:00Z,0.06749930363295542,2.8688260778259362,2.801326774192981,0
2023-03-24T17:58:55Z,2023-03-24T17:59:00Z,0.06176212276990212,2.8731903449616674,2.8114282221917652,0
2023-03-24T17:58:55Z,2023-03-24T17:59:00Z,0.04883569589529513,2.8700075979218957,2.8211719020266006,0
2023-03-24T17:58:55Z,2023-03-24T17:59:00Z,0.042627162694366394,2.8727637999494413,2.830136637255075,0
2023-03-24T17:58:55Z,2023-03-24T17:59:00Z,0.03341822974381259,2.8714254004252644,2.838007170681452,0
2023-03-24T17:58:55Z,2023-03-24T17:59:00Z,0.018483049277902452,2.863368653961593,2.8448856046836903,0
2023-03-24T17:58:55Z,2023-03-24T17:59:00Z,0.007998254316179398,2.859617735230275,2.8516194809140956,0
2023-03-24T17:58:55Z,2023-03-24T17:59:00Z,0.0020903337735815875,2.8583239282814397,2.856233594507858,0
2023-03-24T17:58:55Z,2023-03-24T17:59:00Z,0.0028301707581701585,2.8573330780261594,2.8601632487843296,0
2023-03-24T17:58:55Z,2023-03-24T17:59:00Z,0.002894512806266736,2.8603265444209067,2.8632210572271735,0
2023-03-24T17:58:55Z,2023-03-24T17:59:00Z,0.004514310613214612,2.8614772467550615,2.865991557368276,0
2023-03-24T17:58:55Z,2023-03-24T17:59:00Z,0.009622171687792225,2.855896144412666,2.865518316100458,0
2023-03-24T17:58:55Z,2023-03-24T17:59:00Z,0.010239515714630887,2.8545439172787397,2.8647834329933706,0
2023-03-24T17:58:55Z,2023-03-24T17:59:00Z,0.0035794253985170776,2.866633438336987,2.86305401293847,0
2023-03-24T17:58:55Z,2023-03-24T17:59:00Z,0.005434820158721987,2.8669424650328765,2.8615076448741545,0
2023-03-24T17:58:55Z,2023-03-24T17:59:00Z,0.012481723677181922,2.873376332390091,2.860894608712909,0
2023-03-24T17:58:55Z,2023-03-24T17:59:00Z,0.015338018948520826,2.8757843341221916,2.8604463151736708,0
2023-03-24T17:58:55Z,2023-03-24T17:59:00Z,0.01155105270276291,2.8729981357192833,2.8614470830165204,0
2023-03-24T17:58:55Z,2023-03-24T17:59:00Z,0.010220298315988696,2.8732840412217002,2.8630637429057115,0
2023-03-24T17:58:55Z,2023-03-24T17:59:00Z,0.013059248260550493,2.8775904119100466,2.864531163649496,0
2023-03-24T17:58:55Z,2023-03-24T17:59:00Z,0.023120692286365596,2.8892469522554163,2.8661262599690507,0
2023-03-24T17:58:55Z,2023-03-24T17:59:00Z,0.019756968354622373,2.8480956783633418,2.867852646717964,0
2023-03-24T17:58:55Z,2023-03-24T17:59:00Z,0.017883102614503876,2.8527465146534956,2.8706296172679995,0