sTime,eTime,Change,Value,Mean_last_14,real_label
2023-03-24T14:00:00Z,2023-03-24T14:00:00Z,None,2.6902082407126535,None,0
2023-03-24T14:00:55Z,2023-03-24T14:01:00Z,None,2.673804480695306,None,0
2023-03-24T14:00:55Z,2023-03-24T14:01:00Z,None,2.63668197456514,None,0
2023-03-24T14:00:55Z,2023-03-24T14:01:00Z,None,2.601836599532574,None,0
2023-03-24T14:00:55Z,2023-03-24T14:01:00Z,None,2.5673962061280413,None,0
2023-03-24T14:00:55Z,2023-03-24T14:01:00Z,None,2.572139272750257,None,0
2023-03-24T14:00:55Z,2023-03-24T14:01:00Z,None,2.525856911615604,None,0
2023-03-24T14:00:55Z,2023-03-24T14:01:00Z,None,2.4703399456109416,None,0
2023-03-24T14:00:55Z,2023-03-24T14:01:00Z,None,2.4287866922351156,None,0
2023-03-24T14:00:55Z,2023-03-24T14:01:00Z,None,2.488994142428204,None,0
2023-03-24T14:00:55Z,2023-03-24T14:01:00Z,None,2.4619729767856473,None,0
2023-03-24T14:00:55Z,2023-03-24T14:01:00Z,None,2.487581185011597,None,0
2023-03-24T14:00:55Z,2023-03-24T14:01:00Z,None,2.435429929906257,None,0
2023-03-24T14:01:55Z,2023-03-24T14:02:00Z,None,2.4280816386518165,None,0
2023-03-24T14:01:55Z,2023-03-24T14:02:00Z,0.11135327840848142,2.430264302974391,2.5416175813828725,0
2023-03-24T14:01:55Z,2023-03-24T14:02:00Z,0.11620362807906348,2.405250368529898,2.5214539966089613,0
2023-03-24T14:01:55Z,2023-03-24T14:02:00Z,0.07620023304467427,2.4265199037396017,2.502720136784276,0
2023-03-24T14:01:55Z,2023-03-24T14:02:00Z,0.03045609671156324,2.4544616088392317,2.484917705550795,0
2023-03-24T14:01:55Z,2023-03-24T14:02:00Z,0.04218606987908924,2.513617875753502,2.471431805874413,0
2023-03-24T14:01:55Z,2023-03-24T14:02:00Z,0.10115452769402067,2.56389905685391,2.4627445291598895,0
2023-03-24T14:01:55Z,2023-03-24T14:02:00Z,0.13945711174787512,2.5976999949849375,2.4582428832370624,0
2023-03-24T14:01:55Z,2023-03-24T14:02:00Z,0.08995804138999342,2.551127243491541,2.4611692021015474,0
2023-03-24T14:01:55Z,2023-03-24T14:02:00Z,0.06563866200396928,2.5366047909804395,2.47096612897647,0
2023-03-24T14:01:55Z,2023-03-24T14:02:00Z,0.053361152911297616,2.5337380935228775,2.48037694061158,0
2023-03-24T14:01:55Z,2023-03-24T14:02:00Z,0.16219482707728217,2.646234125269803,2.484039298192521,0
2023-03-24T14:02:55Z,2023-03-24T14:03:00Z,0.19754573864854752,2.6871054304362403,2.4895596917876928,0
2023-03-24T14:02:55Z,2023-03-24T14:03:00Z,0.1914074683562652,2.693171232471512,2.5017637641152466,0
2023-03-24T14:02:55Z,2023-03-24T14:03:00Z,0.1862387361256972,2.707362154127866,2.5211234180021687,0
2023-03-24T14:02:55Z,2023-03-24T14:03:00Z,0.16653782645854687,2.708052751677615,2.5415149252190683,0
2023-03-24T14:02:55Z,2023-03-24T14:03:00Z,0.16084403156234073,2.7236741761009067,2.562830144538566,0
2023-03-24T14:02:55Z,2023-03-24T14:03:00Z,0.13178734172605466,2.7179099772759834,2.5861226355499287,0
2023-03-24T14:02:55Z,2023-03-24T14:03:00Z,0.1190017429059802,2.7279823994067782,2.608980656500798,0
2023-03-24T14:02:55Z,2023-03-24T14:03:00Z,0.11656992475931327,2.7458158403706316,2.6292459156113184,0
2023-03-24T14:02:55Z,2023-03-24T14:03:00Z,0.1911746013315847,2.8369100956854627,2.645735494353878,0
2023-03-24T14:02:55Z,2023-03-24T14:03:00Z,0.21679110910765997,2.876520202193593,2.659729093085933,0
2023-03-24T14:02:55Z,2023-03-24T14:03:00Z,0.22083032318590412,2.8989601932488007,2.6781298700628966,0
2023-03-24T14:02:55Z,2023-03-24T14:03:00Z,0.1371651631992541,2.8403252608546166,2.7031600976553625,0
2023-03-24T14:03:55Z,2023-03-24T14:04:00Z,0.07876612362503455,2.809799713762578,2.7310335901375433,0
2023-03-24T14:03:55Z,2023-03-24T14:04:00Z,0.030279104682117808,2.78489632307595,2.754617218393832,0
2023-03-24T14:03:55Z,2023-03-24T14:04:00Z,0.019390534880503907,2.747808651858926,2.76719918673943,0
2023-03-24T14:03:55Z,2023-03-24T14:04:00Z,0.004088520390157946,2.778810083486488,2.77472156309633,0
2023-03-24T14:03:55Z,2023-03-24T14:04:00Z,0.024405622244465075,2.8033300637552117,2.7789244415107466,0
2023-03-24T14:03:55Z,2023-03-24T14:04:00Z,0.024003217335393234,2.8084236534121874,2.784420436076794,0
2023-03-24T14:03:55Z,2023-03-24T14:04:00Z,0.037709010268817345,2.8294584703515806,2.7917494600827633,0
2023-03-24T14:03:55Z,2023-03-24T14:04:00Z,0.07158701932438483,2.8698556699695543,2.7982686506451695,0
2023-03-24T14:03:55Z,2023-03-24T14:04:00Z,0.007617736850537238,2.8144670408092147,2.8068493039586775,0
2023-03-24T14:03:55Z,2023-03-24T14:04:00Z,0.026228823908623244,2.791533808554883,2.817762632463506,0
2023-03-24T14:03:55Z,2023-03-24T14:04:00Z,0.02574386844413956,2.797299625591565,2.8230434940357045,0
2023-03-24T14:03:55Z,2023-03-24T14:04:00Z,0.00705245575930169,2.8266054661695765,2.819553010410275,0
2023-03-24T14:04:55Z,2023-03-24T14:05:00Z,0.045655301215667965,2.8591144211180954,2.8134591199024275,0
2023-03-24T14:04:55Z,2023-03-24T14:05:00Z,0.10014299777262314,2.9080363694381868,2.8078933716655636,0
2023-03-24T14:04:55Z,2023-03-24T14:05:00Z,0.14190325287666372,2.951241944562495,2.809338691685831,0
2023-03-24T14:04:55Z,2023-03-24T14:05:00Z,0.09721972615212637,2.914115083659158,2.8168953575070317,0
2023-03-24T14:04:55Z,2023-03-24T14:05:00Z,0.06462509613222922,2.8943162706766885,2.8296911745444593,0
2023-03-24T14:04:55Z,2023-03-24T14:05:00Z,0.004986298864138483,2.837497678126492,2.8424839769906303,0
2023-03-24T14:04:55Z,2023-03-24T14:05:00Z,0.0937245521754746,2.757644516137479,2.8513690683129536,0
2023-03-24T14:04:55Z,2023-03-24T14:05:00Z,0.1698225109527094,2.684174835388804,2.8539973463415134,0
2023-03-24T14:04:55Z,2023-03-24T14:05:00Z,0.22792392595120603,2.622167332907638,2.850091258858844,0
2023-03-24T14:04:55Z,2023-03-24T14:05:00Z,0.21570073647632526,2.6232148581546126,2.838915594630938,0
2023-03-24T14:04:55Z,2023-03-24T14:05:00Z,0.23506099625218901,2.5848016493739863,2.8198626456261753,0
2023-03-24T14:05:55Z,2023-03-24T14:06:00Z,0.2407825730613089,2.5643683662068195,2.8051509392681284,0
2023-03-24T14:05:55Z,2023-03-24T14:06:00Z,0.2861036137834372,2.5031448517015455,2.7892484654849827,0
2023-03-24T14:05:55Z,2023-03-24T14:06:00Z,0.3032578289073897,2.468072847394151,2.771330676301541,0
2023-03-24T14:05:55Z,2023-03-24T14:06:00Z,0.3080658477278968,2.438383242845334,2.746449090573231,0
2023-03-24T14:05:55Z,2023-03-24T14:06:00Z,0.2957687135010394,2.420600256016504,2.7163689695175433,0
2023-03-24T14:05:55Z,2023-03-24T14:06:00Z,0.28751009873632327,2.3927317071971537,2.680241805933477,0
2023-03-24T14:05:55Z,2023-03-24T14:06:00Z,0.2549345884037786,2.384488626103084,2.639423214506863,0
2023-03-24T14:05:55Z,2023-03-24T14:06:00Z,0.18985277096826092,2.409464029964601,2.5993168009328618,0
2023-03-24T14:05:55Z,2023-03-24T14:06:00Z,0.14237511192385854,2.417724177887957,2.5600992898118156,0
2023-03-24T14:05:55Z,2023-03-24T14:06:00Z,0.1082282432328987,2.4189453813356945,2.527173624568593,0
2023-03-24T14:05:55Z,2023-03-24T14:06:00Z,0.08028148633627596,2.4207444199054313,2.5010259062417073,0
2023-03-24T14:05:55Z,2023-03-24T14:06:00Z,0.06849891380939388,2.41212472673592,2.4806236405453137,0
2023-03-24T14:05:55Z,2023-03-24T14:06:00Z,0.07443028762098391,2.390699282693391,2.465129570314375,0
2023-03-24T14:06:55Z,2023-03-24T14:07:00Z,0.0700111848856384,2.3788806830119142,2.4488918678975526,0
2023-03-24T14:06:55Z,2023-03-24T14:07:00Z,0.05279136591925626,2.3811695506951733,2.4339609166144296,0
2023-03-24T14:06:55Z,2023-03-24T14:07:00Z,0.05091896501053794,2.368773668281207,2.4196926332917448,0
2023-03-24T14:06:55Z,2023-03-24T14:07:00Z,0.06486456656592576,2.3454453512637903,2.410309917829716,0
2023-03-24T14:06:55Z,2023-03-24T14:07:00Z,0.07298179112427983,2.329689728312133,2.4026715194364128,0
2023-03-24T14:06:55Z,2023-03-24T14:07:00Z,0.07704601391408916,2.318476436939128,2.395522450853217,0
2023-03-24T14:06:55Z,2023-03-24T14:07:00Z,0.1108162043762233,2.277713128961273,2.3885293333374964,0
2023-03-24T14:06:55Z,2023-03-24T14:07:00Z,0.11918432508038501,2.2636330643911093,2.3828173894714944,0
2023-03-24T14:06:55Z,2023-03-24T14:07:00Z,0.10124352888809218,2.2733603608032626,2.374603889691355,0
2023-03-24T14:06:55Z,2023-03-24T14:07:00Z,0.12262738264805284,2.2407587404607257,2.3633861231087785,0
2023-03-24T14:06:55Z,2023-03-24T14:07:00Z,0.13998631936051575,2.212294894741748,2.3522812141022635,0
2023-03-24T14:06:55Z,2023-03-24T14:07:00Z,0.1149954396633679,2.2235791097562063,2.338574549419574,0
2023-03-24T14:07:55Z,2023-03-24T14:08:00Z,0.09836631292082387,2.2241736576400055,2.3225399705608294,0
2023-03-24T14:07:55Z,2023-03-24T14:08:00Z,0.12150615895006034,2.186530302612329,2.308036461562389,0
2023-03-24T14:07:55Z,2023-03-24T14:08:00Z,0.14740682393531568,2.1478199741614286,2.2952267980967442,0
2023-03-24T14:07:55Z,2023-03-24T14:08:00Z,0.1269081829984935,2.1535224319905906,2.280430614989084,0
2023-03-24T14:07:55Z,2023-03-24T14:08:00Z,0.1090797062843234,2.153400941279088,2.2624806475634114,0
2023-03-24T14:07:55Z,2023-03-24T14:08:00Z,0.07207012439837435,2.1738527357580666,2.245922860156441,0
2023-03-24T14:07:55Z,2023-03-24T14:08:00Z,0.03507567572987513,2.1960745375046655,2.2311502132345407,0
2023-03-24T14:07:55Z,2023-03-24T14:08:00Z,0.046639600913450874,2.1725231513553926,2.2191627522688435,0
2023-03-24T14:07:55Z,2023-03-24T14:08:00Z,0.06152324387330621,2.148223977669809,2.209747221543115,0
2023-03-24T14:07:55Z,2023-03-24T14:08:00Z,0.09175536984270627,2.1099003149614948,2.201655684804201,0
2023-03-24T14:07:55Z,2023-03-24T14:08:00Z,0.07745694557040395,2.1153211171783126,2.1927780627487166,0
2023-03-24T14:07:55Z,2023-03-24T14:08:00Z,0.09070050160020271,2.0895037114683777,2.1802042130685804,0
2023-03-24T14:08:55Z,2023-03-24T14:09:00Z,0.08881143439695771,2.0817437307268216,2.1705551651237793,0
2023-03-24T14:08:55Z,2023-03-24T14:09:00Z,0.07103697996822378,2.0900727095191427,2.1611096894873665,0
2023-03-24T14:08:55Z,2023-03-24T14:09:00Z,0.034956568382440434,2.1152427073334343,2.1501992757158748,0
2023-03-24T14:08:55Z,2023-03-24T14:09:00Z,0.003551179712652619,2.143434997880769,2.1398838181681166,0
2023-03-24T14:08:55Z,2023-03-24T14:09:00Z,0.03316933928739951,2.1675694962802163,2.134400156992817,0
2023-03-24T14:08:55Z,2023-03-24T14:09:00Z,0.04659769187776286,2.1806605430028365,2.1340628511250737,0
2023-03-24T14:08:55Z,2023-03-24T14:09:00Z,0.0570724909617879,2.192215885493756,2.135143394531968,0
2023-03-24T14:08:55Z,2023-03-24T14:09:00Z,0.06126991993261166,2.1985102069048685,2.137240286972257,0
2023-03-24T14:08:55Z,2023-03-24T14:09:00Z,0.059182661891478805,2.197835498843404,2.138652836951925,0
2023-03-24T14:08:55Z,2023-03-24T14:09:00Z,0.09312422249787655,2.2319644186344325,2.138840196136556,0
2023-03-24T14:08:55Z,2023-03-24T14:09:00Z,0.10132782907752924,2.242115128867009,2.14078729978948,0
2023-03-24T14:09:55Z,2023-03-24T14:10:00Z,0.09790122088055364,2.245130093051928,2.1472288721713744,0
2023-03-24T14:09:55Z,2023-03-24T14:10:00Z,0.09334438899725717,2.2507436314690557,2.1573992424717985,0
2023-03-24T14:09:55Z,2023-03-24T14:10:00Z,0.12048635957872111,2.2878709078869517,2.1673845483082306,0
2023-03-24T14:09:55Z,2023-03-24T14:10:00Z,0.12393585534114226,2.3037234744186557,2.1797876190775134,0
2023-03-24T14:09:55Z,2023-03-24T14:10:00Z,0.07991301588992572,2.2755565716720647,2.195643555782139,0
2023-03-24T14:09:55Z,2023-03-24T14:10:00Z,0.07781837183495899,2.2898966018401374,2.2120782300051784,0
2023-03-24T14:09:55Z,2023-03-24T14:10:00Z,0.053189649540947403,2.2775997152644822,2.224410065723535,0
2023-03-24T14:09:55Z,2023-03-24T14:10:00Z,0.011945183125964487,2.247621526077143,2.2356763429511783,0
2023-03-24T14:09:55Z,2023-03-24T14:10:00Z,0.022136533531074587,2.2662767394810426,2.244140205949968,0
2023-03-24T14:09:55Z,2023-03-24T14:10:00Z,0.06530760801354907,2.314598658815387,2.2492910508018378,0
2023-03-24T14:09:55Z,2023-03-24T14:10:00Z,0.05048951420330372,2.3054775537733945,2.2549880395700908,0
2023-03-24T14:09:55Z,2023-03-24T14:10:00Z,0.07417729577769894,2.338095216263983,2.2639179204862843,0
2023-03-24T14:09:55Z,2023-03-24T14:10:00Z,0.12100322551330445,2.3932013040711264,2.272198078557822,0
2023-03-24T14:10:55Z,2023-03-24T14:11:00Z,0.16726918126615153,2.447631167333939,2.2803619860677875,0
2023-03-24T14:10:55Z,2023-03-24T14:11:00Z,0.16272724422407991,2.454711243769107,2.2919839995450273,0
2023-03-24T14:10:55Z,2023-03-24T14:11:00Z,0.1585330332918531,2.466094038550881,2.307561005259028,0
2023-03-24T14:10:55Z,2023-03-24T14:11:00Z,0.17545179204261707,2.498702613632418,2.323250821589801,0
2023-03-24T14:10:55Z,2023-03-24T14:11:00Z,0.09697415643365259,2.4339344496129867,2.336960293179334,0
2023-03-24T14:10:55Z,2023-03-24T14:11:00Z,0.07981352438570744,2.431772212889177,2.3519586885034696,0
2023-03-24T14:10:55Z,2023-03-24T14:11:00Z,0.06850487033934627,2.432646472530579,2.364141602191233,0
2023-03-24T14:10:55Z,2023-03-24T14:11:00Z,0.03308380072905104,2.408138911462518,2.375055110733467,0
2023-03-24T14:10:55Z,2023-03-24T14:11:00Z,0.018899838029829752,2.368081946339491,2.3869817843693206,0
2023-03-24T14:10:55Z,2023-03-24T14:11:00Z,0.02496496478356791,2.3743643107692427,2.3993292755528106,0
2023-03-24T14:10:55Z,2023-03-24T14:11:00Z,0.08259796309834666,2.3245624822128064,2.407160445311153,0
2023-03-24T14:10:55Z,2023-03-24T14:11:00Z,0.14323679765716557,2.268521005496592,2.4117578031537574,0
2023-03-24T14:11:55Z,2023-03-24T14:12:00Z,0.20248624106717017,2.210739633505003,2.413225874572173,0
2023-03-24T14:11:55Z,2023-03-24T14:12:00Z,0.22715782018719333,2.1807161920182576,2.407874012205451,0
2023-03-24T14:11:55Z,2023-03-24T14:12:00Z,0.24044093984930992,2.15339755923567,2.3938384990849797,0
2023-03-24T14:11:55Z,2023-03-24T14:12:00Z,0.2396491702378758,2.133657407668975,2.3733065779068507,0
2023-03-24T14:11:55Z,2023-03-24T14:12:00Z,0.19436398020499457,2.155764621968515,2.3501286021735095,0
2023-03-24T14:11:55Z,2023-03-24T14:12:00Z,0.152405699473662,2.17215085417047,2.324556553644132,0
2023-03-24T14:11:55Z,2023-03-24T14:12:00Z,0.09721484102292255,2.2009618671086018,2.2981767081315243,0
2023-03-24T14:11:55Z,2023-03-24T14:12:00Z,0.022165831183226903,2.2558736772988732,2.2780395084821,0
2023-03-24T14:11:55Z,2023-03-24T14:12:00Z,0.01408933939228385,2.2743742058912626,2.2602848664989788,0
2023-03-24T14:11:55Z,2023-03-24T14:12:00Z,0.024092361477577207,2.27077932065104,2.246686959173463,0
2023-03-24T14:11:55Z,2023-03-24T14:12:00Z,0.07725270198848211,2.313650068425695,2.2363973664372128,0
2023-03-24T14:11:55Z,2023-03-24T14:12:00Z,0.12451284780207894,2.353425396878641,2.228912549076562,0
2023-03-24T14:12:55Z,2023-03-24T14:13:00Z,0.2037348258640308,2.4279770486064742,2.2242422227424434,0
2023-03-24T14:12:55Z,2023-03-24T14:13:00Z,0.2683736364179685,2.4948360833654757,2.226462446947507,0
2023-03-24T14:12:55Z,2023-03-24T14:13:00Z,0.3143327699723768,2.5530610663898754,2.2387282964174986,0
2023-03-24T14:12:55Z,2023-03-24T14:13:00Z,0.3417392641834489,2.6023211336671377,2.2605818694836888,0
2023-03-24T14:12:55Z,2023-03-24T14:13:00Z,0.3752856316803399,2.6645094145772297,2.2892237828968898,0
2023-03-24T14:12:55Z,2023-03-24T14:13:00Z,0.4025677296549337,2.7263240952003978,2.323756365545464,0
2023-03-24T14:12:55Z,2023-03-24T14:13:00Z,0.4222384802073318,2.7868296155149697,2.364591135307638,0
2023-03-24T14:12:55Z,2023-03-24T14:13:00Z,0.42032025630541314,2.8288005818616573,2.408480325556244,0
2023-03-24T14:12:55Z,2023-03-24T14:13:00Z,0.4476361313229811,2.9033994385211095,2.4557633071981284,0
2023-03-24T14:12:55Z,2023-03-24T14:13:00Z,0.5272447996924052,3.031303392640769,2.504058592948364,0
2023-03-24T14:12:55Z,2023-03-24T14:13:00Z,0.5405083314005674,3.0943765982891027,2.5538682668885353,0
2023-03-24T14:12:55Z,2023-03-24T14:13:00Z,0.5103191897685391,3.122412778714729,2.61209358894619,0
2023-03-24T14:13:55Z,2023-03-24T14:14:00Z,0.455561367600239,3.1310085932878184,2.6754472256875794,0
2023-03-24T14:13:55Z,2023-03-24T14:14:00Z,0.3748113921713707,3.1124711340350304,2.7376597418636597,0
2023-03-24T14:13:55Z,2023-03-24T14:14:00Z,0.3062433838101679,3.1037172177053023,2.7974738338951344,0
2023-03-24T14:13:55Z,2023-03-24T14:14:00Z,0.2458545256480602,3.0959817507300067,2.8501272250819465,0
2023-03-24T14:13:55Z,2023-03-24T14:14:00Z,0.17010518786666884,3.0670694232824482,2.8969642354157794,0
2023-03-24T14:13:55Z,2023-03-24T14:14:00Z,0.11938125721474568,3.0581086221951503,2.9387273649804047,0
2023-03-24T14:13:55Z,2023-03-24T14:14:00Z,0.08691395647694788,3.0613911898892994,2.9744772334123515,0
2023-03-24T14:13:55Z,2023-03-24T14:14:00Z,0.05211477081140048,3.056868866348207,3.0047540955368066,0
2023-03-24T14:13:55Z,2023-03-24T14:14:00Z,0.0032079880130564398,3.0273204994228973,3.0305284874359537,0
2023-03-24T14:13:55Z,2023-03-24T14:14:00Z,0.06447966642104186,2.986821071079006,3.051300737500048,0
2023-03-24T14:13:55Z,2023-03-24T14:14:00Z,0.11226685614134313,2.9543046442480314,3.0665715003893745,0
2023-03-24T14:13:55Z,2023-03-24T14:14:00Z,0.1345418184851086,2.938446730562566,3.0729885490476745,0
2023-03-24T14:14:55Z,2023-03-24T14:15:00Z,0.16768514572875137,2.8993804226733277,3.067065568402079,0
2023-03-24T14:14:55Z,2023-03-24T14:15:00Z,0.16152674853679327,2.8935442146555523,3.0550709631923456,0
2023-03-24T14:14:55Z,2023-03-24T14:15:00Z,0.16983394019200748,2.8680806879202305,3.037914628112238,0
2023-03-24T14:14:55Z,2023-03-24T14:15:00Z,0.12624123162298062,2.8934069058252363,3.019648137448217,0
2023-03-24T14:14:55Z,2023-03-24T14:15:00Z,0.05566087328316538,2.9451879990792986,3.000848872362464,0
2023-03-24T14:14:55Z,2023-03-24T14:15:00Z,0.08289628728156728,2.9017748687824296,2.984671156063997,0
2023-03-24T14:14:55Z,2023-03-24T14:15:00Z,0.1046870268385689,2.868384609867682,2.973071636706251,0
2023-03-24T14:14:55Z,2023-03-24T14:15:00Z,0.12803010827600048,2.832326562699479,2.9603566709754796,0
2023-03-24T14:14:55Z,2023-03-24T14:15:00Z,0.10346797096837035,2.842294545212689,2.9457625161810594,0
2023-03-24T14:14:55Z,2023-03-24T14:15:00Z,0.034711738907529543,2.8934304213358506,2.92814216024338,0
2023-03-24T14:14:55Z,2023-03-24T14:15:00Z,0.020322275866289985,2.891314167366666,2.911636443232956,0
2023-03-24T14:14:55Z,2023-03-24T14:15:00Z,0.01567451587480484,2.8856626905822242,2.901337206457029,0
2023-03-24T14:15:55Z,2023-03-24T14:16:00Z,0.010703133518125796,2.883287388037954,2.8939905215560797,0
2023-03-24T14:15:55Z,2023-03-24T14:16:00Z,0.002218584634792631,2.890928955908887,2.8887103712740942,0
2023-03-24T14:15:55Z,2023-03-24T14:16:00Z,0.03695803313228607,2.921425378058334,2.884467344926048,0
2023-03-24T14:15:55Z,2023-03-24T14:16:00Z,0.025624994577778004,2.9094422266757918,2.8838172320980138,0
2023-03-24T14:15:55Z,2023-03-24T14:16:00Z,0.012736541646848565,2.8732253953283022,2.885961936975151,0
2023-03-24T14:15:55Z,2023-03-24T14:16:00Z,0.04609072143287252,2.9352343152353737,2.889143593802501,0
2023-03-24T14:15:55Z,2023-03-24T14:16:00Z,0.06963683408655763,2.95722800400468,2.8875911699181223,0
2023-03-24T14:15:55Z,2023-03-24T14:16:00Z,0.09954760093762172,2.9863731028677503,2.8868255019301285,0
2023-03-24T14:15:55Z,2023-03-24T14:16:00Z,0.10508673423917614,2.9961778619556316,2.8910911277164555,0
2023-03-24T14:15:55Z,2023-03-24T14:16:00Z,0.07493595774432471,2.975103123383862,2.9001671656395374,0
2023-03-24T14:15:55Z,2023-03-24T14:16:00Z,0.08355267536328403,2.9963237870994477,2.9127711117361637,0
2023-03-24T14:16:55Z,2023-03-24T14:17:00Z,0.08360309549604894,3.0065902517069185,2.9229871562108696,0
2023-03-24T14:16:55Z,2023-03-24T14:17:00Z,0.08824762758085125,3.0191496580812283,2.930902030500377,0
2023-03-24T14:16:55Z,2023-03-24T14:17:00Z,0.076991720566705,3.016761142170178,2.939769421603473,0
2023-03-24T14:16:55Z,2023-03-24T14:17:00Z,0.07574100421758123,3.0257786540902085,2.9500376498726273,0
2023-03-24T14:16:55Z,2023-03-24T14:17:00Z,0.06901251939585684,3.0293173811248093,2.9603048617289525,0
2023-03-24T14:16:55Z,2023-03-24T14:17:00Z,0.0387009440030619,3.0093788594382698,2.970677915435208,0
2023-03-24T14:16:55Z,2023-03-24T14:17:00Z,0.020513444723754493,2.99949074501023,2.9789773002864757,0
2023-03-24T14:16:55Z,2023-03-24T14:17:00Z,0.016456739676658394,3.003121473252556,2.9866647335758976,0
2023-03-24T14:16:55Z,2023-03-24T14:17:00Z,0.010640034703686574,2.9857374180785126,2.996377452782199,0
2023-03-24T14:16:55Z,2023-03-24T14:17:00Z,0.00541395201374506,3.0070134938741884,3.0015995418604433,0
2023-03-24T14:16:55Z,2023-03-24T14:17:00Z,0.020451930070162216,3.0242445037824393,3.003792573712277,0
2023-03-24T14:16:55Z,2023-03-24T14:17:00Z,0.010183414728477391,3.0155637108258655,3.005380296097388,0
2023-03-24T14:16:55Z,2023-03-24T14:17:00Z,0.0068410938183491865,3.014380362363953,3.007539268545604,0
2023-03-24T14:17:55Z,2023-03-24T14:18:00Z,0.007128808176381618,3.0177804296021398,3.010651621425758,0
2023-03-24T14:17:55Z,2023-03-24T14:18:00Z,0.015748650831127975,3.0277892395849246,3.0120405887537967,0
2023-03-24T14:17:55Z,2023-03-24T14:18:00Z,0.006381176331667238,3.019282548000481,3.0129013716688138,0
2023-03-24T14:17:55Z,2023-03-24T14:18:00Z,0.012005250976983461,3.0255712058383892,3.0135659548614058,0
2023-03-24T14:17:55Z,2023-03-24T14:18:00Z,0.06762975580328678,3.0813896649593318,3.013759909156045,0
2023-03-24T14:17:55Z,2023-03-24T14:18:00Z,0.06256872198564034,3.076312673583853,3.0137439515982125,0
2023-03-24T14:17:55Z,2023-03-24T14:18:00Z,0.04144989140898625,3.0591994033021623,3.017749511893176,0
2023-03-24T14:17:55Z,2023-03-24T14:18:00Z,0.06251057779775149,3.085408844625203,3.0228982668274513,0
2023-03-24T14:17:55Z,2023-03-24T14:18:00Z,0.10020261586672108,3.1276938564089356,3.0274912405422145,0
2023-03-24T14:17:55Z,2023-03-24T14:18:00Z,0.11109351064010609,3.144914548980217,3.0338210383401107,0
2023-03-24T14:17:55Z,2023-03-24T14:18:00Z,0.14084507662605183,3.18558584099158,3.044740764365528,0
2023-03-24T14:17:55Z,2023-03-24T14:18:00Z,0.12736938017458632,3.1827179180098093,3.055348537835223,0
2023-03-24T14:18:55Z,2023-03-24T14:19:00Z,0.12658058337320854,3.1943399933014422,3.0677594099282337,0
2023-03-24T14:18:55Z,2023-03-24T14:19:00Z,0.12125604134326284,3.2018734672087223,3.0806174258654595,0
2023-03-24T14:18:55Z,2023-03-24T14:19:00Z,0.11329647950647015,3.2077569539055832,3.094460474399113,0
2023-03-24T14:18:55Z,2023-03-24T14:19:00Z,0.1143580655994616,3.2229795428913883,3.1086214772919267,0
2023-03-24T14:18:55Z,2023-03-24T14:19:00Z,0.08213624778738637,3.2046013954116717,3.1224651476242853,0
2023-03-24T14:18:55Z,2023-03-24T14:19:00Z,0.05029769651544802,3.188431843746726,3.138134147231278,0
2023-03-24T14:18:55Z,2023-03-24T14:19:00Z,0.05995208157260867,3.211857781847985,3.1519057002753765,0
2023-03-24T14:18:55Z,2023-03-24T14:19:00Z,0.051903216172534794,3.2120429302007887,3.160139714028254,0
2023-03-24T14:18:55Z,2023-03-24T14:19:00Z,0.04124891286518695,3.211815173682989,3.170566260817802,0
2023-03-24T14:18:55Z,2023-03-24T14:19:00Z,0.03672365747412609,3.219047112668745,3.182323455194619,0
2023-03-24T14:18:55Z,2023-03-24T14:19:00Z,0.013600166528672464,3.2056471854969675,3.192047018968295,0
2023-03-24T14:18:55Z,2023-03-24T14:19:00Z,0.03692899547033379,3.236003187997076,3.199074192526742,0
2023-03-24T14:19:55Z,2023-03-24T14:20:00Z,0.04744673757516571,3.2511926713724266,3.203745933797261,0
2023-03-24T14:19:55Z,2023-03-24T14:20:00Z,0.05108616788285403,3.2587103591420767,3.2076241912592227,0
2023-03-24T14:19:55Z,2023-03-24T14:20:00Z,0.05050240987948884,3.2633938898589125,3.2128914799794237,0
2023-03-24T14:19:55Z,2023-03-24T14:20:00Z,0.03252409127947509,3.2503671378620256,3.2178430465825505,0
2023-03-24T14:19:55Z,2023-03-24T14:20:00Z,0.003357190108635777,3.225932576895046,3.2225753867864104,0
2023-03-24T14:19:55Z,2023-03-24T14:20:00Z,0.0008172190945079372,3.226670312339107,3.225853093244599,0
2023-03-24T14:19:55Z,2023-03-24T14:20:00Z,0.01978806278985168,3.2062921869165666,3.2260802497064183,0
2023-03-24T14:19:55Z,2023-03-24T14:20:00Z,0.03400145733910254,3.1937764013617342,3.2277778587008368,0
2023-03-24T14:19:55Z,2023-03-24T14:20:00Z,0.07023498892154256,3.15891674233082,3.2291517312523625,0
2023-03-24T14:19:55Z,2023-03-24T14:20:00Z,0.09210646757319418,3.1356543882571484,3.2277608558303426,0
2023-03-24T14:19:55Z,2023-03-24T14:20:00Z,0.11674554405097526,3.1069286819432165,3.2236742259941917,0
2023-03-24T14:19:55Z,2023-03-24T14:20:00Z,0.12795438055675135,3.0898613234816064,3.2178157040383577,0
2023-03-24T14:20:55Z,2023-03-24T14:21:00Z,0.1360365659810565,3.0731546433861068,3.2091912093671633,0
2023-03-24T14:20:55Z,2023-03-24T14:21:00Z,0.14684362717190336,3.053440977424848,3.2002846045967512,0
2023-03-24T14:20:55Z,2023-03-24T14:21:00Z,0.13891515083100403,3.0488426426418265,3.1877577934728305,0
2023-03-24T14:20:55Z,2023-03-24T14:21:00Z,0.1306383338879944,3.0419077908196375,3.172546124707632,0
2023-03-24T14:20:55Z,2023-03-24T14:21:00Z,0.09348468779198349,3.0629177664156293,3.156402454207613,0
2023-03-24T14:20:55Z,2023-03-24T14:21:00Z,0.06224249341215904,3.0771225685616628,3.139365061973822,0
2023-03-24T14:20:55Z,2023-03-24T14:21:00Z,0.06511591138598538,3.059829968168884,3.1249458795548692,0
2023-03-24T14:20:55Z,2023-03-24T14:21:00Z,0.047276211760350684,3.066222744076566,3.1134989558369166,0
2023-03-24T14:20:55Z,2023-03-24T14:21:00Z,0.018321456579464268,3.0823436266289734,3.1006650832084377,0
2023-03-24T14:20:55Z,2023-03-24T14:21:00Z,0.012782971876475813,3.1026734825587594,3.0898905106822836,0
2023-03-24T14:20:55Z,2023-03-24T14:21:00Z,0.03161254247412826,3.112931301253892,3.081318758779764,0
2023-03-24T14:20:55Z,2023-03-24T14:21:00Z,0.02507330878531855,3.1020656629672314,3.076992354181913,0
2023-03-24T14:21:55Z,2023-03-24T14:22:00Z,0.0160729906923458,3.0913174151047773,3.0752444244124315,0
2023-03-24T14:21:55Z,2023-03-24T14:22:00Z,0.018668816162270563,3.093539162191934,3.0748703460296634,0
2023-03-24T14:21:55Z,2023-03-24T14:22:00Z,0.0035046699045366836,3.078487022982136,3.0749823530775995,0
2023-03-24T14:21:55Z,2023-03-24T14:22:00Z,0.0036893087218059506,3.072861084263934,3.07655039298574,0
2023-03-24T14:21:55Z,2023-03-24T14:22:00Z,0.0006299996076872816,3.0778470122670747,3.078477011874762,0
2023-03-24T14:21:55Z,2023-03-24T14:22:00Z,0.024312672304870553,3.0560119120023614,3.080324584307232,0
2023-03-24T14:21:55Z,2023-03-24T14:22:00Z,0.019014038495322794,3.0640751013078664,3.083089139803189,0
2023-03-24T14:21:55Z,2023-03-24T14:22:00Z,0.03213560548661043,3.0504223147463265,3.082557920232937,0
2023-03-24T14:21:55Z,2023-03-24T14:22:00Z,0.02185897262949732,3.0596952962762245,3.081554268905722,0
2023-03-24T14:21:55Z,2023-03-24T14:22:00Z,0.013244151263244408,3.0675864519945883,3.0808306032578328,0
2023-03-24T14:21:55Z,2023-03-24T14:22:00Z,0.006277293170164011,3.0740511987184127,3.0803284918885767,0
2023-03-24T14:21:55Z,2023-03-24T14:22:00Z,0.002059182948290772,3.0771341416607174,3.079193324609008,0
2023-03-24T14:22:55Z,2023-03-24T14:23:00Z,0.01057060901879936,3.0875622194862427,3.0769916104674433,0
2023-03-24T14:22:55Z,2023-03-24T14:23:00Z,0.015286318903844798,3.0895243017102745,3.0742379828064297,0
2023-03-24T14:22:55Z,2023-03-24T14:23:00Z,0.03455340669585327,3.1076757400037454,3.073122333307892,0
2023-03-24T14:22:55Z,2023-03-24T14:23:00Z,0.05474593805707606,3.127730339565391,3.072984401508315,0
2023-03-24T14:22:55Z,2023-03-24T14:23:00Z,0.03960792045535255,3.1136797510261145,3.074071830570762,0
2023-03-24T14:22:55Z,2023-03-24T14:23:00Z,0.024213305423676612,3.1020730834239196,3.077859778000243,0
2023-03-24T14:22:55Z,2023-03-24T14:23:00Z,0.020467947827976563,3.1014676232714637,3.080999675443487,0
2023-03-24T14:22:55Z,2023-03-24T14:23:00Z,0.02443305372901383,3.1072962731076426,3.0828632193786287,0
2023-03-24T14:22:55Z,2023-03-24T14:23:00Z,0.009456689019442521,3.0958165015726182,3.0863598125531757,0
2023-03-24T14:22:55Z,2023-03-24T14:23:00Z,0.019159936015100243,3.1088444540913356,3.0896845180762353,0
2023-03-24T14:22:55Z,2023-03-24T14:23:00Z,0.0235875597921531,3.1167639383934884,3.0931763786013353,0
2023-03-24T14:23:55Z,2023-03-24T14:24:00Z,0.029528258588821465,3.1264853416374727,3.0969570830486512,0
2023-03-24T14:23:55Z,2023-03-24T14:24:00Z,0.014364888005538923,3.115104854623336,3.1007399666177973,0
2023-03-24T14:23:55Z,2023-03-24T14:24:00Z,0.025822862912760147,3.130596225139716,3.1047733622269558,0
2023-03-24T14:23:55Z,2023-03-24T14:24:00Z,0.003783213153546683,3.11147739945455,3.1076941863010035,0
2023-03-24T14:23:55Z,2023-03-24T14:24:00Z,0.019724396149381818,3.091280098278812,3.111004494428194,0
2023-03-24T14:23:55Z,2023-03-24T14:24:00Z,0.03350298226390347,3.0791902119907735,3.112693194254677,0
2023-03-24T14:23:55Z,2023-03-24T14:24:00Z,0.0006283220302112369,3.110803669014855,3.111431991045066,0
2023-03-24T14:23:55Z,2023-03-24T14:24:00Z,0.0023799967568618463,3.1100781318346495,3.1076981350777877,0
2023-03-24T14:23:55Z,2023-03-24T14:24:00Z,0.00046047945326765927,3.1070164185467313,3.107476897999999,0
2023-03-24T14:23:55Z,2023-03-24T14:24:00Z,0.01747579141750144,3.090616879537169,3.1080926709546706,0
2023-03-24T14:23:55Z,2023-03-24T14:24:00Z,0.02485340576993833,3.0836660955905213,3.1085195013604596,0
2023-03-24T14:23:55Z,2023-03-24T14:24:00Z,0.03675972513410075,3.0704767459517073,3.107236471085808,0
2023-03-24T14:24:55Z,2023-03-24T14:25:00Z,0.04510622437549294,3.0611956000963083,3.1063018244718013,0
2023-03-24T14:24:55Z,2023-03-24T14:25:00Z,0.004365406879431433,3.0989850554277827,3.103350462307214,0
2023-03-24T14:24:55Z,2023-03-24T14:25:00Z,0.027441377215758678,3.0716345975301333,3.099075974745892,0
2023-03-24T14:24:55Z,2023-03-24T14:25:00Z,0.01782265775718761,3.0791379103571908,3.0969605681143784,0
2023-03-24T14:24:55Z,2023-03-24T14:25:00Z,0.020123893342228083,3.0734928088419036,3.0936167021841317,0
2023-03-24T14:24:55Z,2023-03-24T14:25:00Z,0.03506804958912868,3.0545903206886553,3.089658370277784,0
2023-03-24T14:24:55Z,2023-03-24T14:25:00Z,0.08044104564206878,3.0062954330501266,3.0867364786921954,0
2023-03-24T14:24:55Z,2023-03-24T14:25:00Z,0.0965500951241367,2.9873640929842002,3.083914188108337,0
2023-03-24T14:24:55Z,2023-03-24T14:25:00Z,0.09905219398057152,2.9792547034400236,3.078306897420595,0
2023-03-24T14:24:55Z,2023-03-24T14:25:00Z,0.10007058126547186,2.968740964152765,3.068811545418237,0
2023-03-24T14:24:55Z,2023-03-24T14:25:00Z,0.08355264697837939,2.9751955577941174,3.0587482047724968,0
2023-03-24T14:24:55Z,2023-03-24T14:25:00Z,0.07267686156420927,2.9754347697933667,3.048111631357576,0
2023-03-24T14:24:55Z,2023-03-24T14:25:00Z,0.12385686816234376,2.9153761999842285,3.0392330681465722,0
2023-03-24T14:25:55Z,2023-03-24T14:26:00Z,0.18875039258244453,2.8421571889643467,3.030907581546791,0
2023-03-24T14:25:55Z,2023-03-24T14:26:00Z,0.190639239764554,2.8283375305539695,3.0189767703185235,0
2023-03-24T14:25:55Z,2023-03-24T14:26:00Z,0.1752689216964285,2.8268587400734826,3.002127661769911,0
2023-03-24T14:25:55Z,2023-03-24T14:26:00Z,0.16305095017869942,2.818257671216302,2.9813086213950015,0
2023-03-24T14:25:55Z,2023-03-24T14:26:00Z,0.14112658414228596,2.8213531251406656,2.9624797092829516,0
2023-03-24T14:25:55Z,2023-03-24T14:26:00Z,0.09360508180478133,2.8488069167750254,2.9424119985798067,0
2023-03-24T14:25:55Z,2023-03-24T14:26:00Z,0.05568480134339859,2.8673318369516974,2.923016638295096,0
2023-03-24T14:25:55Z,2023-03-24T14:26:00Z,0.047826935267171855,2.859360210419184,2.907187145686356,0
2023-03-24T14:25:55Z,2023-03-24T14:26:00Z,0.029894660506487813,2.8666029777876805,2.8964976382941683,0
2023-03-24T14:25:55Z,2023-03-24T14:26:00Z,0.014573983875936669,2.87207720191323,2.886651185789167,0
2023-03-24T14:25:55Z,2023-03-24T14:26:00Z,0.006453604062277574,2.8844392724935717,2.877985668431294,0
2023-03-24T14:25:55Z,2023-03-24T14:26:00Z,0.08619669886959791,2.9567466932824664,2.8705499944128685,0
2023-03-24T14:26:55Z,2023-03-24T14:27:00Z,0.15386340869164705,3.017432150389089,2.863568741697442,0
2023-03-24T14:26:55Z,2023-03-24T14:27:00Z,0.17393037629642416,3.036061573646874,2.86213119735045,0
2023-03-24T14:26:55Z,2023-03-24T14:27:00Z,0.1707686181862993,3.0407502732602003,2.869981655073901,0
2023-03-24T14:26:55Z,2023-03-24T14:27:00Z,0.1838296990549977,3.068727076027554,2.8848973769725563,0
2023-03-24T14:26:55Z,2023-03-24T14:27:00Z,0.17967343901805855,3.0809102577372487,2.90123681871919,0
2023-03-24T14:26:55Z,2023-03-24T14:27:00Z,0.16266694309185104,3.082509018422893,2.919842075331042,0
2023-03-24T14:26:55Z,2023-03-24T14:27:00Z,0.13759542189642415,3.077641542344462,2.940046120448038,0
2023-03-24T14:26:55Z,2023-03-24T14:27:00Z,0.12962115361612625,3.0897561889320273,2.960135035315901,0
2023-03-24T14:26:55Z,2023-03-24T14:27:00Z,0.10936674383573397,3.087104442656976,2.977737698821242,0
2023-03-24T14:26:55Z,2023-03-24T14:27:00Z,0.05423792878049305,3.0490851931386835,2.9948472643581905,0
2023-03-24T14:26:55Z,2023-03-24T14:27:00Z,0.010300204343482555,3.022666255796888,3.0123660514534056,0
2023-03-24T14:26:55Z,2023-03-24T14:27:00Z,0.02080637399492291,3.0055967709470215,3.0264031449419444,0
2023-03-24T14:27:55Z,2023-03-24T14:28:00Z,0.06570383391223222,2.972283084405378,3.03798691831761,0
2023-03-24T14:27:55Z,2023-03-24T14:28:00Z,0.0717621237596755,2.975544602131277,3.0473067258909525,0
2023-03-24T14:27:55Z,2023-03-24T14:28:00Z,0.07784046271123124,2.9706613701891755,3.0485018329004068,0
2023-03-24T14:27:55Z,2023-03-24T14:28:00Z,0.08199775503937445,2.963281958764278,3.0452797138036525,0
2023-03-24T14:27:55Z,2023-03-24T14:28:00Z,0.09267284371937956,2.947576085202912,3.0402489289222916,0
2023-03-24T14:27:55Z,2023-03-24T14:28:00Z,0.07303645467229236,2.961253373134928,3.0342898278072203,0
2023-03-24T14:27:55Z,2023-03-24T14:28:00Z,0.005402366599431829,3.019568154221277,3.024970520820709,0
2023-03-24T14:27:55Z,2023-03-24T14:28:00Z,0.03274447151535664,3.048510616597426,3.015766145082069,0
2023-03-24T14:27:55Z,2023-03-24T14:28:00Z,0.05875671967458951,3.0696812598180734,3.010924540143484,0
2023-03-24T14:27:55Z,2023-03-24T14:28:00Z,0.0919040597811529,3.1005877594825564,3.0086836997014035,0
2023-03-24T14:27:55Z,2023-03-24T14:28:00Z,0.12038702398361956,3.127526498368565,3.0071394743849456,0
2023-03-24T14:27:55Z,2023-03-24T14:28:00Z,0.16240234757893512,3.1705790001812337,3.0081766526022986,0
2023-03-24T14:28:55Z,2023-03-24T14:29:00Z,0.18987098660796553,3.2040815857664087,3.014210599158443,0
2023-03-24T14:28:55Z,2023-03-24T14:29:00Z,0.19776438931748963,3.223352891890113,3.0255885025726235,0
2023-03-24T14:28:55Z,2023-03-24T14:29:00Z,0.20036405834939774,3.2412206236004355,3.0408565652510378,0
2023-03-24T14:28:55Z,2023-03-24T14:29:00Z,0.183699070695857,3.2438686980611053,3.0601696273652483,0
2023-03-24T14:28:55Z,2023-03-24T14:29:00Z,0.1766382321969493,3.2572444765982866,3.0806062444013373,0
2023-03-24T14:28:55Z,2023-03-24T14:29:00Z,0.146384954205375,3.248007146904553,3.101622192699178,0
2023-03-24T14:28:55Z,2023-03-24T14:29:00Z,0.09059623448532639,3.2148309285563514,3.124234694071025,0
2023-03-24T14:28:55Z,2023-03-24T14:29:00Z,0.04567229504091541,3.1930170707812975,3.147344775740382,0
2023-03-24T14:28:55Z,2023-03-24T14:29:00Z,0.0021862834964609945,3.169037025038491,3.16685074154203,0
2023-03-24T14:28:55Z,2023-03-24T14:29:00Z,0.022555687604013386,3.1576372782887874,3.1801929658928008,0
2023-03-24T14:28:55Z,2023-03-24T14:29:00Z,0.05637791712526763,3.133086310955307,3.1894642280805745,0
2023-03-24T14:28:55Z,2023-03-24T14:29:00Z,0.0773771373389156,3.118852938316329,3.1962300756552446,0
2023-03-24T14:29:55Z,2023-03-24T14:30:00Z,0.09549956072906296,3.1032304035010094,3.1987299642300724,0
2023-03-24T14:29:55Z,2023-03-24T14:30:00Z,0.11429496767019831,3.0837677996327786,3.198062767302977,0
2023-03-24T14:29:55Z,2023-03-24T14:30:00Z,0.12465620327142668,3.068225902748456,3.1928821060198826,0
2023-03-24T14:29:55Z,2023-03-24T14:30:00Z,0.1323912810672736,3.0512359183269453,3.183627199394219,0
2023-03-24T14:29:55Z,2023-03-24T14:30:00Z,0.1318159389112461,3.0398784151643845,3.1716943540756306,0
2023-03-24T14:29:55Z,2023-03-24T14:30:00Z,0.1171260908057814,3.0399540551718878,3.157080145977669,0
2023-03-24T14:29:55Z,2023-03-24T14:30:00Z,0.09483125645120483,3.04655732930364,3.1413885857548447,0
2023-03-24T14:29:55Z,2023-03-24T14:30:00Z,0.08159566117586126,3.043078276776953,3.124673937952814,0
2023-03-24T14:29:55Z,2023-03-24T14:30:00Z,0.05106486917935138,3.058112928958008,3.109177798137359,0
2023-03-24T14:29:55Z,2023-03-24T14:30:00Z,0.025942702337769852,3.0700233533550194,3.0959660556927893,0
2023-03-24T14:29:55Z,2023-03-24T14:30:00Z,0.0021014282431721654,3.0876902422572474,3.0855888140140753,0
2023-03-24T14:29:55Z,2023-03-24T14:30:00Z,0.0031109582498718424,3.0748614194808597,3.0779723777307315,0
2023-03-24T14:30:55Z,2023-03-24T14:31:00Z,0.026511744424337014,3.0991035809218723,3.0725918364975353,0
2023-03-24T14:30:55Z,2023-03-24T14:31:00Z,0.034017823150953586,3.102130821842763,3.0681129986918094,0
2023-03-24T14:30:55Z,2023-03-24T14:31:00Z,0.044857067950466956,3.111450885304241,3.066593817353774,0
2023-03-24T14:30:55Z,2023-03-24T14:31:00Z,0.043673351484729395,3.1101825856340226,3.066509234149293,0
2023-03-24T14:30:55Z,2023-03-24T14:31:00Z,0.04598517809693581,3.1146238803748036,3.068638702277868,0
2023-03-24T14:30:55Z,2023-03-24T14:31:00Z,0.05784886391078947,3.129715003333701,3.0718661394229114,0
2023-03-24T14:30:55Z,2023-03-24T14:31:00Z,0.04949971457350788,3.126241851077023,3.076742136503515,0
2023-03-24T14:30:55Z,2023-03-24T14:31:00Z,0.05224052326939255,3.1358931665551633,3.0836526432857707,0
2023-03-24T14:30:55Z,2023-03-24T14:31:00Z,0.04348086199968293,3.133771028047387,3.090290166047704,0
2023-03-24T14:30:55Z,2023-03-24T14:31:00Z,0.008347345825925778,3.1055094993545165,3.0971621535285907,0
2023-03-24T14:30:55Z,2023-03-24T14:31:00Z,0.009878999490743556,3.094259519520188,3.1041385190109314,0
2023-03-24T14:30:55Z,2023-03-24T14:31:00Z,0.028141704304873283,3.0796427047365587,3.107784409041432,0
2023-03-24T14:31:55Z,2023-03-24T14:32:00Z,0.07788871346613346,3.0317600160495424,3.109648729515676,0
2023-03-24T14:31:55Z,2023-03-24T14:32:00Z,0.09498880798789378,3.0140408801800365,3.1090296881679302,0
2023-03-24T14:31:55Z,2023-03-24T14:32:00Z,0.1156277346617145,2.9900864609345765,3.105714195596291,0
2023-03-24T14:31:55Z,2023-03-24T14:32:00Z,0.12797889707279264,2.9711920138510486,3.0991709109238412,0
2023-03-24T14:31:55Z,2023-03-24T14:32:00Z,0.1247739668575858,2.965778147073318,3.090552113930904,0
2023-03-24T14:31:55Z,2023-03-24T14:32:00Z,0.12069737829902527,2.9590655916739412,3.0797629699729665,0
2023-03-24T14:31:55Z,2023-03-24T14:32:00Z,0.09809316456965522,2.9705617716678727,3.068654936237528,0
2023-03-24T14:31:55Z,2023-03-24T14:32:00Z,0.09399838071361266,2.962690533316157,3.0566889140297695,0
2023-03-24T14:31:55Z,2023-03-24T14:32:00Z,0.08443863725461043,2.9600077204931723,3.0444463577477827,0
2023-03-24T14:31:55Z,2023-03-24T14:32:00Z,0.06991661163778007,2.961948875513013,3.031865487150793,0
2023-03-24T14:31:55Z,2023-03-24T14:32:00Z,0.05101196940069119,2.9673238680530254,3.0183358374537166,0
2023-03-24T14:31:55Z,2023-03-24T14:32:00Z,0.009948612710235505,2.9951701360869913,3.005118748797227,0
2023-03-24T14:32:55Z,2023-03-24T14:33:00Z,0.025975518570990452,3.020464603421948,2.9944890848509575,0
2023-03-24T14:32:55Z,2023-03-24T14:33:00Z,0.04623342173949441,3.0331002463263594,2.986866824586865,0
2023-03-24T14:32:55Z,2023-03-24T14:33:00Z,0.08293873669359586,3.0652533996408766,2.9823146629472808,0
2023-03-24T14:32:55Z,2023-03-24T14:33:00Z,0.11850987932712709,3.100927636911086,2.982417757583959,0
2023-03-24T14:32:55Z,2023-03-24T14:33:00Z,0.13365279887052628,3.1200099810283946,2.9863571821578683,0
2023-03-24T14:32:55Z,2023-03-24T14:33:00Z,0.13208330163151372,3.126966728095268,2.9948834264637543,0
2023-03-24T14:32:55Z,2023-03-24T14:33:00Z,0.10462813152454986,3.1109590939250236,3.0063309624004737,0
2023-03-24T14:32:55Z,2023-03-24T14:33:00Z,0.09767957508953051,3.116409659107078,3.0187300840175473,0
2023-03-24T14:32:55Z,2023-03-24T14:33:00Z,0.08504175376564183,3.1154559533409643,3.0304141995753224,0
2023-03-24T14:32:55Z,2023-03-24T14:33:00Z,0.07118389998211194,3.112817167821989,3.041633267839877,0
2023-03-24T14:32:55Z,2023-03-24T14:33:00Z,0.07476680547111725,3.128151259466748,3.0533844539956307,0
2023-03-24T14:32:55Z,2023-03-24T14:33:00Z,0.094991901325443,3.1601309281925207,3.0651390268670777,0
2023-03-24T14:33:55Z,2023-03-24T14:34:00Z,0.06949356239968685,3.1474173880324368,3.07792382563275,0
2023-03-24T14:33:55Z,2023-03-24T14:34:00Z,0.07807191870883345,3.170827056660006,3.0927551379511726,0
2023-03-24T14:33:55Z,2023-03-24T14:34:00Z,0.040456595770475445,3.144923060794375,3.1044664650238993,0
2023-03-24T14:33:55Z,2023-03-24T14:34:00Z,0.002906450755471024,3.1131263568252026,3.1160328075806736,0
2023-03-24T14:33:55Z,2023-03-24T14:34:00Z,0.012496137263910079,3.1121384252758415,3.1246345625397516,0
2023-03-24T14:33:55Z,2023-03-24T14:34:00Z,0.019994224725540466,3.148311322433317,3.1283170977077766,0
2023-03-24T14:33:55Z,2023-03-24T14:34:00Z,0.039216274486573166,3.1683957405301,3.129179466043527,0
2023-03-24T14:33:55Z,2023-03-24T14:34:00Z,0.08536284541837436,3.216719337723818,3.1313564923054438,0
2023-03-24T14:33:55Z,2023-03-24T14:34:00Z,0.059257293588877324,3.193800633004693,3.1345433394158158,0
2023-03-24T14:33:55Z,2023-03-24T14:34:00Z,0.027428169003834046,3.1701069117887877,3.1426787427849536,0
2023-03-24T14:33:55Z,2023-03-24T14:34:00Z,0.014841137063660081,3.1337907575595714,3.1486318946232315,0
2023-03-24T14:33:55Z,2023-03-24T14:34:00Z,0.053282644920218836,3.0995531695836145,3.1528358145038333,0
2023-03-24T14:34:55Z,2023-03-24T14:35:00Z,0.04249245999887341,3.1119567075616974,3.154449167560571,0
2023-03-24T14:34:55Z,2023-03-24T14:35:00Z,0.066717215831269,3.0855320986613677,3.1522493144926367,0
2023-03-24T14:34:55Z,2023-03-24T14:35:00Z,0.06375662566769202,3.084786979545651,3.148543605213343,0
2023-03-24T14:34:55Z,2023-03-24T14:35:00Z,0.029121072993549824,3.1146621253450957,3.1437831983386455,0
2023-03-24T14:34:55Z,2023-03-24T14:35:00Z,0.018354469835215603,3.1188102610330954,3.137164730868311,0
2023-03-24T14:34:55Z,2023-03-24T14:35:00Z,0.046064923939213465,3.088772042663768,3.1348369666029816,0
2023-03-24T14:34:55Z,2023-03-24T14:35:00Z,0.06891124621999412,3.066362943783594,3.1352741900035883,0
2023-03-24T14:34:55Z,2023-03-24T14:35:00Z,0.12551751608976058,3.007959259866746,3.1334767759565065,0
2023-03-24T14:34:55Z,2023-03-24T14:35:00Z,0.10970227960345147,3.0174707749184604,3.127173054521912,0
2023-03-24T14:34:55Z,2023-03-24T14:35:00Z,0.07191111865147892,3.0429206681270977,3.1148317867785766,0
2023-03-24T14:34:55Z,2023-03-24T14:35:00Z,0.04163213892595463,3.057872835329133,3.0995049742550878,0
2023-03-24T14:34:55Z,2023-03-24T14:35:00Z,0.03977393663628792,3.048124886474369,3.087898823110657,0
2023-03-24T14:35:55Z,2023-03-24T14:36:00Z,0.039575374229581683,3.0396900583841795,3.079265432613761,0
2023-03-24T14:35:55Z,2023-03-24T14:36:00Z,0.03304770151136038,3.0396280487112315,3.072675750222592,0
2023-03-24T14:35:55Z,2023-03-24T14:36:00Z,0.03774414570171425,3.030326749813229,3.068070895514943,0
2023-03-24T14:35:55Z,2023-03-24T14:36:00Z,0.056400319189269243,3.006106833337176,3.0625071525264453,0
2023-03-24T14:35:55Z,2023-03-24T14:36:00Z,0.07467456557448227,2.9835860216559515,3.058260587230434,0
2023-03-24T14:35:55Z,2023-03-24T14:36:00Z,0.07961250054930646,2.9725957677420145,3.052208268291321,0
2023-03-24T14:35:55Z,2023-03-24T14:36:00Z,0.08812577375941322,2.9539997173250514,3.0421254910844646,0
2023-03-24T14:35:55Z,2023-03-24T14:36:00Z,0.07295043877073715,2.9579277835990285,3.0308782223697657,0
2023-03-24T14:35:55Z,2023-03-24T14:36:00Z,0.043958613430453486,2.9765525069901804,3.020511120420634,0
2023-03-24T14:35:55Z,2023-03-24T14:36:00Z,0.026370306185823367,2.9857996480667666,3.01216995425259,0
2023-03-24T14:35:55Z,2023-03-24T14:36:00Z,0.029640513972736926,2.9801135362124245,3.0097540501851614,0
2023-03-24T14:36:55Z,2023-03-24T14:37:00Z,0.01757020681932664,2.989747602838782,3.0073178096581086,0
2023-03-24T14:36:55Z,2023-03-24T14:37:00Z,0.0019177041230373781,3.0005687876954807,3.002486491818518,0
2023-03-24T14:36:55Z,2023-03-24T14:37:00Z,0.012865140188586643,3.0101112295078476,2.997246089319261,0
2023-03-24T14:36:55Z,2023-03-24T14:37:00Z,0.0353527131872311,3.0289406410619613,2.99358792787473,0
2023-03-24T14:36:55Z,2023-03-24T14:37:00Z,0.0556477280710066,3.046960361416788,2.9913126333457813,0
2023-03-24T14:36:55Z,2023-03-24T14:37:00Z,0.07115160446177438,3.0616421295268434,2.990490525065069,0
2023-03-24T14:36:55Z,2023-03-24T14:37:00Z,0.08035145518512588,3.072121488835084,2.991770033649958,0
2023-03-24T14:36:55Z,2023-03-24T14:37:00Z,0.08837286551994916,3.08441484503065,2.996041979510701,0
2023-03-24T14:36:55Z,2023-03-24T14:37:00Z,0.08788271351023624,3.0907351135731798,3.0028524000629435,0
2023-03-24T14:36:55Z,2023-03-24T14:37:00Z,0.07825028600521877,3.089704153551903,3.011453867546684,0
2023-03-24T14:36:55Z,2023-03-24T14:37:00Z,0.05983170054579601,3.0818036754961824,3.0219719749503864,0
2023-03-24T14:36:55Z,2023-03-24T14:37:00Z,0.07710722918846136,3.1092158479813765,3.032108618792915,0
2023-03-24T14:36:55Z,2023-03-24T14:37:00Z,0.0703980351579685,3.1106028976821136,3.040204862524145,0
2023-03-24T14:37:55Z,2023-03-24T14:38:00Z,0.05114083603075237,3.1008392523944837,3.0496984163637313,0
2023-03-24T14:37:55Z,2023-03-24T14:38:00Z,0.020768061160186146,3.0805041207138935,3.0597360595537073,0
2023-03-24T14:37:55Z,2023-03-24T14:38:00Z,0.0036476982120769996,3.0719292692700693,3.0682815710579923,0
2023-03-24T14:37:55Z,2023-03-24T14:38:00Z,0.0033617068118125815,3.071068736016827,3.0744304428286395,0
2023-03-24T14:37:55Z,2023-03-24T14:38:00Z,0.02067518770222776,3.0585104889542745,3.0791856766565022,0
2023-03-24T14:37:55Z,2023-03-24T14:38:00Z,0.027469895510447984,3.05495640383489,3.082426299345338,0
2023-03-24T14:37:55Z,2023-03-24T14:38:00Z,0.042702324301609806,3.040612446392766,3.083314770694376,0
2023-03-24T14:37:55Z,2023-03-24T14:38:00Z,0.059134791309062074,3.023665692793625,3.082800484102687,0
2023-03-24T14:37:55Z,2023-03-24T14:38:00Z,0.07839523810690796,3.0019814735002157,3.0803767116071237,0
2023-03-24T14:37:55Z,2023-03-24T14:38:00Z,0.07510147998552652,3.000602219911057,3.0757036998965837,0
2023-03-24T14:37:55Z,2023-03-24T14:38:00Z,0.09200019047884345,2.976876306335205,3.0688764968140485,0
2023-03-24T14:37:55Z,2023-03-24T14:38:00Z,0.10195608844865278,2.9600664134699457,3.0620225019185985,0
2023-03-24T14:38:55Z,2023-03-24T14:39:00Z,0.09735539080226996,2.956595775027022,3.053951165829292,0
2023-03-24T14:38:55Z,2023-03-24T14:39:00Z,0.08306582440794763,2.959412307997388,3.0424781324053356,0
2023-03-24T14:38:55Z,2023-03-24T14:39:00Z,0.08400678538112771,2.946624645281509,3.0306314306626367,0
2023-03-24T14:38:55Z,2023-03-24T14:39:00Z,0.09215340413937945,2.927599030800404,3.0197524349397833,0
2023-03-24T14:38:55Z,2023-03-24T14:39:00Z,0.08429007038808622,2.9251639433645904,3.0094540137526766,0
2023-03-24T14:38:55Z,2023-03-24T14:39:00Z,0.08415464011096097,2.914197047605587,2.998351687716548,0
2023-03-24T14:38:55Z,2023-03-24T14:39:00Z,0.05376151751979341,2.933366724608121,2.9871282421279144,0
2023-03-24T14:38:55Z,2023-03-24T14:39:00Z,0.030759015625582364,2.945268192552433,2.9760272081780155,0
2023-03-24T14:38:55Z,2023-03-24T14:39:00Z,0.0031444690349529125,2.9635296868948497,2.9666741559298027,0
2023-03-24T14:38:55Z,2023-03-24T14:39:00Z,0.011577648460226797,2.9709176310176963,2.9593399825574696,0
2023-03-24T14:38:55Z,2023-03-24T14:39:00Z,0.01854861015418008,2.9732627461040515,2.9547141359498714,0
2023-03-24T14:39:55Z,2023-03-24T14:40:00Z,0.02981687263029187,2.9821414822353542,2.9523246096050624,0
2023-03-24T14:39:55Z,2023-03-24T14:40:00Z,0.03481301665034087,2.985034589808711,2.95022157315837,0
2023-03-24T14:39:55Z,2023-03-24T14:40:00Z,0.04246224835225787,2.9930888350414078,2.95062658668915,0
2023-03-24T14:39:55Z,2023-03-24T14:40:00Z,0.05288543785072086,3.005432653489007,2.952547215638286,0
2023-03-24T14:39:55Z,2023-03-24T14:40:00Z,0.057140950537310164,3.012495324638241,2.955354374100931,0
2023-03-24T14:39:55Z,2023-03-24T14:40:00Z,0.061796462517670125,3.0206908631948797,2.9588944006772095,0
2023-03-24T14:39:55Z,2023-03-24T14:40:00Z,0.047587165542521515,3.0115485415548644,2.963961376012343,0
2023-03-24T14:39:55Z,2023-03-24T14:40:00Z,0.006111367408595303,2.9772336536051283,2.971122286196533,0
2023-03-24T14:39:55Z,2023-03-24T14:40:00Z,0.005083675923185371,2.982850931211278,2.9777672552880925,0
2023-03-24T14:39:55Z,2023-03-24T14:40:00Z,0.0016145943276906216,2.981001630652674,2.9826162249803647,0
2023-03-24T14:39:55Z,2023-03-24T14:40:00Z,0.024550329778325608,2.961872372633051,2.9864227024113768,0
2023-03-24T14:39:55Z,2023-03-24T14:40:00Z,0.0073601449009941255,2.981811283518093,2.989171428419087,0
2023-03-24T14:39:55Z,2023-03-24T14:40:00Z,0.006233030818717733,2.982810911887924,2.9890439427066418,0
2023-03-24T14:40:55Z,2023-03-24T14:41:00Z,0.0047861580197055,2.9850957579561976,2.989881915975903,0
2023-03-24T14:40:55Z,2023-03-24T14:41:00Z,0.021589704004479682,2.9690266862624903,2.99061639026697,0
2023-03-24T14:40:55Z,2023-03-24T14:41:00Z,0.010944926517480358,2.979898715728016,2.9908436422454963,0
2023-03-24T14:40:55Z,2023-03-24T14:41:00Z,0.006503481199006345,2.996115746248639,2.9896122650496326,0
2023-03-24T14:40:55Z,2023-03-24T14:41:00Z,0.00092084562373973,2.9876767948633245,2.988597640487064,0
2023-03-24T14:40:55Z,2023-03-24T14:41:00Z,0.022346543775717098,3.0102274990904463,2.987880955314729,0
2023-03-24T14:40:55Z,2023-03-24T14:41:00Z,0.02679598546280859,3.0127678231025445,2.985971837639736,0
2023-03-24T14:40:55Z,2023-03-24T14:41:00Z,0.02096003189009288,3.006126995367949,2.985166963477856,0
2023-03-24T14:40:55Z,2023-03-24T14:41:00Z,0.011196683408177144,2.996457437774316,2.9852607543661387,0
2023-03-24T14:40:55Z,2023-03-24T14:41:00Z,0.02164655223743628,3.009129871354561,2.987483319117125,0
2023-03-24T14:40:55Z,2023-03-24T14:41:00Z,0.0017921832416001315,2.9903221567097287,2.9885299734681285,0
2023-03-24T14:40:55Z,2023-03-24T14:41:00Z,0.015443499395784155,2.9752501848955664,2.9906936842913505,0
2023-03-24T14:41:55Z,2023-03-24T14:42:00Z,0.0313780479891963,2.9615040812311295,2.992882129220326,0
2023-03-24T14:41:55Z,2023-03-24T14:42:00Z,0.025556052053376632,2.966821377272908,2.9923774293262846,0
2023-03-24T14:41:55Z,2023-03-24T14:42:00Z,0.038605049172607764,2.9521333931800777,2.9907384423526855,0
2023-03-24T14:41:55Z,2023-03-24T14:42:00Z,0.04294406142835294,2.9463886593333095,2.9893327207616625,0
2023-03-24T14:41:55Z,2023-03-24T14:42:00Z,0.030606446413597332,2.957426790264803,2.9880332366784,0
2023-03-24T14:41:55Z,2023-03-24T14:42:00Z,0.03066713934500065,2.954788400687653,2.9854555400326537,0
2023-03-24T14:41:55Z,2023-03-24T14:42:00Z,0.005623233063646982,2.976856233431789,2.982479466495436,0
2023-03-24T14:41:55Z,2023-03-24T14:42:00Z,0.01251094831305366,2.9674386417073304,2.979949590020384,0
2023-03-24T14:41:55Z,2023-03-24T14:42:00Z,0.0189140308047544,2.958468538780348,2.9773825695851026,0
2023-03-24T14:41:55Z,2023-03-24T14:42:00Z,0.004579557133649104,2.9784752666114276,2.9738957094777785,0
2023-03-24T14:41:55Z,2023-03-24T14:42:00Z,0.008041349562631694,2.9782710239182872,2.9702296743556555,0
2023-03-24T14:42:55Z,2023-03-24T14:43:00Z,0.0013630271917843828,2.9702094576118334,2.968846430420049,0
2023-03-24T14:42:55Z,2023-03-24T14:43:00Z,0.013605469799432779,2.980078142724383,2.9664726729249504,0
2023-03-24T14:42:55Z,2023-03-24T14:43:00Z,0.012054271535098415,2.9769798137602113,2.964925542225113,0
2023-03-24T14:42:55Z,2023-03-24T14:43:00Z,0.0027324271537056966,2.9680293507502653,2.9652969235965596,0
2023-03-24T14:42:55Z,2023-03-24T14:43:00Z,0.010785940369037128,2.9557014241912984,2.9664873645603356,0
2023-03-24T14:42:55Z,2023-03-24T14:43:00Z,0.023080390360480152,2.9434998952365747,2.966580285597055,0
2023-03-24T14:42:55Z,2023-03-24T14:43:00Z,0.026421348620318863,2.9404334009006763,2.966854749520995,0
2023-03-24T14:42:55Z,2023-03-24T14:43:00Z,0.026185040059140352,2.9404474968390293,2.9666325368981696,0
2023-03-24T14:42:55Z,2023-03-24T14:43:00Z,0.02305687821990876,2.94226847488102,2.965325353100929,0
2023-03-24T14:42:55Z,2023-03-24T14:43:00Z,0.011373921882723348,2.9528482847683115,2.964222206651035,0
2023-03-24T14:42:55Z,2023-03-24T14:43:00Z,0.031283841276458446,2.930277768562979,2.9615616098394373,0
2023-03-24T14:42:55Z,2023-03-24T14:43:00Z,0.04227818807621464,2.9181610866140675,2.960439274690282,0
2023-03-24T14:42:55Z,2023-03-24T14:43:00Z,0.010581267762655777,2.9476894861416745,2.9582707539043303,0
2023-03-24T14:43:55Z,2023-03-24T14:44:00Z,0.011087669754475282,2.964718871351317,2.9536312015968416,0
2023-03-24T14:43:55Z,2023-03-24T14:44:00Z,0.016978689540943837,2.968257465154969,2.9512787756140253,0
2023-03-24T14:43:55Z,2023-03-24T14:44:00Z,0.035658161868017846,2.9865145846927725,2.9508564228247547,0
2023-03-24T14:43:55Z,2023-03-24T14:44:00Z,0.017301362202008175,2.967248502136808,2.9499471399347996,0
2023-03-24T14:43:55Z,2023-03-24T14:44:00Z,0.01601955329325877,2.9346610305594294,2.950680583852688,0
2023-03-24T14:43:55Z,2023-03-24T14:44:00Z,0.027004762346563904,2.923615756228166,2.95062051857473,0
2023-03-24T14:43:55Z,2023-03-24T14:44:00Z,0.026512925434432955,2.922489101322461,2.949002026756894,0
2023-03-24T14:43:55Z,2023-03-24T14:44:00Z,0.013133787126661023,2.9343386904757405,2.9474724776024015,0
2023-03-24T14:43:55Z,2023-03-24T14:44:00Z,0.010158534820212672,2.956250681685829,2.9460921468656163,0
2023-03-24T14:43:55Z,2023-03-24T14:44:00Z,0.014603424436430146,2.9602256631202546,2.9456222386838244,0
2023-03-24T14:43:55Z,2023-03-24T14:44:00Z,0.029640357869042955,2.9763381509224676,2.9466977930534246,0
2023-03-24T14:43:55Z,2023-03-24T14:44:00Z,0.03251067836259569,2.979775962058478,2.947265283695882,0
2023-03-24T14:44:55Z,2023-03-24T14:45:00Z,0.020947513400070505,2.9717559034312977,2.950808390031227,0
2023-03-24T14:44:55Z,2023-03-24T14:45:00Z,0.014015732137740766,2.969563727972384,2.9555479958346433,0
2023-03-24T14:44:55Z,2023-03-24T14:45:00Z,0.0033257661805481398,2.9607250248836245,2.9573992587030764,0
2023-03-24T14:44:55Z,2023-03-24T14:45:00Z,0.01753834645106922,2.9753102864326886,2.9577719399816194,0
2023-03-24T14:44:55Z,2023-03-24T14:45:00Z,0.04448345733571468,3.0016759788349234,2.9571925214992087,0
2023-03-24T14:44:55Z,2023-03-24T14:45:00Z,0.03336200339041939,2.9896926557926986,2.956330652402279,0
2023-03-24T14:44:55Z,2023-03-24T14:45:00Z,0.008377092633531369,2.967356012474127,2.958978919840596,0
2023-03-24T14:44:55Z,2023-03-24T14:45:00Z,0.005764776234819635,2.957447345546797,2.9632121217816167,0
2023-03-24T14:44:55Z,2023-03-24T14:45:00Z,0.03811714886103923,2.92845960801642,2.9665767568774593,0
2023-03-24T14:44:55Z,2023-03-24T14:45:00Z,0.06356311861469921,2.905702733972325,2.969265852587024,0
2023-03-24T14:44:55Z,2023-03-24T14:45:00Z,0.0727218314733995,2.896091784001369,2.9688136154747684,0
2023-03-24T14:44:55Z,2023-03-24T14:45:00Z,0.09680285967320845,2.8681224521312907,2.964925311804499,0
2023-03-24T14:45:55Z,2023-03-24T14:46:00Z,0.10973834598785404,2.8502535904998076,2.9599919364876617,0
2023-03-24T14:45:55Z,2023-03-24T14:46:00Z,0.07489276424570424,2.8767748877195594,2.9516676519652636,0
2023-03-24T14:45:55Z,2023-03-24T14:46:00Z,0.03947213512102854,2.902232257493568,2.9417043926145965,0
2023-03-24T14:45:55Z,2023-03-24T14:46:00Z,0.0009521627963087198,2.935350323433079,2.9343981606367704,0
2023-03-24T14:45:55Z,2023-03-24T14:46:00Z,0.022094586968616436,2.9513134037224007,2.9292188167537843,0
2023-03-24T14:45:55Z,2023-03-24T14:46:00Z,0.030867568767418252,2.958134485409622,2.927266916642204,0
2023-03-24T14:45:55Z,2023-03-24T14:46:00Z,0.04693943801152001,2.9723604405990867,2.9254210025875667,0
2023-03-24T14:45:55Z,2023-03-24T14:46:00Z,0.031807142225213525,2.9538787991646798,2.9220716569394662,0
2023-03-24T14:45:55Z,2023-03-24T14:46:00Z,0.03601531691203519,2.9567537265289165,2.9207384096168814,0
2023-03-24T14:45:55Z,2023-03-24T14:46:00Z,0.041981800017387716,2.9616835009181575,2.9197017009007697,0
2023-03-24T14:45:55Z,2023-03-24T14:46:00Z,0.02637560870431166,2.946023954296013,2.9196483455917015,0
2023-03-24T14:45:55Z,2023-03-24T14:46:00Z,0.021460962052834542,2.943664991713901,2.9222040296610663,0
2023-03-24T14:46:55Z,2023-03-24T14:47:00Z,0.023752156883250386,2.9490578188769074,2.925305661993657,0
2023-03-24T14:46:55Z,2023-03-24T14:47:00Z,0.005716291752142055,2.934681431262149,2.928965139510007,0
2023-03-24T14:46:55Z,2023-03-24T14:47:00Z,0.017450361888780908,2.9177405750631955,2.9351909369519764,0
2023-03-24T14:46:55Z,2023-03-24T14:47:00Z,0.0422055944798827,2.899479791761505,2.941685386241388,0
2023-03-24T14:46:55Z,2023-03-24T14:47:00Z,0.0397129273589889,2.9051236656011405,2.9448365929601295,0
2023-03-24T14:46:55Z,2023-03-24T14:47:00Z,0.041426813342453794,2.9031980514844404,2.9446248648268942,0
2023-03-24T14:46:55Z,2023-03-24T14:47:00Z,0.034310680900313084,2.9079890564010467,2.9422997373013597,0
2023-03-24T14:46:55Z,2023-03-24T14:47:00Z,0.004000117344319154,2.9425986737042966,2.9385985563599775,0
2023-03-24T14:46:55Z,2023-03-24T14:47:00Z,0.018946226426564294,2.9536874420935746,2.9347412156670103,0
2023-03-24T14:46:55Z,2023-03-24T14:47:00Z,0.04097689177809327,2.9734287407608893,2.932451848982796,0
2023-03-24T14:46:55Z,2023-03-24T14:47:00Z,0.07255102840004612,3.004988157608142,2.932437129208096,0
2023-03-24T14:46:55Z,2023-03-24T14:47:00Z,0.11047150019125285,3.044191322801808,2.933719822610555,0
2023-03-24T14:47:55Z,2023-03-24T14:48:00Z,0.1344288568273564,3.0714798068756024,2.937050950048246,0
2023-03-24T14:47:55Z,2023-03-24T14:48:00Z,0.14561479710695835,3.0902170831941116,2.9446022860871532,0
2023-03-24T14:47:55Z,2023-03-24T14:48:00Z,0.14095414131090722,3.095388336256653,2.9544341949457458,0
2023-03-24T14:47:55Z,2023-03-24T14:48:00Z,0.13832933811496684,3.1036219380081906,2.965292599893224,0
2023-03-24T14:47:55Z,2023-03-24T14:48:00Z,0.11584777747410957,3.093502446982295,2.9776546695081856,0
2023-03-24T14:47:55Z,2023-03-24T14:48:00Z,0.13400337596322087,3.12595661185179,2.991953235888569,0
2023-03-24T14:47:55Z,2023-03-24T14:48:00Z,0.12216041321822857,3.129038468739166,3.0068780555209376,0
2023-03-24T14:47:55Z,2023-03-24T14:48:00Z,0.07802745969985558,3.1018926649323815,3.023865205232526,0
2023-03-24T14:47:55Z,2023-03-24T14:48:00Z,0.0623127445121634,3.1035502895335147,3.0412375450213514,0
2023-03-24T14:47:55Z,2023-03-24T14:48:00Z,0.03590907108312491,3.0920622782991942,3.0561532072160693,0
2023-03-24T14:47:55Z,2023-03-24T14:48:00Z,0.02316674281627007,3.0917008435576636,3.0685341007413935,0
2023-03-24T14:47:55Z,2023-03-24T14:48:00Z,0.0002788258014891909,3.0788994931095677,3.079178318911057,0
2023-03-24T14:48:55Z,2023-03-24T14:49:00Z,0.029641231051162453,3.0586349419211847,3.088276172972347,0
2023-03-24T14:48:55Z,2023-03-24T14:49:00Z,0.06720650454383481,3.026755155774776,3.0939616603186106,0
2023-03-24T14:48:55Z,2023-03-24T14:49:00Z,0.09007337751074918,3.004999330432429,3.0950727079431783,0
2023-03-24T14:48:55Z,2023-03-24T14:49:00Z,0.110096897237288,2.9815354529289033,3.0916323501661913,0
2023-03-24T14:48:55Z,2023-03-24T14:49:00Z,0.10834839722107903,2.976728741194214,3.085077138415293,0
2023-03-24T14:48:55Z,2023-03-24T14:49:00Z,0.12118697057950678,2.955132253733651,3.0763192243131576,0
2023-03-24T14:48:55Z,2023-03-24T14:49:00Z,0.1125133916382901,2.9540448175353315,3.0665582091736217,0
2023-03-24T14:48:55Z,2023-03-24T14:49:00Z,0.09014005914073264,2.965774289013763,3.0559143481544955,0
2023-03-24T14:48:55Z,2023-03-24T14:49:00Z,0.07249237547825205,2.970197988498054,3.042690363976306,0
2023-03-24T14:48:55Z,2023-03-24T14:49:00Z,0.031529028773441325,2.9986025521470645,3.030131580920506,0
2023-03-24T14:48:55Z,2023-03-24T14:49:00Z,0.0072854527751560205,3.0272866739699444,3.0200012211947884,0
2023-03-24T14:49:55Z,2023-03-24T14:50:00Z,0.025103672909298602,3.037031991228206,3.0119283183189074,1
2023-03-24T14:49:55Z,2023-03-24T14:50:00Z,0.05276073528800529,3.0597063148123547,3.0069455795243494,1
2023-03-24T14:49:55Z,2023-03-24T14:50:00Z,0.08654113572235289,3.0892814189136675,3.0027402831913146,1
2023-03-24T14:49:55Z,2023-03-24T14:50:00Z,0.11012212850752645,3.111386013368286,3.0012638848607596,1
2023-03-24T14:49:55Z,2023-03-24T14:50:00Z,0.13066370013164263,3.134285006299516,3.003621306167873,1
2023-03-24T14:49:55Z,2023-03-24T14:50:00Z,0.13698994459603897,3.147121316732644,3.010131372136605,1
2023-03-24T14:49:55Z,2023-03-24T14:50:00Z,0.1644916362140485,3.18456806034043,3.0200764241263816,1
2023-03-24T14:49:55Z,2023-03-24T14:50:00Z,0.1784872630522143,3.211301061317345,3.032813798265131,1
2023-03-24T14:49:55Z,2023-03-24T14:50:00Z,0.18378795321139485,3.2325893914108494,3.0488014381994546,1
2023-03-24T14:49:55Z,2023-03-24T14:50:00Z,0.18265388248325998,3.2511606135737683,3.0685067310905083,1
2023-03-24T14:49:55Z,2023-03-24T14:50:00Z,0.15929787528107742,3.249231112054318,3.0899332367732404,1
2023-03-24T14:49:55Z,2023-03-24T14:50:00Z,0.12010506718067226,3.2319910981508357,3.1118860309701635,1
2023-03-24T14:49:55Z,2023-03-24T14:50:00Z,0.09271806126077209,3.226068178658341,3.133350117397569,1
2023-03-24T14:50:55Z,2023-03-24T14:51:00Z,0.04393922290003216,3.1952423053748142,3.151303082474782,1
2023-03-24T14:50:55Z,2023-03-24T14:51:00Z,0.00692157931032078,3.159672388140492,3.1665939674508126,1
2023-03-24T14:50:55Z,2023-03-24T14:51:00Z,0.026225153508223187,3.152538838107713,3.178763991615936,1
2023-03-24T14:50:55Z,2023-03-24T14:51:00Z,0.035983618617636104,3.150470070946618,3.186453689564254,1
2023-03-24T14:50:55Z,2023-03-24T14:51:00Z,0.03906065264715464,3.152258992239719,3.1913196448868737,1
2023-03-24T14:50:55Z,2023-03-24T14:51:00Z,0.061309794265584916,3.1330163165888525,3.1943261108544374,1
2023-03-24T14:50:55Z,2023-03-24T14:51:00Z,0.05098168191388863,3.1447270432436407,3.1957087251575294,1
2023-03-24T14:50:55Z,2023-03-24T14:51:00Z,0.06660914082307512,3.1280145843233935,3.1946237251464686,1
2023-03-24T14:50:55Z,2023-03-24T14:51:00Z,0.06665763023357041,3.124901401290068,3.1915590315236386,1
2023-03-24T14:50:55Z,2023-03-24T14:51:00Z,0.03554593285419427,3.149606446592987,3.185152379447181,1
2023-03-24T14:50:55Z,2023-03-24T14:51:00Z,0.02990320196272256,3.146965485936706,3.176868687899429,1
2023-03-24T14:51:55Z,2023-03-24T14:52:00Z,0.013177990261220796,3.1558788386396865,3.1690568289009073,1
2023-03-24T14:51:55Z,2023-03-24T14:52:00Z,0.02567400381612206,3.1868642460925978,3.1611902422764757,1
2023-03-24T14:51:55Z,2023-03-24T14:52:00Z,0.04807709734823051,3.2034125504315405,3.15533545308331,1
2023-03-24T14:51:55Z,2023-03-24T14:52:00Z,0.04495403460816272,3.197273800571031,3.152319765962868,1
2023-03-24T14:51:55Z,2023-03-24T14:52:00Z,0.06741755513415049,3.2203658014859977,3.1529482463518472,1
2023-03-24T14:51:55Z,2023-03-24T14:52:00Z,0.07006274484080999,3.225903407533469,3.155840662692659,1
2023-03-24T14:51:55Z,2023-03-24T14:52:00Z,0.056643944588392614,3.217702066002457,3.1610581214140643,1
2023-03-24T14:51:55Z,2023-03-24T14:52:00Z,0.06278269824440041,3.2296433840113,3.1668606857668995,1
2023-03-24T14:51:55Z,2023-03-24T14:52:00Z,0.06288663122401639,3.2347813995880497,3.1718947683640333,1
2023-03-24T14:51:55Z,2023-03-24T14:52:00Z,0.08202681550786917,3.2613544352120907,3.1793276197042215,1
2023-03-24T14:51:55Z,2023-03-24T14:52:00Z,0.07414923648473248,3.2604041143692926,3.18625487788456,1
2023-03-24T14:51:55Z,2023-03-24T14:52:00Z,0.06778136309768978,3.2642931525890733,3.1965117894913835,1
2023-03-24T14:51:55Z,2023-03-24T14:52:00Z,0.06661596967871786,3.27355104479158,3.2069350751128622,1
2023-03-24T14:52:55Z,2023-03-24T14:53:00Z,0.060214081441260614,3.275971210861514,3.2157571294202536,1
2023-03-24T14:52:55Z,2023-03-24T14:53:00Z,0.053746278446675344,3.2792407585480734,3.225494480101398,1
2023-03-24T14:52:55Z,2023-03-24T14:53:00Z,0.04715209627895289,3.281884451166645,3.2347323548876923,1
2023-03-24T14:52:55Z,2023-03-24T14:53:00Z,0.014281617769773547,3.2561198582309636,3.24183824046119,1
2023-03-24T14:52:55Z,2023-03-24T14:53:00Z,0.0013639711302615432,3.2465105693874743,3.247874540517736,1
2023-03-24T14:52:55Z,2023-03-24T14:53:00Z,0.0061486225855555965,3.246252537752176,3.2524011603377314,1
2023-03-24T14:52:55Z,2023-03-24T14:53:00Z,0.00948051306946951,3.244931783260683,3.2544122963301527,1
2023-03-24T14:52:55Z,2023-03-24T14:53:00Z,0.012295215790838032,3.2682728298301216,3.2559776140392835,1
2023-03-24T14:52:55Z,2023-03-24T14:53:00Z,0.0008611988210631694,3.2572110088534694,3.2580722076745325,1
2023-03-24T14:52:55Z,2023-03-24T14:53:00Z,0.0017455278233251548,3.2592981756834245,3.2610437035067497,1
2023-03-24T14:52:55Z,2023-03-24T14:53:00Z,0.0026091318235264005,3.265378189889154,3.2627690580656274,1
2023-03-24T14:53:55Z,2023-03-24T14:54:00Z,0.005512367246069516,3.2681232515018,3.2626108842557304,1
2023-03-24T14:53:55Z,2023-03-24T14:54:00Z,0.016381797621153105,3.2793753030707187,3.2629935054495656,1
2023-03-24T14:53:55Z,2023-03-24T14:54:00Z,0.02210623686458657,3.285394365307439,3.2632881284428525,1
2023-03-24T14:53:55Z,2023-03-24T14:54:00Z,0.024095739688141382,3.2878318879986193,3.263736148310478,1
2023-03-24T14:53:55Z,2023-03-24T14:54:00Z,0.0031252901035103697,3.2675862964482913,3.264461006344781,1
2023-03-24T14:53:55Z,2023-03-24T14:54:00Z,0.009780569097759706,3.255341293358601,3.2651218624563607,1
2023-03-24T14:53:55Z,2023-03-24T14:54:00Z,0.0007146049074431282,3.264736609308546,3.264022004401103,1
2023-03-24T14:53:55Z,2023-03-24T14:54:00Z,0.015935942990658702,3.248026171804878,3.263962114795537,1
2023-03-24T14:53:55Z,2023-03-24T14:54:00Z,0.02430335546285045,3.2410607624035372,3.2653641178663877,1
2023-03-24T14:53:55Z,2023-03-24T14:54:00Z,0.044574350010061714,3.220926201244996,3.265500551255058,1
2023-03-24T14:53:55Z,2023-03-24T14:54:00Z,0.06925363829172682,3.195949142128166,3.2652027804198926,1
2023-03-24T14:53:55Z,2023-03-24T14:54:00Z,0.0915255892129121,3.170035142854278,3.26156073206719,1
2023-03-24T14:53:55Z,2023-03-24T14:54:00Z,0.13955242684482894,3.117295853935799,3.256848280780628,1
2023-03-24T14:54:55Z,2023-03-24T14:55:00Z,0.17894759690750206,3.0710342967324236,3.2499818936399256,0
2023-03-24T14:54:55Z,2023-03-24T14:55:00Z,0.21879287685792592,3.01979806786251,3.238590944720436,0
2023-03-24T14:54:55Z,2023-03-24T14:55:00Z,0.2408194602488325,2.9826107956431906,3.223430255892023,0
2023-03-24T14:54:55Z,2023-03-24T14:55:00Z,0.23631435439781123,2.967148421862811,3.203462776260622,0
2023-03-24T14:54:55Z,2023-03-24T14:55:00Z,0.24224796563352058,2.937923766806774,3.1801717324402947,0
2023-03-24T14:54:55Z,2023-03-24T14:55:00Z,0.2712852352771531,2.884218538229618,3.155503773506771,0
2023-03-24T14:54:55Z,2023-03-24T14:55:00Z,0.28232391556255054,2.8478212018179505,3.130145117380501,0
2023-03-24T14:54:55Z,2023-03-24T14:55:00Z,0.298717661132601,2.8028795520072087,3.1015972131398097,0
2023-03-24T14:54:55Z,2023-03-24T14:55:00Z,0.2648287231152091,2.8046980740637855,3.0695267971789946,0
2023-03-24T14:54:55Z,2023-03-24T14:55:00Z,0.22608552480556376,2.809199224696687,3.035284749502251,0
2023-03-24T14:54:55Z,2023-03-24T14:55:00Z,0.19700686154839264,2.804711527312339,3.0017183888607315,0
2023-03-24T14:54:55Z,2023-03-24T14:55:00Z,0.15534905940536348,2.8146980235670367,2.9700470829724,0
2023-03-24T14:55:55Z,2023-03-24T14:56:00Z,0.1409731576310942,2.798978724201627,2.9399518818327213,0
2023-03-24T14:55:55Z,2023-03-24T14:56:00Z,0.09602294533527678,2.816595311936888,2.9126182572721646,0
2023-03-24T14:55:55Z,2023-03-24T14:56:00Z,0.10360006476978922,2.7845322594459003,2.8881323242156896,0
2023-03-24T14:55:55Z,2023-03-24T14:56:00Z,0.0902886388097861,2.7782714558062462,2.8685600946160323,0
2023-03-24T14:55:55Z,2023-03-24T14:56:00Z,0.09779112446553029,2.7526716002723024,2.8504627247378327,0
2023-03-24T14:55:55Z,2023-03-24T14:56:00Z,0.09744142875727935,2.737302885223865,2.8347443139811443,0
2023-03-24T14:55:55Z,2023-03-24T14:56:00Z,0.08050196267438414,2.7377441342613356,2.8182460969357197,0
2023-03-24T14:55:55Z,2023-03-24T14:56:00Z,0.08322847700755265,2.71958524442179,2.8028137214293425,0
2023-03-24T14:55:55Z,2023-03-24T14:56:00Z,0.09938418628877255,2.692162273296855,2.7915464595856276,0
2023-03-24T14:55:55Z,2023-03-24T14:56:00Z,0.101397090580853,2.680285064589687,2.78168215517054,0
2023-03-24T14:55:55Z,2023-03-24T14:56:00Z,0.07260660493687698,2.7005588364867124,2.7731654414235893,0
2023-03-24T14:56:55Z,2023-03-24T14:57:00Z,0.07013462219652133,2.693460587729061,2.7635952099255823,0
2023-03-24T14:56:55Z,2023-03-24T14:57:00Z,0.044393358078033796,2.710844898908319,2.755238256986353,0
2023-03-24T14:56:55Z,2023-03-24T14:57:00Z,0.0582690177402192,2.688411474662804,2.7466804924030233,0
2023-03-24T14:56:55Z,2023-03-24T14:57:00Z,0.01303903901991399,2.7256527514862854,2.7386917905061994,0
2023-03-24T14:56:55Z,2023-03-24T14:57:00Z,0.014754211335594292,2.7449408288003454,2.730186617464751,0
2023-03-24T14:56:55Z,2023-03-24T14:57:00Z,0.039982106133575446,2.7631731420252037,2.7231910358916283,0
2023-03-24T14:56:55Z,2023-03-24T14:57:00Z,0.08034639475620553,2.800491935982791,2.7201455412265854,0
2023-03-24T14:56:55Z,2023-03-24T14:57:00Z,0.1040288522074988,2.8230129846816965,2.7189841324741977,0
2023-03-24T14:56:55Z,2023-03-24T14:57:00Z,0.13547745687756008,2.858140076714103,2.722662619836543,0
2023-03-24T14:56:55Z,2023-03-24T14:57:00Z,0.14534366430254186,2.874599368712764,2.729255704410222,0
2023-03-24T14:56:55Z,2023-03-24T14:57:00Z,0.14099748457238315,2.8795144153251258,2.7385169307527426,0
2023-03-24T14:56:55Z,2023-03-24T14:57:00Z,0.174625781068936,2.9250668752286764,2.7504410941597404,0
2023-03-24T14:56:55Z,2023-03-24T14:57:00Z,0.19437474707307878,2.9592275444657634,2.7648527973926846,0
2023-03-24T14:57:55Z,2023-03-24T14:58:00Z,0.20955666831373865,2.9932388357555766,2.783682167441838,0
2023-03-24T14:57:55Z,2023-03-24T14:58:00Z,0.2195552675647221,3.023135027928025,2.803579760363303,0
2023-03-24T14:57:55Z,2023-03-24T14:58:00Z,0.11680345211338672,2.943443077709499,2.8266396255961124,0
2023-03-24T14:57:55Z,2023-03-24T14:58:00Z,0.09873680791339856,2.9493987511264113,2.8506619432130127,0
2023-03-24T14:57:55Z,2023-03-24T14:58:00Z,0.09244244816771063,2.9627222069996995,2.870279758831989,0
2023-03-24T14:57:55Z,2023-03-24T14:58:00Z,0.044733149581341,2.9322241391548776,2.8874909895735366,0
2023-03-24T14:57:55Z,2023-03-24T14:58:00Z,0.08363915126144539,2.820604252019734,2.9042434032811792,0
2023-03-24T14:57:55Z,2023-03-24T14:58:00Z,0.27260493399169317,2.644642392145615,2.917247326137308,0
2023-03-24T14:57:55Z,2023-03-24T14:58:00Z,0.4322896323363712,2.486504795034548,2.918794427370919,0
2023-03-24T14:57:55Z,2023-03-24T14:58:00Z,0.5575240712903438,2.3475495412701073,2.905073612560451,0
2023-03-24T14:57:55Z,2023-03-24T14:58:00Z,0.5129603091027821,2.3635259740977035,2.8764862832004856,0
2023-03-24T14:57:55Z,2023-03-24T14:58:00Z,0.5277020124719933,2.308241976309826,2.8359439887818194,0
2023-03-24T14:58:55Z,2023-03-24T14:59:00Z,0.37722920818381844,2.4190233620420463,2.7962525702258647,0
2023-03-24T14:58:55Z,2023-03-24T14:59:00Z,0.2357589191846432,2.5130455818936173,2.7488045010782605,0
2023-03-24T14:58:55Z,2023-03-24T14:59:00Z,0.20623396160447438,2.501016371595039,2.7072503331995135,0
2023-03-24T14:58:55Z,2023-03-24T14:59:00Z,0.05474350742972289,2.615568883165024,2.670312390594747,0
2023-03-24T14:58:55Z,2023-03-24T14:59:00Z,0.08597188713630333,2.716121304166975,2.6301494170306716,0
2023-03-24T14:58:55Z,2023-03-24T14:59:00Z,0.1975346090093386,2.8024629341519733,2.6049283251426347,0
2023-03-24T14:58:55Z,2023-03-24T14:59:00Z,0.33433352552279594,2.921317431668551,2.586983906145755,0
2023-03-24T14:58:55Z,2023-03-24T14:59:00Z,0.5282916243062665,3.1029478940791195,2.574656269772853,0
2023-03-24T14:58:55Z,2023-03-24T14:59:00Z,0.6568883019623528,3.230705594236257,2.573817292273904,0
2023-03-24T14:58:55Z,2023-03-24T14:59:00Z,0.6511400241788778,3.2466760581496588,2.595536033970781,0
2023-03-24T14:58:55Z,2023-03-24T14:59:00Z,0.5569387193962108,3.1975565381431945,2.6406178187469838,0
2023-03-24T14:58:55Z,2023-03-24T14:59:00Z,0.4533066301409048,3.1523991614352047,2.6990925312943,0
2023-03-24T14:59:55Z,2023-03-24T15:00:00Z,0.3640410685735045,3.128518753473427,2.7644776848999224,0
2023-03-24T14:59:55Z,2023-03-24T15:00:00Z,0.2937164205609797,3.1188766583330176,2.825160237772038,0
2023-03-24T14:59:55Z,2023-03-24T15:00:00Z,0.21001669659233224,3.098275147992339,2.8882584514000067,0
2023-03-24T14:59:55Z,2023-03-24T15:00:00Z,0.1546447974932894,3.096738117838756,2.9420933203454664,0
2023-03-24T14:59:55Z,2023-03-24T15:00:00Z,0.10379103840366533,3.0909020176798023,2.987110979276137,0
2023-03-24T14:59:55Z,2023-03-24T15:00:00Z,0.05127111170017162,3.0842068406873633,3.0329357289871917,0
2023-03-24T14:59:55Z,2023-03-24T15:00:00Z,0.010260803897785387,3.059239012359774,3.0694998162575593,0
2023-03-24T14:59:55Z,2023-03-24T15:00:00Z,0.06544826951877569,3.032365818778814,3.0978140882975898,0
2023-03-24T14:59:55Z,2023-03-24T15:00:00Z,0.11119156788535589,3.0063745264282185,3.1175660943135743,0
2023-03-24T14:59:55Z,2023-03-24T15:00:00Z,0.13358593614835002,2.9925223417890905,3.1261082779374405,0
2023-03-24T14:59:55Z,2023-03-24T15:00:00Z,0.13671834796208193,2.981961209386828,3.11867955734891,0
2023-03-24T14:59:55Z,2023-03-24T15:00:00Z,0.1356897295549575,2.9646680391441698,3.1003577686991273,0
2023-03-24T15:00:55Z,2023-03-24T15:01:00Z,0.16896041825643682,2.9110346697686276,3.0799950880250644,0
2023-03-24T15:00:55Z,2023-03-24T15:01:00Z,0.14713931509972777,2.9149412730023343,3.062080588102062,0
2023-03-24T15:00:55Z,2023-03-24T15:01:00Z,0.1375285551558254,2.9059855335872693,3.0435140887430947,0
2023-03-24T15:00:55Z,2023-03-24T15:01:00Z,0.12440444483017377,2.9026806069536053,3.027085051783779,0
2023-03-24T15:00:55Z,2023-03-24T15:01:00Z,0.09437264505856646,2.9163361663601552,3.0107088114187217,0
2023-03-24T15:00:55Z,2023-03-24T15:01:00Z,0.05810386258743172,2.9375592149052334,2.995663077492665,0
2023-03-24T15:00:55Z,2023-03-24T15:01:00Z,0.01769884498853047,2.964087159313473,2.9817860043020037,0
2023-03-24T15:00:55Z,2023-03-24T15:01:00Z,0.036685806009742805,3.006676210098318,2.969990404088575,0
2023-03-24T15:00:55Z,2023-03-24T15:01:00Z,0.0742418430340499,3.0349922716323263,2.9607504285982764,0
2023-03-24T15:00:55Z,2023-03-24T15:01:00Z,0.10175669031567525,3.0584638264323014,2.956707136116626,0
2023-03-24T15:00:55Z,2023-03-24T15:01:00Z,0.13021929156845724,3.087128462519969,2.9569091709515116,0
2023-03-24T15:00:55Z,2023-03-24T15:01:00Z,0.1778901023638091,3.138806142546404,2.960916040182595,0
2023-03-24T15:01:55Z,2023-03-24T15:02:00Z,0.24531487504523408,3.2135083091302046,2.9681934340849705,1
2023-03-24T15:01:55Z,2023-03-24T15:02:00Z,0.2350357571658659,3.215294186109266,2.9802584289434,1
2023-03-24T15:01:55Z,2023-03-24T15:02:00Z,0.23056461306552833,3.2299646012386223,2.999399988173094,1
2023-03-24T15:01:55Z,2023-03-24T15:02:00Z,0.23053518717201094,3.2533397535251547,3.0228045663531438,1
2023-03-24T15:01:55Z,2023-03-24T15:02:00Z,0.21668820701161629,3.263725337075243,3.0470371300636265,1
2023-03-24T15:01:55Z,2023-03-24T15:02:00Z,0.17656563080727272,3.2503223162507364,3.0737566854434637,1
2023-03-24T15:01:55Z,2023-03-24T15:02:00Z,0.1696257192350874,3.27115507622637,3.1015293569912825,1
2023-03-24T15:01:55Z,2023-03-24T15:02:00Z,0.12685274553463088,3.254073344825189,3.127220599290558,1
2023-03-24T15:01:55Z,2023-03-24T15:02:00Z,0.061731948423422,3.214613767815606,3.152881819392184,1
2023-03-24T15:01:55Z,2023-03-24T15:02:00Z,0.04960788734732313,3.2247963363942542,3.175188449046931,1
2023-03-24T15:01:55Z,2023-03-24T15:02:00Z,0.024525745881540217,3.215709391675955,3.191183645794415,1
2023-03-24T15:01:55Z,2023-03-24T15:02:00Z,0.05379672113279055,3.151987237335619,3.2057839584684094,1
2023-03-24T15:02:55Z,2023-03-24T15:03:00Z,0.13032116308512753,3.0875586080943322,3.21787977117946,1
2023-03-24T15:02:55Z,2023-03-24T15:03:00Z,0.16507961407869232,3.0577892936250484,3.2228689077037407,1
2023-03-24T15:02:55Z,2023-03-24T15:03:00Z,0.1682096308689469,3.050717158800019,3.218926789668966,1
2023-03-24T15:02:55Z,2023-03-24T15:03:00Z,0.23404123546757694,2.9729071683933004,3.2069484038608773,1
2023-03-24T15:02:55Z,2023-03-24T15:03:00Z,0.2697127324779265,2.92457590005147,3.1942886325293967,1
2023-03-24T15:02:55Z,2023-03-24T15:03:00Z,0.25382248082050296,2.9206925030284836,3.1745149838489866,1
2023-03-24T15:02:55Z,2023-03-24T15:03:00Z,0.25904000259169413,2.890185454067009,3.1492254566587032,1
2023-03-24T15:02:55Z,2023-03-24T15:03:00Z,0.24025488066456457,2.882583434913619,3.1228383155781834,1
2023-03-24T15:02:55Z,2023-03-24T15:03:00Z,0.1987683424955753,2.8963671375300137,3.095135480025589,1
2023-03-24T15:02:55Z,2023-03-24T15:03:00Z,0.20067372419800789,2.8645716295727546,3.0652453537707625,1
2023-03-24T15:02:55Z,2023-03-24T15:03:00Z,0.17451712339247782,2.8632123682786554,3.0377294916711333,1
2023-03-24T15:03:55Z,2023-03-24T15:04:00Z,0.11425278641560288,2.896550386929157,3.01080317334476,1
2023-03-24T15:03:55Z,2023-03-24T15:04:00Z,0.050123171511206266,2.9328658504400456,2.982989021951252,1
2023-03-24T15:03:55Z,2023-03-24T15:04:00Z,0.007570096551480443,2.9508682327269415,2.958438329278422,1
2023-03-24T15:03:55Z,2023-03-24T15:04:00Z,0.008654587000721303,2.9329282509780406,2.941582837978762,1
2023-03-24T15:03:55Z,2023-03-24T15:04:00Z,0.04185511627999494,2.972923309999727,2.931068193719732,1
2023-03-24T15:03:55Z,2023-03-24T15:04:00Z,0.06978525167673677,2.9912487498082374,2.9214634981315006,1
2023-03-24T15:03:55Z,2023-03-24T15:04:00Z,0.07155449044729956,2.9870338463633934,2.915479355916094,1
2023-03-24T15:03:55Z,2023-03-24T15:04:00Z,0.0666877680455844,2.98357801483975,2.9168902467941655,1
2023-03-24T15:03:55Z,2023-03-24T15:04:00Z,0.07251095072673985,2.994205654929515,2.921694704202775,1
2023-03-24T15:03:55Z,2023-03-24T15:04:00Z,0.044175669330499545,2.9707077205956796,2.92653205126518,1
2023-03-24T15:03:55Z,2023-03-24T15:04:00Z,0.04557697070209654,2.9801105758797775,2.934533605177681,1
2023-03-24T15:03:55Z,2023-03-24T15:04:00Z,0.04038983877090985,2.9817022351549025,2.9413123963839927,1
2023-03-24T15:03:55Z,2023-03-24T15:04:00Z,0.03245908691547017,2.9802132862494446,2.9477541993339744,1
2023-03-24T15:04:55Z,2023-03-24T15:05:00Z,0.012137401187445995,2.9689016471046634,2.9567642459172174,1
2023-03-24T15:04:55Z,2023-03-24T15:05:00Z,0.00485453828272675,2.960909778247628,2.965764316530355,1
2023-03-24T15:04:55Z,2023-03-24T15:05:00Z,0.0006941365470436445,2.97202393462936,2.9713297980823166,1
2023-03-24T15:04:55Z,2023-03-24T15:05:00Z,0.007448375259057283,2.966038648039228,2.973487023298285,1
2023-03-24T15:04:55Z,2023-03-24T15:05:00Z,0.011004444627354282,2.9861188296104406,2.9751143849830863,1
2023-03-24T15:04:55Z,2023-03-24T15:05:00Z,0.006682839711472877,2.9843441783146503,2.9776613386031774,1
2023-03-24T15:04:55Z,2023-03-24T15:05:00Z,0.0019269062836144712,2.9767494722896184,2.978676378573233,1
2023-03-24T15:04:55Z,2023-03-24T15:05:00Z,0.027220270384385792,2.9509249873047243,2.97814525768911,1
2023-03-24T15:04:55Z,2023-03-24T15:05:00Z,0.020009026582486378,2.957345125408641,2.9773541519911273,1
2023-03-24T15:04:55Z,2023-03-24T15:05:00Z,0.03000299141727991,2.9448393892249993,2.9748423806422792,1
2023-03-24T15:04:55Z,2023-03-24T15:05:00Z,0.030880535438252643,2.941126419856267,2.97200695529452,1
2023-03-24T15:04:55Z,2023-03-24T15:05:00Z,0.021493368723326522,2.9485237149272954,2.970017083650622,1
2023-03-24T15:05:55Z,2023-03-24T15:06:00Z,0.005812468605677079,2.9612058338123672,2.9670183024180443,1
2023-03-24T15:05:55Z,2023-03-24T15:06:00Z,0.0062743455860383435,2.958191762968344,2.964466108554382,1
2023-03-24T15:05:55Z,2023-03-24T15:06:00Z,0.02332873926429979,2.986332736092752,2.9630039968284523,1
2023-03-24T15:05:55Z,2023-03-24T15:06:00Z,0.050541829261570914,3.0127219888487677,2.962180159587197,1
2023-03-24T15:05:55Z,2023-03-24T15:06:00Z,0.0395113278804895,3.003647099609619,2.9641357717291297,1
2023-03-24T15:05:55Z,2023-03-24T15:06:00Z,0.03542852353691206,3.0026949148213804,2.9672663912844683,1
2023-03-24T15:05:55Z,2023-03-24T15:06:00Z,0.054231120545809475,3.024390469643386,2.9701593490975764,1
2023-03-24T15:05:55Z,2023-03-24T15:06:00Z,0.07576009559424257,3.0471945281695834,2.971434432575341,1
2023-03-24T15:05:55Z,2023-03-24T15:06:00Z,0.08181453671933259,3.0563294532430376,2.974514916523705,1
2023-03-24T15:05:55Z,2023-03-24T15:06:00Z,0.08886710961390998,3.0688008765899197,2.9799337669760098,1
2023-03-24T15:05:55Z,2023-03-24T15:06:00Z,0.08542224786391861,3.073464050681337,2.9880418028174183,1
2023-03-24T15:05:55Z,2023-03-24T15:06:00Z,0.07147846712140593,3.0680937892604607,2.996615322139055,1
2023-03-24T15:06:55Z,2023-03-24T15:07:00Z,0.04897616619567069,3.0554856930621366,3.006509526866466,1
2023-03-24T15:06:55Z,2023-03-24T15:07:00Z,0.02323505619803745,3.0395113037879025,3.016276247589865,1
2023-03-24T15:06:55Z,2023-03-24T15:07:00Z,0.014787501917558732,3.009716590144217,3.024504092061776,1
2023-03-24T15:06:55Z,2023-03-24T15:07:00Z,0.022305570652152884,3.008222019100049,3.030527589752202,1
2023-03-24T15:06:55Z,2023-03-24T15:07:00Z,0.01554757278392227,3.018943465212578,3.0344910379965,1
2023-03-24T15:06:55Z,2023-03-24T15:07:00Z,0.013028751311384923,3.0231460776856762,3.036174828997061,1
2023-03-24T15:06:55Z,2023-03-24T15:07:00Z,0.00528348735768569,3.041936891459655,3.0366534041019695,1
2023-03-24T15:06:55Z,2023-03-24T15:07:00Z,0.0019138812009882322,3.0400672066934233,3.038153325492435,1
2023-03-24T15:06:55Z,2023-03-24T15:07:00Z,0.004663499865827259,3.045835438945822,3.041171939079995,1
2023-03-24T15:06:55Z,2023-03-24T15:07:00Z,0.013384450403510773,3.0557622923335086,3.042377841929998,1
2023-03-24T15:06:55Z,2023-03-24T15:07:00Z,0.01695943449142634,3.05923273109652,3.0422732966050936,1
2023-03-24T15:06:55Z,2023-03-24T15:07:00Z,0.027860744951700767,3.070090413794523,3.0422296688428223,1
2023-03-24T15:07:55Z,2023-03-24T15:08:00Z,0.03245288223207066,3.0739465398830927,3.041493657651022,1
2023-03-24T15:07:55Z,2023-03-24T15:08:00Z,0.03726256829226671,3.078496715413534,3.0412341471212674,1
2023-03-24T15:07:55Z,2023-03-24T15:08:00Z,0.05495893104553362,3.096643289753157,3.041684358707623,1
2023-03-24T15:07:55Z,2023-03-24T15:08:00Z,0.06232779453499848,3.1057822318850374,3.043454437350039,1
2023-03-24T15:07:55Z,2023-03-24T15:08:00Z,0.04855715728754406,3.096406362788757,3.0478492055012127,1
2023-03-24T15:07:55Z,2023-03-24T15:08:00Z,0.03655493079878669,3.0917938010492927,3.055238870250506,1
2023-03-24T15:07:55Z,2023-03-24T15:08:00Z,0.007522788908608913,3.0695450702120914,3.0620222813034825,1
2023-03-24T15:07:55Z,2023-03-24T15:08:00Z,0.008558529544555604,3.076184682835479,3.0676261532909233,1
2023-03-24T15:07:55Z,2023-03-24T15:08:00Z,0.009439570874705705,3.0806348774368915,3.0711953065621858,1
2023-03-24T15:07:55Z,2023-03-24T15:08:00Z,0.05850376040073435,3.132333512453368,3.073829752052634,1
2023-03-24T15:07:55Z,2023-03-24T15:08:00Z,0.08928647765220621,3.1662368197620303,3.076950342109824,1
2023-03-24T15:08:55Z,2023-03-24T15:09:00Z,0.10677626597205858,3.190380306044001,3.0836040400719424,0
2023-03-24T15:08:55Z,2023-03-24T15:09:00Z,0.13374288271745716,3.2258449633608244,3.0921020806433672,0
2023-03-24T15:08:55Z,2023-03-24T15:09:00Z,0.15914783533661359,3.261338190975941,3.1021903556393275,0
2023-03-24T15:08:55Z,2023-03-24T15:09:00Z,0.16327078245408488,3.2774422572908195,3.1141714748367346,0
2023-03-24T15:08:55Z,2023-03-24T15:09:00Z,0.13234014236360814,3.260926359592101,3.128586217228493,0
2023-03-24T15:08:55Z,2023-03-24T15:09:00Z,0.09915639468026738,3.24304611513009,3.1438897204498226,0
2023-03-24T15:08:55Z,2023-03-24T15:09:00Z,0.05311923925134421,3.2096461189195473,3.156526879668203,0
2023-03-24T15:08:55Z,2023-03-24T15:09:00Z,0.09152574864568264,3.0755598912721394,3.167085639917822,0
2023-03-24T15:08:55Z,2023-03-24T15:09:00Z,0.1936394397415162,2.982156950647905,3.1757963903894213,0
2023-03-24T15:08:55Z,2023-03-24T15:09:00Z,0.23702636699390567,2.9375212611049655,3.174547628098871,0
2023-03-24T15:08:55Z,2023-03-24T15:09:00Z,0.18849783273097165,2.979327632324501,3.1678254650554725,0
2023-03-24T15:08:55Z,2023-03-24T15:09:00Z,0.18758032876953568,2.969578719229744,3.1571590479992797,0
2023-03-24T15:08:55Z,2023-03-24T15:09:00Z,0.2124428020022564,2.9369233809883766,3.149366182990633,0
2023-03-24T15:09:55Z,2023-03-24T15:10:00Z,0.17527172767810306,2.9615748558337898,3.136846583511893,0
2023-03-24T15:09:55Z,2023-03-24T15:10:00Z,0.15853618113875756,2.9606709070828545,3.119207088221612,0
2023-03-24T15:09:55Z,2023-03-24T15:10:00Z,0.11856020499966125,2.983046463975011,3.1016066689746724,0
2023-03-24T15:09:55Z,2023-03-24T15:10:00Z,0.08403546810115703,2.9971731965444413,3.0812086646455983,0
2023-03-24T15:09:55Z,2023-03-24T15:10:00Z,0.108921590821621,2.950880017900829,3.05980160872245,0
2023-03-24T15:09:55Z,2023-03-24T15:10:00Z,0.1601741365882967,2.8780683136152003,3.038242450203497,0
2023-03-24T15:09:55Z,2023-03-24T15:10:00Z,0.05116901679941188,2.9632237148124494,3.0143927316118613,0
2023-03-24T15:09:55Z,2023-03-24T15:10:00Z,0.03026076853806492,3.0165782846487805,2.9863175161107156,0
2023-03-24T15:09:55Z,2023-03-24T15:10:00Z,0.02174420892764939,2.945617737636367,2.9673619465640164,0
2023-03-24T15:09:55Z,2023-03-24T15:10:00Z,0.007208061479447636,2.970032961380128,2.9628248999006805,0
2023-03-24T15:09:55Z,2023-03-24T15:10:00Z,0.08157910978178506,3.0415933009892706,2.9600141912074855,0
2023-03-24T15:09:55Z,2023-03-24T15:10:00Z,0.16111018973552182,3.123625280964174,2.962515091228652,0
2023-03-24T15:10:55Z,2023-03-24T15:11:00Z,0.14763491523673888,3.1149396732857575,2.9673047580490186,0
2023-03-24T15:10:55Z,2023-03-24T15:11:00Z,0.13856618025466094,3.117720673821713,2.979154493567052,0
2023-03-24T15:10:55Z,2023-03-24T15:11:00Z,0.13970452532801847,3.1325525798410228,2.9928480545130043,0
2023-03-24T15:10:55Z,2023-03-24T15:11:00Z,0.09954836932148714,3.1044076406027936,3.0048592712813065,0
2023-03-24T15:10:55Z,2023-03-24T15:11:00Z,0.06536125940162574,3.083442197818176,3.01808093841655,0
2023-03-24T15:10:55Z,2023-03-24T15:11:00Z,0.11195663016407353,3.1393730437058376,3.027416413541764,0
2023-03-24T15:10:55Z,2023-03-24T15:11:00Z,0.08754351110552028,3.12159600166834,3.0340524905628197,0
2023-03-24T15:10:55Z,2023-03-24T15:11:00Z,0.06377645671484578,3.112328410801128,3.048551954086282,0
2023-03-24T15:10:55Z,2023-03-24T15:11:00Z,0.017210226770539183,3.0844950799378323,3.067284853167293,0
2023-03-24T15:10:55Z,2023-03-24T15:11:00Z,0.03632715095577854,3.042427294210643,3.0787544451664215,0
2023-03-24T15:10:55Z,2023-03-24T15:11:00Z,0.03684438229146281,3.0471344317433475,3.0839788140348103,0
2023-03-24T15:11:55Z,2023-03-24T15:12:00Z,0.09478713790580207,2.9966385650962604,3.0914257030020624,1
2023-03-24T15:11:55Z,2023-03-24T15:12:00Z,0.1326534269956996,2.964703158341995,3.0973565853376948,1
2023-03-24T15:11:55Z,2023-03-24T15:12:00Z,0.16727229152208345,2.926626237208456,3.0938985287305396,1
2023-03-24T15:11:55Z,2023-03-24T15:12:00Z,0.17748267112859617,2.9041910789387,3.081673750067296,1
2023-03-24T15:11:55Z,2023-03-24T15:12:00Z,0.19041306302831362,2.8767750381099595,3.067188101138273,1
2023-03-24T15:11:55Z,2023-03-24T15:12:00Z,0.1852207027263022,2.8655420449594318,3.050762747685734,1
2023-03-24T15:11:55Z,2023-03-24T15:12:00Z,0.1441539155590208,2.886933636608939,3.0310875521679597,1
2023-03-24T15:11:55Z,2023-03-24T15:12:00Z,0.11080027493292999,2.901913000647079,3.012713275580009,1
2023-03-24T15:11:55Z,2023-03-24T15:12:00Z,0.06373586214318427,2.9338613702668828,2.997597232410067,1
2023-03-24T15:11:55Z,2023-03-24T15:12:00Z,0.01902458308563748,2.960306492166063,2.9793310752517006,1
2023-03-24T15:11:55Z,2023-03-24T15:12:00Z,0.025087445139727382,2.9899773948990087,2.9648899497592813,1
2023-03-24T15:11:55Z,2023-03-24T15:12:00Z,0.04474335551150865,2.997939311529631,2.9531959560181225,1
2023-03-24T15:11:55Z,2023-03-24T15:12:00Z,0.0768082598832982,3.0227336247445873,2.945925364861289,1
2023-03-24T15:12:55Z,2023-03-24T15:13:00Z,0.09421296042734317,3.036716172774709,2.942503212347366,1
2023-03-24T15:12:55Z,2023-03-24T15:13:00Z,0.10016837572414827,3.0407946029177637,2.9406262271936154,1
2023-03-24T15:12:55Z,2023-03-24T15:13:00Z,0.14927823018932473,3.092987350281282,2.9437091200919574,1
2023-03-24T15:12:55Z,2023-03-24T15:13:00Z,0.1558270760124172,3.105389384148664,2.949562308136247,1
2023-03-24T15:12:55Z,2023-03-24T15:13:00Z,0.15234858562535214,3.114707902459509,2.962359316834157,1
2023-03-24T15:12:55Z,2023-03-24T15:13:00Z,0.12922802999959115,3.107064139542207,2.977836109542616,1
2023-03-24T15:12:55Z,2023-03-24T15:13:00Z,0.11100129237885037,3.1071399299483544,2.996138637569504,1
2023-03-24T15:12:55Z,2023-03-24T15:13:00Z,0.08132228283633092,3.096039543066049,3.014717260229718,1
2023-03-24T15:12:55Z,2023-03-24T15:13:00Z,0.06377171694362849,3.095427922814839,3.0316562058712107,1
2023-03-24T15:12:55Z,2023-03-24T15:13:00Z,0.049077325998236,3.095666342824752,3.046589016826516,1
2023-03-24T15:12:55Z,2023-03-24T15:13:00Z,0.04987060326902437,3.1088878164453835,3.059017213176359,1
2023-03-24T15:13:55Z,2023-03-24T15:14:00Z,0.035088347248826146,3.1045178566297,3.069429509380874,0
2023-03-24T15:13:55Z,2023-03-24T15:14:00Z,0.015330904404422974,3.0939073692888632,3.0785764648844403,0
2023-03-24T15:13:55Z,2023-03-24T15:14:00Z,0.01296921518570393,3.099744029693227,3.086774814507523,0
2023-03-24T15:13:55Z,2023-03-24T15:14:00Z,0.011320026368712988,3.0809296915652924,3.0922497179340054,0
2023-03-24T15:13:55Z,2023-03-24T15:14:00Z,0.013218426880490686,3.083879587739555,3.0970980146200455,0
2023-03-24T15:13:55Z,2023-03-24T15:14:00Z,0.009622527311731854,3.0905628018196625,3.1001853291313943,0
2023-03-24T15:13:55Z,2023-03-24T15:14:00Z,0.007705033376528281,3.107189765389328,3.0994847320127996,0
2023-03-24T15:13:55Z,2023-03-24T15:14:00Z,0.0029949924476015966,3.1013392181274013,3.0983442256797997,0
2023-03-24T15:13:55Z,2023-03-24T15:14:00Z,0.008327776325532277,3.1060936837691644,3.097765907443632,0
2023-03-24T15:13:55Z,2023-03-24T15:14:00Z,0.0055494183428064225,3.102874947216069,3.0973255288732626,0
2023-03-24T15:13:55Z,2023-03-24T15:14:00Z,0.00439896588607791,3.092846082511862,3.09724504839794,0
2023-03-24T15:13:55Z,2023-03-24T15:14:00Z,0.01304717907119457,3.0847236696459777,3.0977708487171722,0
2023-03-24T15:13:55Z,2023-03-24T15:14:00Z,0.01597746510464937,3.081594780512294,3.097572245616943,0
2023-03-24T15:14:55Z,2023-03-24T15:15:00Z,0.024841456218204883,3.0718890453080627,3.0967305015262676,0
2023-03-24T15:14:55Z,2023-03-24T15:15:00Z,0.022090348829905793,3.072540688393817,3.094631037223723,0
2023-03-24T15:14:55Z,2023-03-24T15:15:00Z,0.014732137086070018,3.10685326574659,3.09212112866052,0
2023-03-24T15:14:55Z,2023-03-24T15:15:00Z,0.038701916187255936,3.129179454009695,3.090477537822439,0
2023-03-24T15:14:55Z,2023-03-24T15:15:00Z,0.03502058193325386,3.126044984067491,3.091024402134237,0
2023-03-24T15:14:55Z,2023-03-24T15:15:00Z,0.04109380498111159,3.1358297273033786,3.094735922322267,0
2023-03-24T15:14:55Z,2023-03-24T15:15:00Z,0.057280461316043585,3.1552598756635373,3.0979794143474937,0
2023-03-24T15:14:55Z,2023-03-24T15:15:00Z,0.06280691513750014,3.1642684006760486,3.1014614855385485,0
2023-03-24T15:14:55Z,2023-03-24T15:15:00Z,0.06559594056652118,3.1707551268953944,3.105159186328873,0
2023-03-24T15:14:55Z,2023-03-24T15:15:00Z,0.06168257984154302,3.171682472520312,3.109999892678769,0
2023-03-24T15:14:55Z,2023-03-24T15:15:00Z,0.06900941729585908,3.1839832671381836,3.1149738498423245,0
2023-03-24T15:14:55Z,2023-03-24T15:15:00Z,0.061176659509468934,3.181443395913658,3.120266736404189,0
2023-03-24T15:15:55Z,2023-03-24T15:16:00Z,0.06986486396634506,3.197142153034097,3.127277289067752,0
2023-03-24T15:15:55Z,2023-03-24T15:16:00Z,0.06779844362273568,3.202515711634156,3.1347172680114204,0
2023-03-24T15:15:55Z,2023-03-24T15:16:00Z,0.04684650923330258,3.1904520366694773,3.1436055274361747,0
2023-03-24T15:15:55Z,2023-03-24T15:16:00Z,0.024207078137298943,3.1778608106754804,3.1536537325381815,0
2023-03-24T15:15:55Z,2023-03-24T15:16:00Z,0.027162609664895143,3.189886445916589,3.162723836251694,0
2023-03-24T15:15:55Z,2023-03-24T15:16:00Z,0.01986838374688027,3.188054338839258,3.168185955092378,0
2023-03-24T15:15:55Z,2023-03-24T15:16:00Z,0.010731013954714097,3.1835867376553146,3.1728557237006005,0
2023-03-24T15:15:55Z,2023-03-24T15:16:00Z,0.0035867997549074992,3.1740388743127523,3.17762567406766,0
2023-03-24T15:15:55Z,2023-03-24T15:16:00Z,0.00919969877550253,3.172099591473075,3.1812992902485777,0
2023-03-24T15:15:55Z,2023-03-24T15:16:00Z,0.01929949738457193,3.202043325990781,3.182743828606209,0
2023-03-24T15:15:55Z,2023-03-24T15:16:00Z,0.027559857210141203,3.2109060851084297,3.1833462278982885,0
2023-03-24T15:16:55Z,2023-03-24T15:17:00Z,0.03203360763785934,3.217786620081947,3.1857530124440876,0
2023-03-24T15:16:55Z,2023-03-24T15:17:00Z,0.03720153759453959,3.2259717510069437,3.188770213412404,0
2023-03-24T15:16:55Z,2023-03-24T15:17:00Z,0.04399485801484104,3.2353653293459956,3.1913704713311546,0
2023-03-24T15:16:55Z,2023-03-24T15:17:00Z,0.052274999201357364,3.2470707286166114,3.194795729415254,0
2023-03-24T15:16:55Z,2023-03-24T15:17:00Z,0.0511783423147234,3.2489143160616623,3.197735973746939,0
2023-03-24T15:16:55Z,2023-03-24T15:17:00Z,0.06592541602510371,3.267088698770693,3.2011632827455894,0
2023-03-24T15:16:55Z,2023-03-24T15:17:00Z,0.054421189831383554,3.2600815709917565,3.205660381160373,0
2023-03-24T15:16:55Z,2023-03-24T15:17:00Z,0.06139209838737214,3.2739161632473768,3.2125240648600046,0
2023-03-24T15:16:55Z,2023-03-24T15:17:00Z,0.06494144810753433,3.282865137973321,3.2179236898657866,0
2023-03-24T15:16:55Z,2023-03-24T15:17:00Z,0.07509196956849129,3.299620415157979,3.224528445589488,0
2023-03-24T15:16:55Z,2023-03-24T15:17:00Z,0.04822313778516518,3.2803883833991145,3.2321652456139494,0
2023-03-24T15:16:55Z,2023-03-24T15:17:00Z,0.06456075932646366,3.306386123466969,3.2418253641405053,0
2023-03-24T15:16:55Z,2023-03-24T15:17:00Z,0.07849583948185845,3.3286511106935976,3.250155271211739,0
2023-03-24T15:17:55Z,2023-03-24T15:18:00Z,0.09204135733017127,3.350222997578541,3.25818164024837,0
2023-03-24T15:17:55Z,2023-03-24T15:18:00Z,0.09401757625002372,3.3612565261587903,3.2672389499087666,0
2023-03-24T15:17:55Z,2023-03-24T15:18:00Z,0.07119952829674592,3.348625891859097,3.277426363562351,0
2023-03-24T15:17:55Z,2023-03-24T15:18:00Z,0.0491969016154683,3.337029786343346,3.2878328847278775,0
2023-03-24T15:17:55Z,2023-03-24T15:18:00Z,0.013981212357691675,3.310526448048115,3.2965452356904232,0
2023-03-24T15:17:55Z,2023-03-24T15:18:00Z,0.00895580421556108,3.2945093589923036,3.3034651632078647,0
2023-03-24T15:17:55Z,2023-03-24T15:18:00Z,0.044198081354896335,3.2640064766211574,3.3082045579760537,0
2023-03-24T15:17:55Z,2023-03-24T15:18:00Z,0.06867670540178494,3.241637134129777,3.310313839531562,0
2023-03-24T15:17:55Z,2023-03-24T15:18:00Z,0.09434068640485238,3.2162750689443556,3.310615755349208,0
2023-03-24T15:17:55Z,2023-03-24T15:18:00Z,0.11128111949227915,3.196851633617113,3.3081327531093923,0
2023-03-24T15:17:55Z,2023-03-24T15:18:00Z,0.18140424427360013,3.1216061958335644,3.3030104401071645,0
2023-03-24T15:17:55Z,2023-03-24T15:18:00Z,0.23157895482080892,3.0635261943985967,3.2951051492194057,0
2023-03-24T15:18:55Z,2023-03-24T15:19:00Z,0.2713413102200475,3.0115498245712393,3.282891134791287,0
2023-03-24T15:18:55Z,2023-03-24T15:19:00Z,0.28733665258853813,2.9768729491974892,3.2642096017860274,0
2023-03-24T15:18:55Z,2023-03-24T15:19:00Z,0.26151550025193737,2.9783016949092933,3.2398171951612307,0
2023-03-24T15:18:55Z,2023-03-24T15:19:00Z,0.23327882651912502,2.977819134151256,3.211097960670381,0
2023-03-24T15:18:55Z,2023-03-24T15:19:00Z,0.1897072934879831,2.9919326032401283,3.1816398967281114,0
2023-03-24T15:18:55Z,2023-03-24T15:19:00Z,0.14329330107910065,3.0098229989022536,3.1531162999813542,0
2023-03-24T15:18:55Z,2023-03-24T15:19:00Z,0.09246122503660326,3.034109137782965,3.1265703628195682,0
2023-03-24T15:18:55Z,2023-03-24T15:19:00Z,0.051003071180196535,3.05243625708969,3.1034393282698867,0
2023-03-24T15:18:55Z,2023-03-24T15:19:00Z,0.00045834784199660916,3.0829501941810182,3.083408542023015,0
2023-03-24T15:18:55Z,2023-03-24T15:19:00Z,0.03737016331125442,3.104504073062617,3.067133909751363,0
2023-03-24T15:18:55Z,2023-03-24T15:19:00Z,0.08592874119469007,3.140855963257687,3.054927222062997,0
2023-03-24T15:18:55Z,2023-03-24T15:19:00Z,0.09882605505087483,3.1451555081998923,3.0463294531490175,0
2023-03-24T15:19:55Z,2023-03-24T15:20:00Z,0.10483135320732728,3.146853447097927,3.0420220938905995,0
2023-03-24T15:19:55Z,2023-03-24T15:20:00Z,0.10787438594011878,3.1517079653973585,3.0438335794572398,0
2023-03-24T15:19:55Z,2023-03-24T15:20:00Z,0.10049364668748195,3.1507370148139016,3.0502433681264196,0
2023-03-24T15:19:55Z,2023-03-24T15:20:00Z,0.09490104843400227,3.1559258120085847,3.0610247635745824,0
2023-03-24T15:19:55Z,2023-03-24T15:20:00Z,0.06203084307682882,3.1364297655449813,3.0743989224681525,0
2023-03-24T15:19:55Z,2023-03-24T15:20:00Z,0.0403848021964297,3.1284471182876046,3.088062316091175,0
2023-03-24T15:19:55Z,2023-03-24T15:20:00Z,0.0303261697785997,3.130589303669292,3.1002631338906923,0
2023-03-24T15:19:55Z,2023-03-24T15:20:00Z,0.015788360444379368,3.1265526108771855,3.110764250432806,0
2023-03-24T15:19:55Z,2023-03-24T15:20:00Z,0.02410835408067946,3.095945612103437,3.1200539661841167,0
2023-03-24T15:19:55Z,2023-03-24T15:20:00Z,0.046507396585844685,3.0806576059901345,3.127165002575979,0
2023-03-24T15:19:55Z,2023-03-24T15:20:00Z,0.06665932549434928,3.063852550544226,3.1305118760385753,0
2023-03-24T15:19:55Z,2023-03-24T15:20:00Z,0.06372246921166447,3.066613053889151,3.1303355231008156,0
2023-03-24T15:20:55Z,2023-03-24T15:21:00Z,0.0692918418442221,3.057916641062871,3.127208482907093,0
2023-03-24T15:20:55Z,2023-03-24T15:21:00Z,0.06861326259106004,3.0528842272876844,3.1214974898787444,0
2023-03-24T15:20:55Z,2023-03-24T15:21:00Z,0.07513774651875638,3.039649061272524,3.1147868077912806,0
2023-03-24T15:20:55Z,2023-03-24T15:21:00Z,0.07719969825776651,3.0303587080096492,3.1075584062674158,0
2023-03-24T15:20:55Z,2023-03-24T15:21:00Z,0.03331970414450458,3.065618786421002,3.0989384905655064,0
2023-03-24T15:20:55Z,2023-03-24T15:21:00Z,0.023319471314478868,3.0663591494968543,3.089678620811333,0
2023-03-24T15:20:55Z,2023-03-24T15:21:00Z,0.03730159940561162,3.045430327129753,3.0827319265353648,0
2023-03-24T15:20:55Z,2023-03-24T15:21:00Z,0.07122856827179502,3.006113310875252,3.077341879147047,0
2023-03-24T15:20:55Z,2023-03-24T15:21:00Z,0.07215502621201741,2.9988009459228873,3.0709559721349047,0
2023-03-24T15:20:55Z,2023-03-24T15:21:00Z,0.06017829399919661,3.001202601766936,3.0613808957661326,0
2023-03-24T15:20:55Z,2023-03-24T15:21:00Z,0.035772846463508756,3.0157809981522936,3.0515538446158024,0
2023-03-24T15:20:55Z,2023-03-24T15:21:00Z,0.023374940223009233,3.0208909805207544,3.0442659207437637,0
2023-03-24T15:21:55Z,2023-03-24T15:22:00Z,0.01485775055945604,3.0244176618890894,3.0392754124485455,0
2023-03-24T15:21:55Z,2023-03-24T15:22:00Z,0.009009668668392035,3.026961007624501,3.035970676292893,0
2023-03-24T15:21:55Z,2023-03-24T15:22:00Z,0.00032614608305259196,3.0323987308252205,3.032724876908273,0
2023-03-24T15:21:55Z,2023-03-24T15:22:00Z,0.005137407968012209,3.0354810823041025,3.0303436743360903,0
2023-03-24T15:21:55Z,2023-03-24T15:22:00Z,0.0059224599143270495,3.0228454070015744,3.0287678669159015,0
2023-03-24T15:21:55Z,2023-03-24T15:22:00Z,0.010165625237455345,3.018281627911644,3.0284472531490993,0
2023-03-24T15:21:55Z,2023-03-24T15:22:00Z,0.0028669000189553984,3.0250024068987535,3.027869306917709,0
2023-03-24T15:21:55Z,2023-03-24T15:22:00Z,0.04438116726787822,3.068609154300252,3.024227987032374,0
2023-03-24T15:21:55Z,2023-03-24T15:22:00Z,0.07660123509944183,3.097647934239654,3.021046699140212,0
2023-03-24T15:21:55Z,2023-03-24T15:22:00Z,0.07103706412719557,3.093866749972831,3.0228296858456356,0
2023-03-24T15:21:55Z,2023-03-24T15:22:00Z,0.05590337830775827,3.0857741890275787,3.0298708107198205,0
2023-03-24T15:21:55Z,2023-03-24T15:22:00Z,0.037645189782571364,3.07482875466008,3.0371835648775085,0
2023-03-24T15:22:55Z,2023-03-24T15:23:00Z,0.03830717672561601,3.081996248315482,3.043689071589866,0
2023-03-24T15:22:55Z,2023-03-24T15:23:00Z,0.06627146170967624,3.1145026684155255,3.0482312067058492,0
2023-03-24T15:22:55Z,2023-03-24T15:23:00Z,0.09542847885410399,3.1483600907749327,3.0529316119208287,0
2023-03-24T15:22:55Z,2023-03-24T15:23:00Z,0.10784267164075212,3.167703899448229,3.059861227807477,0
2023-03-24T15:22:55Z,2023-03-24T15:23:00Z,0.11793654298728251,3.1871361618063307,3.0691996188190482,0
2023-03-24T15:22:55Z,2023-03-24T15:23:00Z,0.11423621114503213,3.193843919858158,3.0796077087131257,0
2023-03-24T15:22:55Z,2023-03-24T15:23:00Z,0.1082636672730013,3.199537151332453,3.091273484059452,0
2023-03-24T15:22:55Z,2023-03-24T15:23:00Z,0.08654827152006517,3.190975487337716,3.1044272158176507,0
2023-03-24T15:22:55Z,2023-03-24T15:23:00Z,0.05905952219861854,3.1774294705871,3.1183699483884815,0
2023-03-24T15:22:55Z,2023-03-24T15:23:00Z,0.046898422274249896,3.1780355306964974,3.1311371084222475,0
2023-03-24T15:22:55Z,2023-03-24T15:23:00Z,0.03483535071703869,3.1743432526998134,3.1395079019827747,0
2023-03-24T15:22:55Z,2023-03-24T15:23:00Z,0.0017124715982430594,3.1474040348469288,3.1456915632486857,0
2023-03-24T15:23:55Z,2023-03-24T15:24:00Z,0.031243263500491114,3.1206387999579626,3.1518820634584537,0
2023-03-24T15:23:55Z,2023-03-24T15:24:00Z,0.06074502509782986,3.095877795731343,3.1566228208291727,0
2023-03-24T15:23:55Z,2023-03-24T15:24:00Z,0.0725266153564732,3.0876200551109982,3.1601466704674714,0
2023-03-24T15:23:55Z,2023-03-24T15:24:00Z,0.07228548586660599,3.088928995940547,3.161214481807153,0
2023-03-24T15:23:55Z,2023-03-24T15:24:00Z,0.08572581956699743,3.0734207689090383,3.1591465884760357,0
2023-03-24T15:23:55Z,2023-03-24T15:24:00Z,0.07557105966433486,3.0790039061321326,3.1545749657964675,0
2023-03-24T15:23:55Z,2023-03-24T15:24:00Z,0.050565154904542275,3.0967572623889104,3.1473224172934526,0
2023-03-24T15:23:55Z,2023-03-24T15:24:00Z,0.06729193740392514,3.0717126140684354,3.1390045514723606,0
2023-03-24T15:23:55Z,2023-03-24T15:24:00Z,0.043345120026922146,3.088191227024727,3.1315363470516493,0
2023-03-24T15:23:55Z,2023-03-24T15:24:00Z,0.023515704815260108,3.0981879855237726,3.1217036903390327,0
2023-03-24T15:23:55Z,2023-03-24T15:24:00Z,0.016192895227500337,3.0976043135489952,3.1137972087764956,0
2023-03-24T15:23:55Z,2023-03-24T15:24:00Z,0.015033668863417393,3.1227353787888874,3.10770170992547,0
2023-03-24T15:24:55Z,2023-03-24T15:25:00Z,0.00021057577522487492,3.101304117446591,3.101514693221816,0
2023-03-24T15:24:55Z,2023-03-24T15:25:00Z,0.01462502182993397,3.1121698785970633,3.0975448567671293,0
2023-03-24T15:24:55Z,2023-03-24T15:25:00Z,0.03033932590676347,3.124338035181559,3.0939987092747954,0
2023-03-24T15:24:55Z,2023-03-24T15:25:00Z,0.031922097768744884,3.1252693515542402,3.0933472537854954,0
2023-03-24T15:24:55Z,2023-03-24T15:25:00Z,0.0410267321994624,3.136563235173436,3.0955365029739736,0
2023-03-24T15:24:55Z,2023-03-24T15:25:00Z,0.02416095305266719,3.122593555753044,3.098432602700377,0
2023-03-24T15:24:55Z,2023-03-24T15:25:00Z,0.0190620205135561,3.1211587954626165,3.1020967749490604,0
2023-03-24T15:24:55Z,2023-03-24T15:25:00Z,0.023810029668040578,3.1296893266820245,3.105879297013984,0
2023-03-24T15:24:55Z,2023-03-24T15:25:00Z,0.006936506371792106,3.102185474436845,3.109121980808637,0
2023-03-24T15:24:55Z,2023-03-24T15:25:00Z,0.017877360762807548,3.0937778557606848,3.1116552165234923,0
2023-03-24T15:24:55Z,2023-03-24T15:25:00Z,0.030172120276976244,3.083827162428701,3.1139992827056773,0
2023-03-24T15:24:55Z,2023-03-24T15:25:00Z,0.03827864116352542,3.0761503822141485,3.114429023377674,0
2023-03-24T15:25:55Z,2023-03-24T15:26:00Z,0.018649082739878864,3.094675261938174,3.1133243446780527,0
2023-03-24T15:25:55Z,2023-03-24T15:26:00Z,0.0373330946547874,3.0743409476128924,3.11167404226768,0
2023-03-24T15:25:55Z,2023-03-24T15:26:00Z,0.05247692165849438,3.057038650082207,3.1095155717407015,0
2023-03-24T15:25:55Z,2023-03-24T15:26:00Z,0.07968246236698473,3.0277590193865094,3.107441481753494,0
2023-03-24T15:25:55Z,2023-03-24T15:26:00Z,0.09312580591874964,3.0100748121028325,3.103200618021582,0
2023-03-24T15:25:55Z,2023-03-24T15:26:00Z,0.07156301932686349,3.0242084436335617,3.095771462960425,0
2023-03-24T15:25:55Z,2023-03-24T15:26:00Z,0.066157043031148,3.020753301509938,3.086910344541086,0
2023-03-24T15:25:55Z,2023-03-24T15:26:00Z,0.027607327177344487,3.050660341091443,3.0782676682687873,0
2023-03-24T15:25:55Z,2023-03-24T15:26:00Z,0.005983246834678546,3.0644505557231008,3.0704338025577793,0
2023-03-24T15:25:55Z,2023-03-24T15:26:00Z,0.008699669010364897,3.0737105135395932,3.0650108445292283,0
2023-03-24T15:25:55Z,2023-03-24T15:26:00Z,0.06926050616533352,3.129252983697721,3.0599924775323877,0
2023-03-24T15:25:55Z,2023-03-24T15:26:00Z,0.0856730748621013,3.1434751707870077,3.0578020959249064,0
2023-03-24T15:26:55Z,2023-03-24T15:27:00Z,0.10749752335197416,3.168028475272038,3.0605309519200636,0
2023-03-24T15:26:55Z,2023-03-24T15:27:00Z,0.12819642108305906,3.1933156813383765,3.0651192602553174,0
2023-03-24T15:26:55Z,2023-03-24T15:27:00Z,0.15043123094785882,3.222618036823014,3.0721868058751554,0
2023-03-24T15:26:55Z,2023-03-24T15:27:00Z,0.21571796181516367,3.2954924922595654,3.0797745304444017,0
2023-03-24T15:26:55Z,2023-03-24T15:27:00Z,0.2474274534097458,3.3386079137933877,3.091180460383642,0
2023-03-24T15:26:55Z,2023-03-24T15:27:00Z,0.23061514738791677,3.3401382110159705,3.1095230636280538,0
2023-03-24T15:26:55Z,2023-03-24T15:27:00Z,0.2129153749035071,3.346349891947474,3.133434517043967,0
2023-03-24T15:26:55Z,2023-03-24T15:27:00Z,0.20184944001119742,3.3606734492792523,3.158824009268055,0
2023-03-24T15:26:55Z,2023-03-24T15:27:00Z,0.17959361928733042,3.363197739964148,3.1836041206768178,0
2023-03-24T15:26:55Z,2023-03-24T15:27:00Z,0.15604200915847866,3.3657938335098594,3.2097518243513807,0
2023-03-24T15:26:55Z,2023-03-24T15:27:00Z,0.10166805544976087,3.335461218175965,3.233793162726204,0
2023-03-24T15:26:55Z,2023-03-24T15:27:00Z,0.06019078256169319,3.3171641974253405,3.2569734148636473,0
2023-03-24T15:27:55Z,2023-03-24T15:28:00Z,0.03901403568427453,3.316122120135335,3.2771080844510605,0
2023-03-24T15:27:55Z,2023-03-24T15:28:00Z,0.04167304533022742,3.3332358385295664,3.291562793199339,0
2023-03-24T15:27:55Z,2023-03-24T15:28:00Z,0.0021694091822599404,3.3070127369468545,3.3048433277645946,0
2023-03-24T15:27:55Z,2023-03-24T15:28:00Z,0.0793830402062401,3.2381685462704723,3.3175515864767124,0
2023-03-24T15:27:55Z,2023-03-24T15:28:00Z,0.11745721406459309,3.2088402997666168,3.32629751383121,0
2023-03-24T15:27:55Z,2023-03-24T15:28:00Z,0.12366297736162801,3.2038307295040016,3.3274937068656296,0
2023-03-24T15:27:55Z,2023-03-24T15:28:00Z,0.13894586974877132,3.18188228384817,3.3208281535969415,0
2023-03-24T15:27:55Z,2023-03-24T15:28:00Z,0.15987951990421934,3.1505811579781535,3.310460677882373,0
2023-03-24T15:27:55Z,2023-03-24T15:28:00Z,0.14103316169144753,3.157253983331864,3.2982871450233113,0
2023-03-24T15:27:55Z,2023-03-24T15:28:00Z,0.1391021997383013,3.144125811902754,3.2832280116410555,0
2023-03-24T15:27:55Z,2023-03-24T15:28:00Z,0.1459928198273932,3.1215875405869404,3.2675803604143336,0
2023-03-24T15:27:55Z,2023-03-24T15:28:00Z,0.1240299400813547,3.126698733559026,3.250728673640381,0
2023-03-24T15:28:55Z,2023-03-24T15:29:00Z,0.12158329390223388,3.1103602802825376,3.2319435741847715,0
2023-03-24T15:28:55Z,2023-03-24T15:29:00Z,0.1443603984763726,3.0715245230455577,3.2158849215219303,0
2023-03-24T15:28:55Z,2023-03-24T15:29:00Z,0.12014955211432143,3.079827375781239,3.1999769278955603,0
2023-03-24T15:28:55Z,2023-03-24T15:29:00Z,0.107833541406269,3.073328186713155,3.181161728119424,0
2023-03-24T15:28:55Z,2023-03-24T15:29:00Z,0.11794356076682266,3.043725208679654,3.1616687694464765,0
2023-03-24T15:28:55Z,2023-03-24T15:29:00Z,0.10781048370927149,3.035882551103843,3.1436930348131145,0
2023-03-24T15:28:55Z,2023-03-24T15:29:00Z,0.10241932826965527,3.026316526728781,3.1287358549984363,0
2023-03-24T15:28:55Z,2023-03-24T15:29:00Z,0.11918196995289332,2.996249442840714,3.1154314127936074,0
2023-03-24T15:28:55Z,2023-03-24T15:29:00Z,0.11581733653777482,2.9859591375808163,3.101776474118591,0
2023-03-24T15:28:55Z,2023-03-24T15:29:00Z,0.09970308711881071,2.9877939376915137,3.0874970248103244,0
2023-03-24T15:28:55Z,2023-03-24T15:29:00Z,0.07642770545084288,2.9984060870212246,3.0748337924720675,0
2023-03-24T15:28:55Z,2023-03-24T15:29:00Z,0.05816123847115007,3.0036371658747365,3.0617984043458866,0
2023-03-24T15:29:55Z,2023-03-24T15:30:00Z,0.022411093488900136,3.0281781012507154,3.0505891947396155,0
2023-03-24T15:29:55Z,2023-03-24T15:30:00Z,0.0024685865762408277,3.0439846755687636,3.041516088992523,0
2023-03-24T15:29:55Z,2023-03-24T15:30:00Z,0.023649217829118552,3.0575867966440793,3.0339375788149607,0
2023-03-24T15:29:55Z,2023-03-24T15:30:00Z,0.07410586848640888,3.1029376315541564,3.0288317630677475,0
2023-03-24T15:29:55Z,2023-03-24T15:30:00Z,0.1082794884390359,3.1360391187066696,3.0277596302676337,0
2023-03-24T15:29:55Z,2023-03-24T15:30:00Z,0.12531855587549057,3.154855898125656,3.0295373422501655,0
2023-03-24T15:29:55Z,2023-03-24T15:30:00Z,0.12838079005752778,3.1627420501533483,3.0343612600958205,0
2023-03-24T15:29:55Z,2023-03-24T15:30:00Z,0.10975367546134596,3.152663450129936,3.04290977466859,0
2023-03-24T15:29:55Z,2023-03-24T15:30:00Z,0.08675559622263274,3.139423793895031,3.052668197672398,0
2023-03-24T15:29:55Z,2023-03-24T15:30:00Z,0.09076995375574404,3.153157145535923,3.062387191780179,0
2023-03-24T15:29:55Z,2023-03-24T15:30:00Z,0.09029829681601864,3.163698900215761,3.0734006033997425,0
2023-03-24T15:29:55Z,2023-03-24T15:30:00Z,0.07945669175410863,3.165718680381167,3.0862619886270584,0
2023-03-24T15:30:55Z,2023-03-24T15:31:00Z,0.08334708827628523,3.183140227866747,3.099793139590462,0
2023-03-24T15:30:55Z,2023-03-24T15:31:00Z,0.0721313088286637,3.184794647908352,3.1126633390796883,0
2023-03-24T15:30:55Z,2023-03-24T15:31:00Z,0.06754711586669693,3.194018382791924,3.1264712669252273,0
2023-03-24T15:30:55Z,2023-03-24T15:31:00Z,0.060048624128172357,3.1985673177193714,3.138518693591199,0
2023-03-24T15:30:55Z,2023-03-24T15:31:00Z,0.04532639534523897,3.19538614333822,3.150059747992981,0
2023-03-24T15:30:55Z,2023-03-24T15:31:00Z,0.027078397914372943,3.1879828013746843,3.1609044034603113,0
2023-03-24T15:30:55Z,2023-03-24T15:31:00Z,0.03924885214581142,3.207264679589512,3.1680158274437007,0
2023-03-24T15:30:55Z,2023-03-24T15:31:00Z,0.017342146517031587,3.1893536418582715,3.17201149534124,0
2023-03-24T15:30:55Z,2023-03-24T15:31:00Z,0.009266683450922741,3.185309623520152,3.1760429400692294,0
2023-03-24T15:30:55Z,2023-03-24T15:31:00Z,0.011125952070720313,3.166964033514272,3.1780899855849922,0
2023-03-24T15:30:55Z,2023-03-24T15:31:00Z,0.0005702454912821509,3.1800309842006493,3.1806012296919315,0
2023-03-24T15:31:55Z,2023-03-24T15:32:00Z,0.02477152010266348,3.207491229765306,3.1827197096626425,0
2023-03-24T15:31:55Z,2023-03-24T15:32:00Z,0.026606097822726493,3.211393025844194,3.1847869280214676,0
2023-03-24T15:31:55Z,2023-03-24T15:32:00Z,0.03578015082182828,3.223935719577876,3.1881555687560477,0
2023-03-24T15:31:55Z,2023-03-24T15:32:00Z,0.03536676074797418,3.227035740693486,3.191668979945512,0
2023-03-24T15:31:55Z,2023-03-24T15:32:00Z,0.02991523532869378,3.2247223300212156,3.1948070946925218,0
2023-03-24T15:31:55Z,2023-03-24T15:32:00Z,0.04806369427257895,3.2461201037947265,3.1980564095221475,0
2023-03-24T15:31:55Z,2023-03-24T15:32:00Z,0.04556059999475792,3.2459788516114667,3.200418251616709,0
2023-03-24T15:31:55Z,2023-03-24T15:32:00Z,0.010751345895151143,3.2148275041330407,3.2040761582378896,0
2023-03-24T15:31:55Z,2023-03-24T15:32:00Z,0.02254899271752997,3.230516897745669,3.207967905028139,0
2023-03-24T15:31:55Z,2023-03-24T15:32:00Z,0.03895320890410048,3.248986091067498,3.2100328821633974,0
2023-03-24T15:31:55Z,2023-03-24T15:32:00Z,0.013992519494796074,3.2258140338240517,3.2118215143292557,0
2023-03-24T15:31:55Z,2023-03-24T15:32:00Z,0.010786791876911561,3.2271954176838005,3.216408625806889,0
2023-03-24T15:31:55Z,2023-03-24T15:32:00Z,0.013495763519540738,3.23302011319596,3.219524349676419,0
2023-03-24T15:32:55Z,2023-03-24T15:33:00Z,0.018776196434094228,3.2429337295081697,3.2241575330740755,0
2023-03-24T15:32:55Z,2023-03-24T15:33:00Z,0.006065601540905963,3.234299221460775,3.228233619919869,0
2023-03-24T15:32:55Z,2023-03-24T15:33:00Z,0.022663037985465095,3.2536230040394005,3.2309599660539354,0
2023-03-24T15:32:55Z,2023-03-24T15:33:00Z,0.025168895934969626,3.2578908770363335,3.232721981101364,0
2023-03-24T15:32:55Z,2023-03-24T15:33:00Z,0.017775581574416055,3.217230036793219,3.235005618367635,0
2023-03-24T15:32:55Z,2023-03-24T15:33:00Z,0.016627783030582766,3.220751307363425,3.2373790903940076,0
2023-03-24T15:32:55Z,2023-03-24T15:33:00Z,0.0036004429609244326,3.233202317184776,3.2368027601457006,0
2023-03-24T15:32:55Z,2023-03-24T15:33:00Z,0.002056873407163984,3.2327944408592053,3.2348513142663693,0
2023-03-24T15:32:55Z,2023-03-24T15:33:00Z,0.0008767782756207154,3.2329917256502343,3.233868503925855,0
2023-03-24T15:32:55Z,2023-03-24T15:33:00Z,0.036098418880128325,3.199152157101586,3.2352505759817145,0
2023-03-24T15:32:55Z,2023-03-24T15:33:00Z,0.019744048800559355,3.2156968985584293,3.2354409473589887,0
2023-03-24T15:32:55Z,2023-03-24T15:33:00Z,0.04261339043699941,3.1889941773861494,3.231607567823149,0
2023-03-24T15:33:55Z,2023-03-24T15:34:00Z,0.04257493233961984,3.1882543943092503,3.23082932664887,0
2023-03-24T15:33:55Z,2023-03-24T15:34:00Z,0.004110360419797399,3.2237804092831,3.2278907697028973,0
2023-03-24T15:33:55Z,2023-03-24T15:34:00Z,0.017229750087255802,3.2072175027782017,3.2244472528654575,0
2023-03-24T15:33:55Z,2023-03-24T15:34:00Z,0.014879227479275503,3.208094693061177,3.2229739205404524,0
2023-03-24T15:33:55Z,2023-03-24T15:34:00Z,0.01817488121671884,3.239065592627742,3.2208907114110232,0
2023-03-24T15:33:55Z,2023-03-24T15:34:00Z,0.01925292665741951,3.2366414603008877,3.217388533643468,0
2023-03-24T15:33:55Z,2023-03-24T15:34:00Z,0.026761836806858952,3.242702271649666,3.215940434842807,0
2023-03-24T15:33:55Z,2023-03-24T15:34:00Z,0.02146247623716624,3.23889609750364,3.2174336212664736,0
2023-03-24T15:33:55Z,2023-03-24T15:34:00Z,0.004095217576498111,3.223217374557298,3.2191221569808,0
2023-03-24T15:33:55Z,2023-03-24T15:34:00Z,0.07209514158428432,3.2916552816665354,3.219560140082251,0
2023-03-24T15:33:55Z,2023-03-24T15:34:00Z,0.09497485198623723,3.3137982946606495,3.2188234426744122,0
2023-03-24T15:33:55Z,2023-03-24T15:34:00Z,0.13132154242169447,3.3546575663281306,3.223336023906436,0
2023-03-24T15:34:55Z,2023-03-24T15:35:00Z,0.15943604901729103,3.391591006582116,3.232154957564825,0
2023-03-24T15:34:55Z,2023-03-24T15:35:00Z,0.1480981440980882,3.390942383799044,3.242844239700956,0
2023-03-24T15:34:55Z,2023-03-24T15:35:00Z,0.15402227948459668,3.412450890662165,3.2584286111775684,0
2023-03-24T15:34:55Z,2023-03-24T15:35:00Z,0.12742836193702667,3.4014483569215024,3.2740199949844757,0
2023-03-24T15:34:55Z,2023-03-24T15:35:00Z,0.09274613230985462,3.3812792412465664,3.288533108936712,0
2023-03-24T15:34:55Z,2023-03-24T15:35:00Z,0.08551791645182316,3.388991860322635,3.303473943870812,0
2023-03-24T15:34:55Z,2023-03-24T15:35:00Z,0.0561777974851716,3.372973629677936,3.3167958321927644,0
2023-03-24T15:34:55Z,2023-03-24T15:35:00Z,0.03818246467712472,3.366511086692573,3.3283286220154484,0
2023-03-24T15:34:55Z,2023-03-24T15:35:00Z,0.032968467491361064,3.3717841794588903,3.3388157119675292,0
2023-03-24T15:34:55Z,2023-03-24T15:35:00Z,0.014986835770444351,3.3633263027412745,3.34833946697083,0
2023-03-24T15:34:55Z,2023-03-24T15:35:00Z,0.007625777482219043,3.350935849639015,3.358561627121234,0
2023-03-24T15:34:55Z,2023-03-24T15:35:00Z,0.048923177879614865,3.3204160591019254,3.3693392369815403,0
2023-03-24T15:35:55Z,2023-03-24T15:36:00Z,0.10256648368931565,3.2713327969824153,3.373899280671731,0
2023-03-24T15:35:55Z,2023-03-24T15:36:00Z,0.13681623124083675,3.237592108234068,3.374408339474905,0
2023-03-24T15:35:55Z,2023-03-24T15:36:00Z,0.18336195547771617,3.184636786355211,3.367998741832927,0
2023-03-24T15:35:55Z,2023-03-24T15:36:00Z,0.1439037852636198,3.212248887465611,3.356152672729231,0
2023-03-24T15:35:55Z,2023-03-24T15:36:00Z,0.12318827078946226,3.217094740597936,3.3402830113873985,0
2023-03-24T15:35:55Z,2023-03-24T15:36:00Z,0.10148727013095948,3.223395587164397,3.3248828572953566,0
2023-03-24T15:35:55Z,2023-03-24T15:36:00Z,0.056557588286441085,3.2541442215994096,3.3107018098858507,0
2023-03-24T15:35:55Z,2023-03-24T15:36:00Z,0.039788485347594715,3.258768428070397,3.2985569134179915,0
2023-03-24T15:35:55Z,2023-03-24T15:36:00Z,0.021642578870490148,3.2665414392610987,3.288184018131589,0
2023-03-24T15:35:55Z,2023-03-24T15:36:00Z,0.023126613391174722,3.302525616014492,3.2793990026233173,0
2023-03-24T15:35:55Z,2023-03-24T15:36:00Z,0.0022511551448527456,3.2694578745991203,3.271709029743973,0
2023-03-24T15:35:55Z,2023-03-24T15:36:00Z,0.018512434339640116,3.2848938822801976,3.2663814479405575,0
2023-03-24T15:36:55Z,2023-03-24T15:37:00Z,0.027878767335602905,3.2870395669575334,3.2591607996219305,0
2023-03-24T15:36:55Z,2023-03-24T15:37:00Z,0.019958093321141845,3.2740387416077787,3.254080648286637,0
2023-03-24T15:36:55Z,2023-03-24T15:37:00Z,0.03381470336441117,3.2853279291784023,3.251513225813991,0
2023-03-24T15:36:55Z,2023-03-24T15:37:00Z,0.024909397832338698,3.276630773232897,3.2517213754005585,0
2023-03-24T15:36:55Z,2023-03-24T15:37:00Z,0.03174654471868177,3.2871399063457263,3.2553933616270445,0
2023-03-24T15:36:55Z,2023-03-24T15:37:00Z,0.04995489412686549,3.3124247162829636,3.262469822156098,0
2023-03-24T15:36:55Z,2023-03-24T15:37:00Z,0.04301040861313732,3.3112410783753976,3.2682306697622603,0
2023-03-24T15:36:55Z,2023-03-24T15:37:00Z,0.06395896814463375,3.339522712959589,3.275563744814955,0
2023-03-24T15:36:55Z,2023-03-24T15:37:00Z,0.09643535409979753,3.3787564443925215,3.282321090292724,0
2023-03-24T15:36:55Z,2023-03-24T15:37:00Z,0.07905956392826008,3.3679482304794597,3.2888886665511996,0
2023-03-24T15:36:55Z,2023-03-24T15:37:00Z,0.08923634666973523,3.387354860630329,3.2981185139605937,0
2023-03-24T15:36:55Z,2023-03-24T15:37:00Z,0.07543233764356572,3.3813513740055714,3.3059190363620057,0
2023-03-24T15:37:55Z,2023-03-24T15:38:00Z,0.04645883056351119,3.3589031934344273,3.312444362870916,0
2023-03-24T15:37:55Z,2023-03-24T15:38:00Z,0.052717732238201975,3.3737692873711533,3.3210515551329514,0
2023-03-24T15:37:55Z,2023-03-24T15:38:00Z,0.04566157352912237,3.3724061525970144,3.326744579067892,0
2023-03-24T15:37:55Z,2023-03-24T15:38:00Z,0.0239752538221798,3.3573913498449657,3.333416096022786,0
2023-03-24T15:37:55Z,2023-03-24T15:38:00Z,0.02549998408397869,3.366482804029014,3.3409828199450353,0
2023-03-24T15:37:55Z,2023-03-24T15:38:00Z,0.009517562136437174,3.337008597859872,3.346526159996309,0
2023-03-24T15:37:55Z,2023-03-24T15:38:00Z,0.029878928285822504,3.323558926387111,3.3534378546729333,0
2023-03-24T15:37:55Z,2023-03-24T15:38:00Z,0.034624458029623995,3.322649449836705,3.357273907866329,0
2023-03-24T15:37:55Z,2023-03-24T15:38:00Z,0.08675630053025385,3.271374085036394,3.358130385566648,0
2023-03-24T15:37:55Z,2023-03-24T15:38:00Z,0.10471920842846139,3.254288744173672,3.3590079526021333,0
2023-03-24T15:37:55Z,2023-03-24T15:38:00Z,0.10638217148539386,3.247383578968801,3.353765750454195,0
2023-03-24T15:37:55Z,2023-03-24T15:38:00Z,0.1129103271436187,3.2312809848322033,3.344191311975822,0
2023-03-24T15:38:55Z,2023-03-24T15:39:00Z,0.08356005396257427,3.2513570540508896,3.334917108013464,0
2023-03-24T15:38:55Z,2023-03-24T15:39:00Z,0.07657870213261697,3.2463327231271446,3.3229114252597616,0
2023-03-24T15:38:55Z,2023-03-24T15:39:00Z,0.062110215242206834,3.2508016469441188,3.3129118621863256,0
2023-03-24T15:38:55Z,2023-03-24T15:39:00Z,0.05204902373712805,3.252203571502483,3.304252595239611,0
2023-03-24T15:38:55Z,2023-03-24T15:39:00Z,0.02486286014225403,3.2699306858337387,3.2947935459759927,0
2023-03-24T15:38:55Z,2023-03-24T15:39:00Z,0.02059352215236343,3.2649536714317424,3.285547193584106,0
2023-03-24T15:38:55Z,2023-03-24T15:39:00Z,0.01085382304316207,3.2896732732417884,3.2788194501986263,0
2023-03-24T15:38:55Z,2023-03-24T15:39:00Z,0.008704397876825087,3.262305119045089,3.271009516921914,0
2023-03-24T15:38:55Z,2023-03-24T15:39:00Z,0.00912112046421365,3.2582472176409243,3.267368338105138,0
2023-03-24T15:38:55Z,2023-03-24T15:39:00Z,0.018673384128085502,3.281329890899222,3.2626565067711364,0
2023-03-24T15:38:55Z,2023-03-24T15:39:00Z,0.00855360848642217,3.2662560973963437,3.2577024889099215,0
2023-03-24T15:39:55Z,2023-03-24T15:40:00Z,0.030793849939423357,3.289262170069563,3.2584683201301394,0
2023-03-24T15:39:55Z,2023-03-24T15:40:00Z,0.009604943684460743,3.2689938294471137,3.259388885762653,0
2023-03-24T15:39:55Z,2023-03-24T15:40:00Z,0.019419569216558408,3.243190746630768,3.2626103158473265,0
2023-03-24T15:39:55Z,2023-03-24T15:40:00Z,0.017781133758046686,3.2477301701365806,3.2655113038946273,0
2023-03-24T15:39:55Z,2023-03-24T15:40:00Z,0.03141139425016659,3.2334717321506057,3.2648831264007723,0
2023-03-24T15:39:55Z,2023-03-24T15:40:00Z,0.06982872763384362,3.195161894690731,3.2649906223245746,0
2023-03-24T15:39:55Z,2023-03-24T15:40:00Z,0.07893375046801898,3.1847238014878236,3.2636575519558426,0
2023-03-24T15:39:55Z,2023-03-24T15:40:00Z,0.09267510732717055,3.1665946233354605,3.259269730662631,0
2023-03-24T15:39:55Z,2023-03-24T15:40:00Z,0.0870942411647766,3.1656211137789376,3.252715354943714,0
2023-03-24T15:39:55Z,2023-03-24T15:40:00Z,0.06530430989514047,3.1798449644257842,3.2451492743209247,0
2023-03-24T15:39:55Z,2023-03-24T15:40:00Z,0.0978667133175164,3.1377400871985737,3.23560680051609,0
2023-03-24T15:39:55Z,2023-03-24T15:40:00Z,0.038868261950285365,3.1903954497489346,3.22926371169922,0
2023-03-24T15:39:55Z,2023-03-24T15:40:00Z,0.012223684892277653,3.2077702475421463,3.219993932434424,0
2023-03-24T15:40:55Z,2023-03-24T15:41:00Z,0.02778581066675523,3.240784786089618,3.2129989754228627,1
2023-03-24T15:40:55Z,2023-03-24T15:41:00Z,0.050498878328332,3.258998942223949,3.208500063895617,1
2023-03-24T15:40:55Z,2023-03-24T15:41:00Z,0.029125227514873675,3.2338962618735714,3.2047710343586977,1
2023-03-24T15:40:55Z,2023-03-24T15:41:00Z,0.018289726252088467,3.2222919231320817,3.204002196879993,1
2023-03-24T15:40:55Z,2023-03-24T15:41:00Z,0.04724638838385653,3.156040848130198,3.2032872365140546,1
2023-03-24T15:40:55Z,2023-03-24T15:41:00Z,0.14195420749755083,3.0593762407853884,3.2013304482829392,1
2023-03-24T15:40:55Z,2023-03-24T15:41:00Z,0.2211361487210146,2.9742380777142015,3.195374226435216,1
2023-03-24T15:40:55Z,2023-03-24T15:41:00Z,0.303743417739184,2.8811857583956213,3.1849291761348053,1
2023-03-24T15:40:55Z,2023-03-24T15:41:00Z,0.3862304183056908,2.7825075483080663,3.168737966613757,1
2023-03-24T15:40:55Z,2023-03-24T15:41:00Z,0.411358716823814,2.7354247217176484,3.1467834385414624,1
2023-03-24T15:40:55Z,2023-03-24T15:41:00Z,0.27465317074491535,2.842659993529557,3.1173131642744725,1
2023-03-24T15:41:55Z,2023-03-24T15:42:00Z,0.1830673237310565,2.900059668027405,3.0831269917584616,1
2023-03-24T15:41:55Z,2023-03-24T15:42:00Z,0.13643219489786418,2.923996328116827,3.060428523014691,1
2023-03-24T15:41:55Z,2023-03-24T15:42:00Z,0.08268365291358393,2.9554113484302196,3.0380950013438035,1
2023-03-24T15:41:55Z,2023-03-24T15:42:00Z,0.04196880126665414,2.974297437044433,3.016266238311087,1
2023-03-24T15:41:55Z,2023-03-24T15:42:00Z,0.03708617142083792,2.9572282639933722,2.99431443541421,1
2023-03-24T15:41:55Z,2023-03-24T15:42:00Z,0.018761157679750617,2.95365316195142,2.9724143196311705,1
2023-03-24T15:41:55Z,2023-03-24T15:42:00Z,0.018653051130583798,2.9324791148174945,2.9511321659480783,1
2023-03-24T15:41:55Z,2023-03-24T15:42:00Z,0.014323639291121903,2.9161440065661366,2.9304676458572585,1
2023-03-24T15:41:55Z,2023-03-24T15:42:00Z,0.0008881607241431055,2.914158750172732,2.913270589448589,1
2023-03-24T15:41:55Z,2023-03-24T15:42:00Z,0.0028038876691791614,2.905056612947056,2.9022527252778767,1
2023-03-24T15:41:55Z,2023-03-24T15:42:00Z,0.0025771247633032957,2.900208363307221,2.8976312385439176,1
2023-03-24T15:41:55Z,2023-03-24T15:42:00Z,0.007429310836363889,2.8920381472884333,2.8994674581247972,1
2023-03-24T15:41:55Z,2023-03-24T15:42:00Z,0.01935583474286684,2.889165532228019,2.908521366970886,1
2023-03-24T15:42:55Z,2023-03-24T15:43:00Z,0.024959761157851812,2.8956087923954024,2.920568553553254,1
2023-03-24T15:42:55Z,2023-03-24T15:43:00Z,0.031836744037908815,2.892309158645996,2.9241459026839047,1
2023-03-24T15:42:55Z,2023-03-24T15:43:00Z,0.0535844949594928,2.8702190326757973,2.92380352763529,1
2023-03-24T15:42:55Z,2023-03-24T15:43:00Z,0.04424763747024141,2.8771184155903686,2.92136605306061,1
2023-03-24T15:42:55Z,2023-03-24T15:43:00Z,0.02436808166896176,2.8904447163336155,2.9148127980025773,1
2023-03-24T15:42:55Z,2023-03-24T15:43:00Z,0.0015455124011674037,2.90579197625879,2.9073374886599574,1
2023-03-24T15:42:55Z,2023-03-24T15:43:00Z,0.015426192908705172,2.886774099777426,2.902200292686131,1
2023-03-24T15:42:55Z,2023-03-24T15:43:00Z,0.030644989511066534,2.8678736735064003,2.898518663017467,1
2023-03-24T15:42:55Z,2023-03-24T15:43:00Z,0.030834030836844217,2.8641688617929244,2.8950028926297686,1
2023-03-24T15:42:55Z,2023-03-24T15:43:00Z,0.04209521444256392,2.849194575644148,2.891289790086712,1
2023-03-24T15:42:55Z,2023-03-24T15:43:00Z,0.04308130614729322,2.844363107910203,2.887444414057496,1
2023-03-24T15:42:55Z,2023-03-24T15:43:00Z,0.031022402307329777,2.852124931957635,2.8831473342649647,1
2023-03-24T15:43:55Z,2023-03-24T15:44:00Z,0.03409285240922566,2.844758692979046,2.8788515453882715,1
2023-03-24T15:43:55Z,2023-03-24T15:44:00Z,0.02711996566348107,2.848661332391652,2.875781298055133,1
2023-03-24T15:43:55Z,2023-03-24T15:44:00Z,0.023624953474201682,2.8487404338694717,2.8723653873436734,1
2023-03-24T15:43:55Z,2023-03-24T15:44:00Z,0.013550197711314382,2.8552038465551473,2.8687540442664616,1
2023-03-24T15:43:55Z,2023-03-24T15:44:00Z,0.011097857145163648,2.8543047467538734,2.865402603899037,1
2023-03-24T15:43:55Z,2023-03-24T15:44:00Z,0.0005643754291262404,2.86481196501119,2.864247589582064,1
2023-03-24T15:43:55Z,2023-03-24T15:44:00Z,0.03083210610432685,2.8933247980835834,2.8624926919792566,1
2023-03-24T15:43:55Z,2023-03-24T15:44:00Z,0.04429229685521108,2.9048132387327428,2.8605209418775317,1
2023-03-24T15:43:55Z,2023-03-24T15:44:00Z,0.040039285608928665,2.8996012137806746,2.859561928171746,1
2023-03-24T15:43:55Z,2023-03-24T15:44:00Z,0.054551329931435966,2.9155008841766676,2.8609495542452317,1
2023-03-24T15:43:55Z,2023-03-24T15:44:00Z,0.059354738184800304,2.9227448724511302,2.86339013426633,1
2023-03-24T15:44:55Z,2023-03-24T15:45:00Z,0.0576876644574722,2.9250264158302435,2.8673387513727713,1
2023-03-24T15:44:55Z,2023-03-24T15:45:00Z,0.06413468277877765,2.9371311492905487,2.872996466511771,1
2023-03-24T15:44:55Z,2023-03-24T15:45:00Z,0.056721791129941135,2.9359231274817152,2.879201336351774,1
2023-03-24T15:44:55Z,2023-03-24T15:45:00Z,0.058504659550211,2.9442449356968243,2.8857402761466133,1
2023-03-24T15:44:55Z,2023-03-24T15:45:00Z,0.026251968755623967,2.9190048937101345,2.8927529249545105,1
2023-03-24T15:44:55Z,2023-03-24T15:45:00Z,0.004982241410562693,2.8951232684135766,2.9001055098241393,1
2023-03-24T15:44:55Z,2023-03-24T15:45:00Z,0.021681999601703694,2.883828468671717,2.9055104682734205,1
2023-03-24T15:44:55Z,2023-03-24T15:45:00Z,0.04817017550611924,2.8604110175256428,2.908581193031762,1
2023-03-24T15:44:55Z,2023-03-24T15:45:00Z,0.07288463018990576,2.837967618373998,2.910852248563904,1
2023-03-24T15:44:55Z,2023-03-24T15:45:00Z,0.07924187712715414,2.831271837014784,2.910513714141938,1
2023-03-24T15:44:55Z,2023-03-24T15:45:00Z,0.08615487689365642,2.820100592655237,2.9062554695488934,1
2023-03-24T15:44:55Z,2023-03-24T15:45:00Z,0.08894251442169265,2.811655924225819,2.9005984386475117,1
2023-03-24T15:44:55Z,2023-03-24T15:45:00Z,0.10469073720095867,2.789792269052289,2.894483006253248,1
2023-03-24T15:45:55Z,2023-03-24T15:46:00Z,0.10819953497991897,2.7782953974309557,2.8864949324108746,1
2023-03-24T15:45:55Z,2023-03-24T15:46:00Z,0.11609225194340089,2.7601755571291013,2.8762678090725022,1
2023-03-24T15:45:55Z,2023-03-24T15:46:00Z,0.11782702544338619,2.7471537822137866,2.864980807657173,1
2023-03-24T15:45:55Z,2023-03-24T15:46:00Z,0.08766133744373539,2.7637075015856336,2.851368839029369,1
2023-03-24T15:45:55Z,2023-03-24T15:46:00Z,0.08005572206920819,2.7567923980933964,2.8368481201626046,1
2023-03-24T15:45:55Z,2023-03-24T15:46:00Z,0.08405940393706857,2.738901221293907,2.8229606252309756,1
2023-03-24T15:45:55Z,2023-03-24T15:46:00Z,0.08280136959368489,2.7276813713590795,2.8104827409527644,1
2023-03-24T15:45:55Z,2023-03-24T15:46:00Z,0.07012969043866546,2.728335969966432,2.7984656604050975,1
2023-03-24T15:45:55Z,2023-03-24T15:46:00Z,0.06007509586888027,2.7263792493583225,2.786454345227203,1
2023-03-24T15:45:55Z,2023-03-24T15:46:00Z,0.05548043165879646,2.7208142945253897,2.776294726184186,1
2023-03-24T15:45:55Z,2023-03-24T15:46:00Z,0.058734333187317134,2.7089766723033555,2.7677110054906726,1
2023-03-24T15:45:55Z,2023-03-24T15:46:00Z,0.036262728747666007,2.722951542705361,2.7592142714530272,1
2023-03-24T15:46:55Z,2023-03-24T15:47:00Z,0.0185278110985716,2.732138466481234,2.7506662775798056,1
2023-03-24T15:46:55Z,2023-03-24T15:47:00Z,0.00118568615096315,2.7426571774657305,2.7438428636166936,1
2023-03-24T15:46:55Z,2023-03-24T15:47:00Z,0.0023381511180993186,2.7417461068447113,2.739407955726612,1
2023-03-24T15:46:55Z,2023-03-24T15:47:00Z,0.011993938360576273,2.724672615830249,2.7366665541908253,1
2023-03-24T15:46:55Z,2023-03-24T15:47:00Z,0.03934025015873743,2.695908654010211,2.7352489041689485,1
2023-03-24T15:46:55Z,2023-03-24T15:47:00Z,0.0694610123299717,2.6640585713479363,2.733519583677908,1
2023-03-24T15:46:55Z,2023-03-24T15:47:00Z,0.09775154436721456,2.630552743343353,2.7283042877105674,1
2023-03-24T15:46:55Z,2023-03-24T15:47:00Z,0.13336300836671544,2.58780790805574,2.7211709164224556,1
2023-03-24T15:46:55Z,2023-03-24T15:47:00Z,0.167788247802656,2.5450481703159102,2.7128364181185662,1
2023-03-24T15:46:55Z,2023-03-24T15:47:00Z,0.3030715530724013,2.3990053678689853,2.7020769209413866,1
2023-03-24T15:46:55Z,2023-03-24T15:47:00Z,0.21139189515966406,2.4765859642701433,2.6879778594298074,1
2023-03-24T15:46:55Z,2023-03-24T15:47:00Z,0.11053796976727703,2.552257283394121,2.662795253161398,1
2023-03-24T15:47:55Z,2023-03-24T15:48:00Z,0.022118530699764438,2.6218899278266146,2.644008458526379,0
2023-03-24T15:47:55Z,2023-03-24T15:48:00Z,0.0931571210193205,2.725110241937297,2.6319531209179763,0
2023-03-24T15:47:55Z,2023-03-24T15:48:00Z,0.23574783735598315,2.85992698789867,2.624179150542687,0
2023-03-24T15:47:55Z,2023-03-24T15:48:00Z,0.3599882748748491,2.9836267927603104,2.6236385178854613,0
2023-03-24T15:47:55Z,2023-03-24T15:48:00Z,0.47865987884202665,3.111319151376176,2.6326592725341493,0
2023-03-24T15:47:55Z,2023-03-24T15:48:00Z,0.5893277528659433,3.240593232008985,2.6512654791430417,0
2023-03-24T15:47:55Z,2023-03-24T15:48:00Z,0.5803935599910033,3.261401080329886,2.681007520338883,0
2023-03-24T15:47:55Z,2023-03-24T15:48:00Z,0.521598651815995,3.244504985847091,2.722906334031096,0
2023-03-24T15:47:55Z,2023-03-24T15:48:00Z,0.43632232790593983,3.205178085704878,2.768855757798938,0
2023-03-24T15:47:55Z,2023-03-24T15:48:00Z,0.29415346835547407,3.1102363217316227,2.8160828533761486,0
2023-03-24T15:47:55Z,2023-03-24T15:48:00Z,0.2596375158963209,3.123210382937788,2.863572867041467,0
2023-03-24T15:47:55Z,2023-03-24T15:48:00Z,0.22033968330289877,3.1273885619917277,2.907048878688829,0
2023-03-24T15:48:55Z,2023-03-24T15:49:00Z,0.16730426080167105,3.1300612175727154,2.9627569567710443,0
2023-03-24T15:48:55Z,2023-03-24T15:49:00Z,0.10222364645042914,3.115042341507749,3.01281869505732,0
2023-03-24T15:48:55Z,2023-03-24T15:49:00Z,0.005729252864821621,3.062994404397419,3.0572651515325973,0
2023-03-24T15:48:55Z,2023-03-24T15:49:00Z,0.05256132466243146,3.042638627922561,3.0951999525849923,0
2023-03-24T15:48:55Z,2023-03-24T15:49:00Z,0.06432573738212399,3.0568653046228778,3.1211910420050017,0
2023-03-24T15:48:55Z,2023-03-24T15:49:00Z,0.07597922606216789,3.059266557483133,3.135245783545301,0
2023-03-24T15:48:55Z,2023-03-24T15:49:00Z,0.08191567023474855,3.0589638449922885,3.140879515227037,0
2023-03-24T15:48:55Z,2023-03-24T15:49:00Z,0.08517400000701025,3.051701469535946,3.1368754695429564,0
2023-03-24T15:48:55Z,2023-03-24T15:49:00Z,0.059053612176810155,3.06385036605717,3.12290397823398,0
2023-03-24T15:48:55Z,2023-03-24T15:49:00Z,0.0225329135526251,3.084240325389514,3.106773238942139,0
2023-03-24T15:48:55Z,2023-03-24T15:49:00Z,0.02292641323341149,3.0699503164941175,3.092876729727529,0
2023-03-24T15:48:55Z,2023-03-24T15:49:00Z,0.03123143411295004,3.052342390974936,3.083573825087886,0
2023-03-24T15:49:55Z,2023-03-24T15:50:00Z,0.028565499896016977,3.0519094017120603,3.0804749016080772,0
2023-03-24T15:49:55Z,2023-03-24T15:50:00Z,0.013048630625078772,3.061974886985856,3.075023517610935,0
2023-03-24T15:49:55Z,2023-03-24T15:50:00Z,0.0169989984055543,3.0522184299530983,3.0692174283586526,0
2023-03-24T15:49:55Z,2023-03-24T15:50:00Z,0.00856055722428728,3.0725405755377975,3.06398001831351,0
2023-03-24T15:49:55Z,2023-03-24T15:50:00Z,0.027901599427864632,3.087049009160248,3.0591474097323834,0
2023-03-24T15:49:55Z,2023-03-24T15:50:00Z,0.006878760729256861,3.066760491318592,3.059881730589335,0
2023-03-24T15:49:55Z,2023-03-24T15:50:00Z,0.0030215404850695293,3.066319454246534,3.0632979137614647,0
2023-03-24T15:49:55Z,2023-03-24T15:50:00Z,0.0255181151650401,3.0895771971338677,3.0640590819688276,0
2023-03-24T15:49:55Z,2023-03-24T15:50:00Z,0.02832426357669915,3.092925876065788,3.064601612489089,0
2023-03-24T15:49:55Z,2023-03-24T15:50:00Z,0.01654838321023755,3.0835048689409863,3.0669564857307487,0
2023-03-24T15:49:55Z,2023-03-24T15:50:00Z,0.003325449609314024,3.0734530435346663,3.0701275939253523,0
2023-03-24T15:49:55Z,2023-03-24T15:50:00Z,0.0010902447821852235,3.0727297235447546,3.0716394787625694,0
2023-03-24T15:50:55Z,2023-03-24T15:51:00Z,0.008121139799162513,3.07893082764982,3.0708096878506574,0
2023-03-24T15:50:55Z,2023-03-24T15:51:00Z,0.0026864450270007723,3.073709933420015,3.0710234883930143,0
2023-03-24T15:50:55Z,2023-03-24T15:51:00Z,0.014024591245223927,3.0870933439978443,3.0730687527526204,0
2023-03-24T15:50:55Z,2023-03-24T15:51:00Z,0.0020051554377777947,3.072740561292378,3.0747457167301557,0
2023-03-24T15:50:55Z,2023-03-24T15:51:00Z,0.011891341698111013,3.0647865640329663,3.0766779057310774,0
2023-03-24T15:50:55Z,2023-03-24T15:51:00Z,0.004871819975526215,3.0733847112431887,3.078256531218715,0
2023-03-24T15:50:55Z,2023-03-24T15:51:00Z,0.002297925431490988,3.079957994226757,3.077660068795266,0
2023-03-24T15:50:55Z,2023-03-24T15:51:00Z,0.0036755127566152623,3.072933456198877,3.076608968955492,0
2023-03-24T15:50:55Z,2023-03-24T15:51:00Z,0.0009463080360760934,3.078570469522966,3.0776241614868898,0
2023-03-24T15:50:55Z,2023-03-24T15:51:00Z,0.019243232128079768,3.0973761629959187,3.078132930867839,0
2023-03-24T15:50:55Z,2023-03-24T15:51:00Z,0.03153755800170055,3.108823817514855,3.0772862595131545,0
2023-03-24T15:51:55Z,2023-03-24T15:52:00Z,0.03707446836524664,3.1147030576422576,3.077628589277011,0
2023-03-24T15:51:55Z,2023-03-24T15:52:00Z,0.04170621391379514,3.1212824146195652,3.07957620070577,0
2023-03-24T15:51:55Z,2023-03-24T15:52:00Z,0.07233592641887121,3.1550852051329175,3.0827492787140462,0
2023-03-24T15:51:55Z,2023-03-24T15:52:00Z,0.10768007556916892,3.194164176673585,3.086484101104416,0
2023-03-24T15:51:55Z,2023-03-24T15:52:00Z,0.07704988828387727,3.1693920184254547,3.0923421301415774,0
2023-03-24T15:51:55Z,2023-03-24T15:52:00Z,0.04405348201489634,3.14566132317598,3.1016078411610835,0
2023-03-24T15:51:55Z,2023-03-24T15:52:00Z,0.0123717378941115,3.120310246318857,3.1079385084247453,0
2023-03-24T15:51:55Z,2023-03-24T15:52:00Z,0.001326075395416737,3.11222172240499,3.1135477978004067,0
2023-03-24T15:51:55Z,2023-03-24T15:52:00Z,0.02932492081743554,3.0884939294665013,3.117818850283937,0
2023-03-24T15:51:55Z,2023-03-24T15:52:00Z,0.041899189864648356,3.07890712281635,3.1208063126809984,0
2023-03-24T15:51:55Z,2023-03-24T15:52:00Z,0.07292894592127208,3.0485339771627835,3.1214629230840556,0
2023-03-24T15:51:55Z,2023-03-24T15:52:00Z,0.06185570094383719,3.0600667349569473,3.1219224359007844,0
2023-03-24T15:51:55Z,2023-03-24T15:52:00Z,0.03586249289629029,3.083749443592173,3.119611936488463,0
2023-03-24T15:52:55Z,2023-03-24T15:53:00Z,0.05008890360424312,3.0666530768812215,3.1167419804854646,0
2023-03-24T15:52:55Z,2023-03-24T15:53:00Z,0.0723117259496382,3.0425014565417743,3.1148131824914125,0
2023-03-24T15:52:55Z,2023-03-24T15:53:00Z,0.11911276340259791,2.992004266722581,3.111117030125179,0
2023-03-24T15:52:55Z,2023-03-24T15:53:00Z,0.13174836447322757,2.9733085919536597,3.1050569564268873,0
2023-03-24T15:52:55Z,2023-03-24T15:53:00Z,0.10895216454478085,2.98356010431208,3.092512268856861,0
2023-03-24T15:52:55Z,2023-03-24T15:53:00Z,0.09958764306105428,2.9759357346635054,3.0755233777245596,0
2023-03-24T15:52:55Z,2023-03-24T15:53:00Z,0.10138832413015564,2.9598402909702983,3.061228615100454,0
2023-03-24T15:52:55Z,2023-03-24T15:53:00Z,0.05821760030743883,2.989955200292056,3.048172800599495,0
2023-03-24T15:52:55Z,2023-03-24T15:53:00Z,0.052866164457051834,2.9829627934233227,3.0358289578803745,0
2023-03-24T15:52:55Z,2023-03-24T15:53:00Z,0.02555152181014364,3.0008723189846203,3.026423840794764,0
2023-03-24T15:52:55Z,2023-03-24T15:53:00Z,0.04468020863983879,2.9736258524592962,3.018306061099135,0
2023-03-24T15:53:55Z,2023-03-24T15:54:00Z,0.06264840571339025,2.9496549781679193,3.0123033838813096,0
2023-03-24T15:53:55Z,2023-03-24T15:54:00Z,0.03470790953439451,2.9718333109081856,3.00654122044258,0
2023-03-24T15:53:55Z,2023-03-24T15:54:00Z,0.03640594798122043,2.9616420604006652,2.9980480083818857,0
2023-03-24T15:53:55Z,2023-03-24T15:54:00Z,0.00888379566170805,2.980555279436794,2.989439075098502,0
2023-03-24T15:53:55Z,2023-03-24T15:54:00Z,0.02539101852567338,3.0067523231256708,2.9813613045999974,0
2023-03-24T15:53:55Z,2023-03-24T15:54:00Z,0.059526250777413026,3.0361224648308736,2.9765962140534605,0
2023-03-24T15:53:55Z,2023-03-24T15:54:00Z,0.08566073371520089,3.0633914136458222,2.9777306799306213,0
2023-03-24T15:53:55Z,2023-03-24T15:54:00Z,0.09544330620096497,3.078005822506756,2.982562516305791,0
2023-03-24T15:53:55Z,2023-03-24T15:54:00Z,0.08049845765607477,3.069201843910616,2.9887033862545413,0
2023-03-24T15:53:55Z,2023-03-24T15:54:00Z,0.07831242973258545,3.074867361205838,2.9965549314732525,0
2023-03-24T15:53:55Z,2023-03-24T15:54:00Z,0.08952615430795863,3.0944935129304665,3.004967358622508,0
2023-03-24T15:53:55Z,2023-03-24T15:54:00Z,0.09737486497889991,3.108873928287083,3.0114990633081833,0
2023-03-24T15:53:55Z,2023-03-24T15:54:00Z,0.10522968547621137,3.1253080349003293,3.020078349424118,0
2023-03-24T15:54:55Z,2023-03-24T15:55:00Z,0.10728444271130533,3.1356706082356123,3.028386165524307,0
2023-03-24T15:54:55Z,2023-03-24T15:55:00Z,0.096770582384198,3.1368246080962763,3.0400540257120783,0
2023-03-24T15:54:55Z,2023-03-24T15:55:00Z,0.06863538901840727,3.122998309351078,3.0543629203326708,0
2023-03-24T15:54:55Z,2023-03-24T15:55:00Z,0.03770799343022846,3.1047625520081366,3.067054558577908,0
2023-03-24T15:54:55Z,2023-03-24T15:55:00Z,0.0065021201931370065,3.0729644575348023,3.0794665777279393,0
2023-03-24T15:54:55Z,2023-03-24T15:55:00Z,0.016249519811014412,3.072771463499336,3.0890209833103506,0
2023-03-24T15:54:55Z,2023-03-24T15:55:00Z,0.029849150497345267,3.0642650739214004,3.0941142244187456,0
2023-03-24T15:54:55Z,2023-03-24T15:55:00Z,0.0416333539609961,3.055300024201477,3.0969333781624733,0
2023-03-24T15:54:55Z,2023-03-24T15:55:00Z,0.039860797229631206,3.0571397855694245,3.0970005827990557,0
2023-03-24T15:54:55Z,2023-03-24T15:55:00Z,0.05915955184819799,3.036094431081221,3.095253982929419,0
2023-03-24T15:54:55Z,2023-03-24T15:55:00Z,0.05768765835391543,3.036638473933874,3.0943261322877893,0
2023-03-24T15:54:55Z,2023-03-24T15:55:00Z,0.055411087380410784,3.03593251182087,3.0913435992012808,0
2023-03-24T15:55:55Z,2023-03-24T15:56:00Z,0.09557333687963698,2.9913198747065213,3.0868932115861583,0
2023-03-24T15:55:55Z,2023-03-24T15:56:00Z,0.0834781341007651,2.9978041992956843,3.0812823333964494,0
2023-03-24T15:55:55Z,2023-03-24T15:56:00Z,0.0830029211112393,2.9879726307318397,3.070975551843079,0
2023-03-24T15:55:55Z,2023-03-24T15:56:00Z,0.05764366426299272,3.002726779200092,3.0603704434630847,0
2023-03-24T15:55:55Z,2023-03-24T15:56:00Z,0.01567044904699033,3.0332498423111383,3.0489202913581286,0
2023-03-24T15:55:55Z,2023-03-24T15:56:00Z,0.005314688759328057,3.044983323951996,3.039668635192668,0
2023-03-24T15:55:55Z,2023-03-24T15:56:00Z,0.020813139904352518,3.05498079742802,3.0341676575236676,0
2023-03-24T15:55:55Z,2023-03-24T15:56:00Z,0.025153714990719056,3.0571689776234012,3.032015262632682,0
2023-03-24T15:55:55Z,2023-03-24T15:56:00Z,0.0019324958584632235,3.032579245716429,3.030646749857966,0
2023-03-24T15:55:55Z,2023-03-24T15:56:00Z,0.021954443687300262,3.0520553399838817,3.0301008962965814,0
2023-03-24T15:55:55Z,2023-03-24T15:56:00Z,0.038322002628659924,3.0666751467340836,3.0283531441054237,0
2023-03-24T15:55:55Z,2023-03-24T15:56:00Z,0.0014389036559365742,3.0294009365624723,3.0279620329065358,0
2023-03-24T15:56:55Z,2023-03-24T15:57:00Z,0.01923201474569547,3.0495464103947594,3.030314395649064,0
2023-03-24T15:56:55Z,2023-03-24T15:57:00Z,0.02275172953503013,3.0525093915401404,3.0297576620051103,0
2023-03-24T15:56:55Z,2023-03-24T15:57:00Z,0.020835619668184258,3.051640504640517,3.0308048849723326,0
2023-03-24T15:56:55Z,2023-03-24T15:57:00Z,0.004490469955559018,3.04000224083817,3.035511770882611,0
2023-03-24T15:56:55Z,2023-03-24T15:57:00Z,0.012433781641770114,3.027219243498135,3.039653025139905,0
2023-03-24T15:56:55Z,2023-03-24T15:57:00Z,0.041218120444000306,3.002437182396392,3.043655302840392,0
2023-03-24T15:56:55Z,2023-03-24T15:57:00Z,0.058929735000869954,2.986609603554757,3.045539338555627,0
2023-03-24T15:56:55Z,2023-03-24T15:57:00Z,0.08952747906278535,2.9536416548840148,3.0431691339468,0
2023-03-24T15:56:55Z,2023-03-24T15:57:00Z,0.08109979684339841,2.957579050918998,3.0386788477623963,0
2023-03-24T15:56:55Z,2023-03-24T15:57:00Z,0.09920434028838887,2.9316791888167764,3.0308835291051652,0
2023-03-24T15:56:55Z,2023-03-24T15:57:00Z,0.09636507060671606,2.9268576949058027,3.023222765512519,0
2023-03-24T15:56:55Z,2023-03-24T15:57:00Z,0.07898504466022871,2.9364761780138555,3.0154612226740842,0
2023-03-24T15:57:55Z,2023-03-24T15:58:00Z,0.08996764068256047,2.915862993908595,3.0058306345911556,0
2023-03-24T15:57:55Z,2023-03-24T15:58:00Z,0.07661914756296406,2.91919618174202,2.995815329304984,0
2023-03-24T15:57:55Z,2023-03-24T15:58:00Z,0.06403880346095336,2.9230428379475786,2.987081641408532,0
2023-03-24T15:57:55Z,2023-03-24T15:58:00Z,0.04346173099793127,2.9335929697450056,2.977054700742937,0
2023-03-24T15:57:55Z,2023-03-24T15:58:00Z,0.03773061759846286,2.929365117483507,2.96709573508197,0
2023-03-24T15:57:55Z,2023-03-24T15:58:00Z,0.03288523624339712,2.9251299192312263,2.9580151554746235,0
2023-03-24T15:57:55Z,2023-03-24T15:58:00Z,0.028152959320340898,2.9213516482039235,2.9495046075242644,0
2023-03-24T15:57:55Z,2023-03-24T15:58:00Z,0.008362325153395744,2.9500139077340517,2.941651582580656,0
2023-03-24T15:57:55Z,2023-03-24T15:58:00Z,0.003656768594110904,2.939071002390731,2.93541423379662,0
2023-03-24T15:57:55Z,2023-03-24T15:58:00Z,0.013449833532778843,2.9460490138047293,2.9325991802719504,0
2023-03-24T15:57:55Z,2023-03-24T15:58:00Z,0.010480763115311209,2.920997597734079,2.93147836084939,0
2023-03-24T15:58:55Z,2023-03-24T15:59:00Z,0.013625351832269317,2.9169660830852546,2.930591434917524,0
2023-03-24T15:58:55Z,2023-03-24T15:59:00Z,0.018674524228225575,2.948444298293234,2.9297697740650084,0
2023-03-24T15:58:55Z,2023-03-24T15:59:00Z,0.02096422845707835,2.9499731093051214,2.929008880848043,0
2023-03-24T15:58:55Z,2023-03-24T15:59:00Z,0.033743130512850605,2.9636726359977685,2.929929505484918,0
2023-03-24T15:58:55Z,2023-03-24T15:59:00Z,0.02006477770946269,2.952618138224883,2.93255336051542,0
2023-03-24T15:58:55Z,2023-03-24T15:59:00Z,0.01257874156352834,2.948553367790929,2.9359746262274005,0
2023-03-24T15:58:55Z,2023-03-24T15:59:00Z,0.006949294537274664,2.9451989438629296,2.938249649325655,0
2023-03-24T15:58:55Z,2023-03-24T15:59:00Z,0.03281365347651066,2.9722141026518516,2.939400449175341,0
2023-03-24T15:58:55Z,2023-03-24T15:59:00Z,0.02337173898400291,2.963990174803915,2.940618435819912,0
2023-03-24T15:58:55Z,2023-03-24T15:59:00Z,0.0482730364848325,2.9925133325678694,2.944240296083037,0
2023-03-24T15:58:55Z,2023-03-24T15:59:00Z,0.056731959757509554,3.004252142502085,2.9475201827445754,0
2023-03-24T15:58:55Z,2023-03-24T15:59:00Z,0.07300045331272642,3.0237898225829802,2.950789369270254,0
2023-03-24T15:58:55Z,2023-03-24T15:59:00Z,0.0861116927280583,3.0419149958530314,2.955803303124973,0
2023-03-24T15:59:55Z,2023-03-24T16:00:00Z,0.08244316182221079,3.044226527160895,2.9617833653386842,0
2023-03-24T15:59:55Z,2023-03-24T16:00:00Z,0.05940382858939364,3.030488532244921,2.9710847036555275,0
2023-03-24T15:59:55Z,2023-03-24T16:00:00Z,0.028250979969493883,3.0091249485539167,2.9808739685844228,0
2023-03-24T15:59:55Z,2023-03-24T16:00:00Z,0.015658560481799366,3.0028436239855827,2.9871850635037833,0
2023-03-24T15:59:55Z,2023-03-24T16:00:00Z,0.023129888118601283,3.014865093103061,2.99173520498446,0
2023-03-24T15:59:55Z,2023-03-24T16:00:00Z,0.03279612582675773,3.027544483733357,2.9947483579065994,0
2023-03-24T15:59:55Z,2023-03-24T16:00:00Z,0.013077539302538632,3.0126141245074596,2.999536585204921,0
2023-03-24T15:59:55Z,2023-03-24T16:00:00Z,0.03815438751139144,3.0437672124041915,3.0056128248928,0
2023-03-24T15:59:55Z,2023-03-24T16:00:00Z,0.05968104003793906,3.0704796480572414,3.0107986080193023,0
2023-03-24T15:59:55Z,2023-03-24T16:00:00Z,0.05095136986653781,3.0672540632514043,3.0163026933848665,0
2023-03-24T15:59:55Z,2023-03-24T16:00:00Z,0.04424326752947083,3.0687374588569014,3.0244941913274306,0
2023-03-24T15:59:55Z,2023-03-24T16:00:00Z,0.03290078151945153,3.0631442598225385,3.030243478303087,0
2023-03-24T16:00:55Z,2023-03-24T16:01:00Z,0.03662293050220722,3.0718268177556647,3.0352038872534575,0
2023-03-24T16:00:55Z,2023-03-24T16:01:00Z,0.028456159276621484,3.066687310933121,3.0382311516564995,0
2023-03-24T16:00:55Z,2023-03-24T16:01:00Z,0.0326510740159196,3.073183135049545,3.0405320610336255,0
2023-03-24T16:00:55Z,2023-03-24T16:01:00Z,0.04311924351620666,3.0853790571476956,3.042259813631489,0
2023-03-24T16:00:55Z,2023-03-24T16:01:00Z,0.038471560985105846,3.0840155748323355,3.0455440138472296,0
2023-03-24T16:00:55Z,2023-03-24T16:01:00Z,0.041184839530037376,3.0925945540383277,3.0514097145082903,0
2023-03-24T16:00:55Z,2023-03-24T16:01:00Z,0.041155763303912796,3.0988094740311833,3.0576537107272705,0
2023-03-24T16:00:55Z,2023-03-24T16:01:00Z,0.011029856424345397,3.0746627564543294,3.063632900029984,0
2023-03-24T16:00:55Z,2023-03-24T16:01:00Z,0.01186161652178308,3.057253205838802,3.069114822360585,0
2023-03-24T16:00:55Z,2023-03-24T16:01:00Z,0.025621886957692297,3.0482659070911136,3.073887794048806,0
2023-03-24T16:00:55Z,2023-03-24T16:01:00Z,0.02283810279828291,3.0520870753608786,3.0749251781591616,0
2023-03-24T16:00:55Z,2023-03-24T16:01:00Z,0.02233341812549483,3.0508830107285796,3.0732164288540744,0
2023-03-24T16:01:55Z,2023-03-24T16:02:00Z,0.030676860322029764,3.0413728771558506,3.0720497374778803,0
2023-03-24T16:01:55Z,2023-03-24T16:02:00Z,0.03295157234957191,3.037724746041514,3.070676318391086,0
2023-03-24T16:01:55Z,2023-03-24T16:02:00Z,0.04575051957253118,3.023251077074964,3.069001596647495,0
2023-03-24T16:01:55Z,2023-03-24T16:02:00Z,0.05466287927457891,3.011715481087212,3.066378360361791,0
2023-03-24T16:01:55Z,2023-03-24T16:02:00Z,0.06700384463274611,2.9960332669707244,3.0630371116034705,0
2023-03-24T16:01:55Z,2023-03-24T16:02:00Z,0.07580231251127278,2.982506518018173,3.058308830529446,0
2023-03-24T16:01:55Z,2023-03-24T16:02:00Z,0.0772341539540431,2.9742019234848662,3.0514360774389093,0
2023-03-24T16:01:55Z,2023-03-24T16:02:00Z,0.06759052975514956,2.976037158698055,3.0436276884532045,0
2023-03-24T16:01:55Z,2023-03-24T16:02:00Z,0.08190267900113568,2.9526178840248787,3.0345205630260144,0
2023-03-24T16:01:55Z,2023-03-24T16:02:00Z,0.07377803146434436,2.9512985073052764,3.025076538769621,0
2023-03-24T16:01:55Z,2023-03-24T16:02:00Z,0.10226337401979269,2.9134250976398697,3.0156884716596624,0
2023-03-24T16:02:55Z,2023-03-24T16:03:00Z,0.10269495583620758,2.904843154397799,3.0075381102340066,0
2023-03-24T16:02:55Z,2023-03-24T16:03:00Z,0.07953050334551692,2.9176352369307015,2.9971657402762184,0
2023-03-24T16:02:55Z,2023-03-24T16:03:00Z,0.06507076353690433,2.920768521280616,2.98583928481752,0
2023-03-24T16:02:55Z,2023-03-24T16:03:00Z,0.03782619876781901,2.9377632572960177,2.9755894560638367,0
2023-03-24T16:02:55Z,2023-03-24T16:03:00Z,0.044983192378805104,2.921329005540783,2.966312197919588,0
2023-03-24T16:02:55Z,2023-03-24T16:03:00Z,0.026009381592262404,2.932613471039211,2.9586228526314735,0
2023-03-24T16:02:55Z,2023-03-24T16:03:00Z,0.01854485518181459,2.9322378381008756,2.95078269328269,0
2023-03-24T16:02:55Z,2023-03-24T16:03:00Z,0.011406784348779286,2.933291138930218,2.9446979232789974,0
2023-03-24T16:02:55Z,2023-03-24T16:03:00Z,0.008504409812247538,2.9312861727844544,2.939790582596702,0
2023-03-24T16:02:55Z,2023-03-24T16:03:00Z,0.0018023368042050514,2.937807121009526,2.9360047842053207,0
2023-03-24T16:02:55Z,2023-03-24T16:03:00Z,0.009236319363339796,2.9234672532496413,2.932703572612981,0
2023-03-24T16:02:55Z,2023-03-24T16:03:00Z,0.009177793509537402,2.9389405939926316,2.9297628004830942,0
2023-03-24T16:03:55Z,2023-03-24T16:04:00Z,0.023863484878068775,2.9513839291476835,2.9275204442696148,0
2023-03-24T16:03:55Z,2023-03-24T16:04:00Z,0.01988846186220039,2.9464582974154574,2.926569835553257,0
2023-03-24T16:03:55Z,2023-03-24T16:04:00Z,0.013233679995289016,2.942723425664532,2.929489745669243,0
2023-03-24T16:03:55Z,2023-03-24T16:04:00Z,0.010946254511062126,2.9436371650278166,2.9326909105167545,0
2023-03-24T16:03:55Z,2023-03-24T16:04:00Z,0.02330228803495471,2.957923059223543,2.9346207711885883,0
2023-03-24T16:03:55Z,2023-03-24T16:04:00Z,0.04000687889011578,2.9763867765207963,2.9363798976306805,0
2023-03-24T16:03:55Z,2023-03-24T16:04:00Z,0.055770203835948884,2.9937008554610554,2.9379306516251065,0
2023-03-24T16:03:55Z,2023-03-24T16:04:00Z,0.05862830502289551,3.00079416980031,2.9421658647774147,0
2023-03-24T16:03:55Z,2023-03-24T16:04:00Z,0.06707978792470737,3.013944682273033,2.9468648943483258,0
2023-03-24T16:03:55Z,2023-03-24T16:04:00Z,0.08783194732777533,3.03997040565298,2.9521384583252046,0
2023-03-24T16:03:55Z,2023-03-24T16:04:00Z,0.102946568255049,3.0612891452989324,2.9583425770438834,0
2023-03-24T16:03:55Z,2023-03-24T16:04:00Z,0.10164904740355496,3.068351950052709,2.9667029026491543,0
2023-03-24T16:03:55Z,2023-03-24T16:04:00Z,0.10023898955382693,3.0764405094560128,2.976201519902186,0
2023-03-24T16:04:55Z,2023-03-24T16:05:00Z,0.0683620881897582,3.055708584769103,2.987346496579345,0
2023-03-24T16:04:55Z,2023-03-24T16:05:00Z,0.09052678351216681,3.0884501966656175,2.9979234131534507,0
2023-03-24T16:04:55Z,2023-03-24T16:05:00Z,0.07144957701135235,3.0773979636741426,3.0059483866627903,0
2023-03-24T16:04:55Z,2023-03-24T16:05:00Z,0.05646367183099654,3.0733345122822606,3.016870840451264,0
2023-03-24T16:04:55Z,2023-03-24T16:05:00Z,0.05781364363294239,3.0850440639311003,3.027230420298158,0
2023-03-24T16:04:55Z,2023-03-24T16:05:00Z,0.049272338487611034,3.0864794778053413,3.0372071393177302,0
2023-03-24T16:04:55Z,2023-03-24T16:05:00Z,0.04930271648925544,3.096288394630644,3.0469856781413887,0
2023-03-24T16:04:55Z,2023-03-24T16:05:00Z,0.0409877275330337,3.096442075004003,3.0554543474709694,0
2023-03-24T16:04:55Z,2023-03-24T16:05:00Z,0.0689053576955363,3.132251054333397,3.0633456966378607,0
2023-03-24T16:04:55Z,2023-03-24T16:05:00Z,0.09138185350470573,3.1620850813120813,3.0707032278073756,0
2023-03-24T16:04:55Z,2023-03-24T16:05:00Z,0.0858981693180505,3.165701887283915,3.0798037179658646,0
2023-03-24T16:04:55Z,2023-03-24T16:05:00Z,0.06127489674148956,3.1504720512965156,3.089197154555026,0
2023-03-24T16:05:55Z,2023-03-24T16:06:00Z,0.053996626906460676,3.151225530844947,3.097228903938486,0
2023-03-24T16:05:55Z,2023-03-24T16:06:00Z,0.09366927577528861,3.0098765590281067,3.1035458348033953,0
2023-03-24T16:05:55Z,2023-03-24T16:06:00Z,0.20842038838114174,2.9008781403752484,3.10929852875639,0
2023-03-24T16:05:55Z,2023-03-24T16:06:00Z,0.26802505579967395,2.837747932515101,3.105772988314775,0
2023-03-24T16:05:55Z,2023-03-24T16:06:00Z,0.1191533853221558,2.972190983277975,3.0913443686001307,0
2023-03-24T16:05:55Z,2023-03-24T16:06:00Z,0.012545697341186823,3.060364053477479,3.072909750818666,0
2023-03-24T16:05:55Z,2023-03-24T16:06:00Z,0.010783216617384017,3.075912695974182,3.065129479356798,0
2023-03-24T16:05:55Z,2023-03-24T16:06:00Z,0.004900025519142037,3.0583309914950703,3.0632310170142123,0
2023-03-24T16:05:55Z,2023-03-24T16:06:00Z,0.0717869413405916,3.134205128983176,3.062418187642584,0
2023-03-24T16:05:55Z,2023-03-24T16:06:00Z,0.07728135930630042,3.1367797467076866,3.059498387401386,0
2023-03-24T16:05:55Z,2023-03-24T16:06:00Z,0.09355975565055008,3.155962993358026,3.062403237707476,0
2023-03-24T16:05:55Z,2023-03-24T16:06:00Z,0.11656743848891926,3.179319037148264,3.0627515986593448,0
2023-03-24T16:06:55Z,2023-03-24T16:07:00Z,0.12910432779214753,3.191384996608873,3.0622806688167254,0
2023-03-24T16:06:55Z,2023-03-24T16:07:00Z,0.12307992881300445,3.186408070696218,3.0633281418832135,0
2023-03-24T16:06:55Z,2023-03-24T16:07:00Z,0.10682207561630452,3.17329736713893,3.0664752915226257,0
2023-03-24T16:06:55Z,2023-03-24T16:07:00Z,0.13015394802860847,3.199335588770563,3.0691816407419545,0
2023-03-24T16:06:55Z,2023-03-24T16:07:00Z,0.12071124735796479,3.202463719493059,3.0817524721350944,0
2023-03-24T16:06:55Z,2023-03-24T16:07:00Z,0.11682593429631583,3.221536671692588,3.1047107373962723,0
2023-03-24T16:06:55Z,2023-03-24T16:07:00Z,0.09928574069234886,3.232051538625388,3.132765797933039,0
2023-03-24T16:06:55Z,2023-03-24T16:07:00Z,0.11467756149571517,3.2666237969991094,3.1519462355033943,0
2023-03-24T16:06:55Z,2023-03-24T16:07:00Z,0.07052376164097929,3.2356767267711355,3.165152965130156,0
2023-03-24T16:06:55Z,2023-03-24T16:07:00Z,0.09121271103699202,3.2710357608613734,3.1798230498243814,0
2023-03-24T16:06:55Z,2023-03-24T16:07:00Z,0.0714483411941158,3.2649133706551177,3.193465029461002,0
2023-03-24T16:06:55Z,2023-03-24T16:07:00Z,0.061712888153703016,3.265703350836104,3.203990462682401,0
2023-03-24T16:07:55Z,2023-03-24T16:08:00Z,0.07269997283913288,3.2865468681328744,3.2138468952937416,0
2023-03-24T16:07:55Z,2023-03-24T16:08:00Z,0.03413635918771041,3.1881521020658834,3.222288461253594,0
2023-03-24T16:07:55Z,2023-03-24T16:08:00Z,0.23042483180661932,3.000111924138099,3.2305367559447182,0
2023-03-24T16:07:55Z,2023-03-24T16:08:00Z,0.09929814456460306,3.1309899271845003,3.2302880717491034,0
2023-03-24T16:07:55Z,2023-03-24T16:08:00Z,0.07567932164048718,3.2916369205774276,3.2159575989369404,0
2023-03-24T16:07:55Z,2023-03-24T16:08:00Z,0.07672572312452663,3.289428903603434,3.2127031804789072,0
2023-03-24T16:07:55Z,2023-03-24T16:08:00Z,0.057647618607959306,3.2774509015335482,3.219803282925589,0
2023-03-24T16:07:55Z,2023-03-24T16:08:00Z,0.017634735308083904,3.244127647780625,3.226492912472541,0
2023-03-24T16:07:55Z,2023-03-24T16:08:00Z,0.007744607089060107,3.223049399986632,3.230794007075692,0
2023-03-24T16:07:55Z,2023-03-24T16:08:00Z,0.01863334897447455,3.2130895895746967,3.2317229385491713,0
2023-03-24T16:07:55Z,2023-03-24T16:08:00Z,0.03903136277382124,3.1893396990820833,3.2283710618559045,0
2023-03-24T16:07:55Z,2023-03-24T16:08:00Z,0.01265058098376759,3.213983008780102,3.2266335897638694,0
2023-03-24T16:08:55Z,2023-03-24T16:09:00Z,0.042298260342004124,3.1780510169773053,3.2203492773193094,0
2023-03-24T16:08:55Z,2023-03-24T16:09:00Z,0.05771436652990669,3.1587171906451714,3.216431557175078,0
2023-03-24T16:08:55Z,2023-03-24T16:09:00Z,0.05651435699486962,3.1531747129603005,3.20968906995517,0
2023-03-24T16:08:55Z,2023-03-24T16:09:00Z,0.04816536366671542,3.1516906541740166,3.199856017840732,0
2023-03-24T16:08:55Z,2023-03-24T16:09:00Z,0.00535866189163281,3.191806787556361,3.197165449447994,0
2023-03-24T16:08:55Z,2023-03-24T16:09:00Z,0.04898330620507707,3.159842045553372,3.208825351758449,0
2023-03-24T16:08:55Z,2023-03-24T16:09:00Z,0.20834931246174193,3.005154259325312,3.213503571787054,0
2023-03-24T16:08:55Z,2023-03-24T16:09:00Z,0.46005293865597263,2.7433125658215394,3.203365504477512,0
2023-03-24T16:08:55Z,2023-03-24T16:09:00Z,0.5955530676499254,2.5859451564984997,3.181498224148425,0
2023-03-24T16:08:55Z,2023-03-24T16:09:00Z,0.5850176788411909,2.5553929810216944,3.1404106598628854,0
2023-03-24T16:08:55Z,2023-03-24T16:09:00Z,0.5103532902133723,2.579427947243196,3.089781237456568,0
2023-03-24T16:08:55Z,2023-03-24T16:09:00Z,0.4656306319283545,2.572792419453988,3.0384230513823427,0
2023-03-24T16:09:55Z,2023-03-24T16:10:00Z,0.41832778040713947,2.571352067718934,2.9896798481260736,0
2023-03-24T16:09:55Z,2023-03-24T16:10:00Z,0.2678759399630688,2.674377194345459,2.942253134308528,0
2023-03-24T16:09:55Z,2023-03-24T16:10:00Z,0.0573465807446536,2.8354734042514766,2.8928199849961302,0
2023-03-24T16:09:55Z,2023-03-24T16:10:00Z,0.16889072834263752,3.0229665731363182,2.8540758447936807,0
2023-03-24T16:09:55Z,2023-03-24T16:10:00Z,0.26505695447465394,3.0942678926226654,2.8292109381480115,0
2023-03-24T16:09:55Z,2023-03-24T16:10:00Z,0.3042002014011742,3.1233951287934945,2.8191949273923202,0
2023-03-24T16:09:55Z,2023-03-24T16:10:00Z,0.27052481023832353,3.0853026021266943,2.8147777918883707,0
2023-03-24T16:09:55Z,2023-03-24T16:10:00Z,0.20195464569397537,3.0114700022928953,2.80951535659892,0
2023-03-24T16:09:55Z,2023-03-24T16:10:00Z,0.132943173068774,2.9367247263271796,2.8037815532584056,0
2023-03-24T16:09:55Z,2023-03-24T16:10:00Z,0.13210744739113034,2.9363748270316576,2.8042673796405273,0
2023-03-24T16:09:55Z,2023-03-24T16:10:00Z,0.10293855272504615,2.922083790866007,2.819145238140961,0
2023-03-24T16:09:55Z,2023-03-24T16:10:00Z,0.08203360149364514,2.928134968137157,2.846101366643512,0
2023-03-24T16:10:55Z,2023-03-24T16:11:00Z,0.06813444718408546,2.9424427992002364,2.874308352016151,0
2023-03-24T16:10:55Z,2023-03-24T16:11:00Z,0.0236625073278538,2.924794476335848,2.901131969007994,0
2023-03-24T16:10:55Z,2023-03-24T16:11:00Z,0.016763700762333134,2.9463303143661927,2.9295666136038596,0
2023-03-24T16:10:55Z,2023-03-24T16:11:00Z,0.0084794851942247,2.9482750059955514,2.956754491189776,0
2023-03-24T16:10:55Z,2023-03-24T16:11:00Z,0.030527417931065948,2.9471465440295357,2.9776739619606016,0
2023-03-24T16:10:55Z,2023-03-24T16:11:00Z,0.02925107901383006,2.9570999292347775,2.9863510082486076,0
2023-03-24T16:10:55Z,2023-03-24T16:11:00Z,0.030435500367542723,2.950083197949774,2.980518698317317,0
2023-03-24T16:10:55Z,2023-03-24T16:11:00Z,0.023922320405278974,2.9460449961129695,2.9699673165182485,0
2023-03-24T16:10:55Z,2023-03-24T16:11:00Z,0.02255814202450379,2.979193771554774,2.95663562953027,0
2023-03-24T16:10:55Z,2023-03-24T16:11:00Z,0.036147242831618964,2.9820707488223714,2.9459235059907525,0
2023-03-24T16:10:55Z,2023-03-24T16:11:00Z,0.022248835022800062,2.965689554033697,2.943440719010897,0
2023-03-24T16:10:55Z,2023-03-24T16:11:00Z,0.014787755458825824,2.961716630046276,2.9469288745874502,0
2023-03-24T16:11:55Z,2023-03-24T16:12:00Z,0.017110004548073654,2.9320738490395337,2.9491838535876074,0
2023-03-24T16:11:55Z,2023-03-24T16:12:00Z,0.01495531689141405,2.9372772166331367,2.9522325335245507,0
2023-03-24T16:11:55Z,2023-03-24T16:12:00Z,0.016172688534269675,2.936362835828925,2.9525355243631948,0
2023-03-24T16:11:55Z,2023-03-24T16:12:00Z,0.02349336332450669,2.928644808533527,2.9521381718580337,0
2023-03-24T16:11:55Z,2023-03-24T16:12:00Z,0.03135991554818762,2.9216681301170055,2.953028045665193,0
2023-03-24T16:11:55Z,2023-03-24T16:12:00Z,0.03244973854238031,2.919217883597223,2.9516676221396034,0
2023-03-24T16:11:55Z,2023-03-24T16:12:00Z,0.006846835801829876,2.942774103577886,2.9496209393797157,0
2023-03-24T16:11:55Z,2023-03-24T16:12:00Z,0.06076140714907563,3.008233988033998,2.9474725808849223,0
2023-03-24T16:11:55Z,2023-03-24T16:12:00Z,0.05361223517049396,2.999982829466424,2.94637059429593,0
2023-03-24T16:11:55Z,2023-03-24T16:12:00Z,0.05032587834735747,3.0011696103420746,2.950843731994717,0
2023-03-24T16:11:55Z,2023-03-24T16:12:00Z,0.11641256702508906,3.0714053631239184,2.9549927960988294,0
2023-03-24T16:12:55Z,2023-03-24T16:13:00Z,0.13614948390212467,3.0928327291384385,2.956683245236314,0
2023-03-24T16:12:55Z,2023-03-24T16:13:00Z,0.15439146181133667,3.1179466004554617,2.963555138644125,0
2023-03-24T16:12:55Z,2023-03-24T16:13:00Z,0.2034934725714157,3.1768288554543664,2.9733353828829507,0
2023-03-24T16:12:55Z,2023-03-24T16:13:00Z,0.24114574913785036,3.2264988220522777,2.9853530729144273,0
2023-03-24T16:12:55Z,2023-03-24T16:13:00Z,0.25458464208944065,3.2587650231896244,3.0041803811001837,0
2023-03-24T16:12:55Z,2023-03-24T16:13:00Z,0.21395265412096487,3.240380851022621,3.026428196901656,0
2023-03-24T16:12:55Z,2023-03-24T16:13:00Z,0.13646787867695132,3.1876962438371224,3.051228365160171,0
2023-03-24T16:12:55Z,2023-03-24T16:13:00Z,0.09577525679701182,3.1709833175332673,3.0752080607362555,0
2023-03-24T16:12:55Z,2023-03-24T16:13:00Z,0.10330319405319166,3.198974955844841,3.095671761791649,0
2023-03-24T16:12:55Z,2023-03-24T16:13:00Z,0.07458813620213212,3.189626469835016,3.1150383336328837,0
2023-03-24T16:12:55Z,2023-03-24T16:13:00Z,0.03858162085275296,3.173327712352325,3.134746091499572,0
2023-03-24T16:12:55Z,2023-03-24T16:13:00Z,0.02696569348508726,3.175665052815507,3.14869935933042,0
2023-03-24T16:12:55Z,2023-03-24T16:13:00Z,0.015681728748972557,3.177715309839846,3.1620335810908733,0
2023-03-24T16:13:55Z,2023-03-24T16:14:00Z,0.012154626973854832,3.1876109344088386,3.1754563074349837,0
2023-03-24T16:13:55Z,2023-03-24T16:14:00Z,0.07105951000150901,3.112574485642391,3.1836339956439,0
2023-03-24T16:13:55Z,2023-03-24T16:14:00Z,0.14069262237153302,3.0502320044470146,3.1909246268185476,0
2023-03-24T16:13:55Z,2023-03-24T16:14:00Z,0.1981636215792677,2.9923477656382738,3.1905113872175415,0
2023-03-24T16:13:55Z,2023-03-24T16:14:00Z,0.22212682388688076,2.9586463440224033,3.180773167909284,0
2023-03-24T16:13:55Z,2023-03-24T16:14:00Z,0.21426779460544676,2.948493753579683,3.16276154818513,0
2023-03-24T16:13:55Z,2023-03-24T16:14:00Z,0.2003173556685196,2.9393581402729776,3.139675495941497,0
2023-03-24T16:13:55Z,2023-03-24T16:14:00Z,0.1779464912641684,2.9392761510278724,3.117222642292041,0
2023-03-24T16:13:55Z,2023-03-24T16:14:00Z,0.16890661654144745,2.929213094707198,3.0981197112486454,0
2023-03-24T16:13:55Z,2023-03-24T16:14:00Z,0.1636248346281457,2.916671248427777,3.0802960830559227,0
2023-03-24T16:13:55Z,2023-03-24T16:14:00Z,0.13275545899425456,2.9267897116664647,3.0595451706607193,0
2023-03-24T16:13:55Z,2023-03-24T16:14:00Z,0.10915430802997594,2.9293943071378785,3.0385486151678545,0
2023-03-24T16:14:55Z,2023-03-24T16:15:00Z,0.10781906812937114,2.9117650854472634,3.0195841535766346,0
2023-03-24T16:14:55Z,2023-03-24T16:15:00Z,0.08632819165080896,2.914312058412161,3.00064025006297,0
2023-03-24T16:14:55Z,2023-03-24T16:15:00Z,0.051706928749036596,2.928475611745274,2.9801825404943108,0
2023-03-24T16:14:55Z,2023-03-24T16:15:00Z,0.02430725878263429,2.9348522912503925,2.9591595500330268,0
2023-03-24T16:14:55Z,2023-03-24T16:15:00Z,0.0057121529529444715,2.9507102511477323,2.944998098194788,0
2023-03-24T16:14:55Z,2023-03-24T16:15:00Z,0.012022512733001811,2.9241002229082,2.936122735641202,0
2023-03-24T16:14:55Z,2023-03-24T16:15:00Z,0.01111685533347595,2.944036705244636,2.93291984991116,0
2023-03-24T16:14:55Z,2023-03-24T16:15:00Z,0.021933809967539908,2.952196265946838,2.9302624559792982,0
2023-03-24T16:14:55Z,2023-03-24T16:15:00Z,0.05259887105096306,2.9825184771583344,2.9299196061073713,0
2023-03-24T16:14:55Z,2023-03-24T16:15:00Z,0.08532475245147086,3.016231906687601,2.93090715423613,0
2023-03-24T16:14:55Z,2023-03-24T16:15:00Z,0.090016319747662,3.0242498067630588,2.9342334870153968,0
2023-03-24T16:14:55Z,2023-03-24T16:15:00Z,0.07410780659056604,3.0150350483736856,2.9409272417831196,0
2023-03-24T16:15:55Z,2023-03-24T16:16:00Z,0.07329542388927068,3.0224979393904885,2.949202515501218,0
2023-03-24T16:15:55Z,2023-03-24T16:16:00Z,0.05752494051889423,3.0135155588437446,2.9559906183248503,0
2023-03-24T16:15:55Z,2023-03-24T16:16:00Z,0.04789810412755324,3.011050540317989,2.963152436190436,0
2023-03-24T16:15:55Z,2023-03-24T16:16:00Z,0.020381034567303224,2.9913604302497756,2.9709793956824724,0
2023-03-24T16:15:55Z,2023-03-24T16:16:00Z,0.01176564901901811,2.966655168348518,2.978420817367536,0
2023-03-24T16:15:55Z,2023-03-24T16:16:00Z,0.03604728512157074,2.947210825977081,2.983258111098652,0
2023-03-24T16:15:55Z,2023-03-24T16:16:00Z,0.0776373196096527,2.908067166650394,2.9857044862600466,0
2023-03-24T16:15:55Z,2023-03-24T16:16:00Z,0.06101468644279917,2.9244206132656587,2.985435299708458,0
2023-03-24T16:15:55Z,2023-03-24T16:16:00Z,0.08112448247909221,2.9030775052095343,2.9842019876886265,0
2023-03-24T16:15:55Z,2023-03-24T16:16:00Z,0.09242653611434637,2.890266521422051,2.9826930575363972,0
2023-03-24T16:15:55Z,2023-03-24T16:16:00Z,0.10099910030935444,2.877915591016481,2.9789146913258353,0
2023-03-24T16:15:55Z,2023-03-24T16:16:00Z,0.08123177409996929,2.890586612938459,2.9718183870384283,0
2023-03-24T16:16:55Z,2023-03-24T16:17:00Z,0.09424005885809539,2.8669386115902475,2.961178670448343,0
2023-03-24T16:16:55Z,2023-03-24T16:17:00Z,0.08182003377996239,2.869076852528027,2.9508968863079894,0
2023-03-24T16:16:55Z,2023-03-24T16:17:00Z,0.10232323284685263,2.8371816198624105,2.939504852709263,0
2023-03-24T16:16:55Z,2023-03-24T16:17:00Z,0.10476563254066606,2.8229375981022535,2.9277032306429196,0
2023-03-24T16:16:55Z,2023-03-24T16:17:00Z,0.08517108707907806,2.828967994411432,2.91413908149051,0
2023-03-24T16:16:55Z,2023-03-24T16:17:00Z,0.060198831498217586,2.8394700236680053,2.899668855166223,0
2023-03-24T16:16:55Z,2023-03-24T16:17:00Z,0.023297928412246538,2.8638792009202563,2.887177129332503,0
2023-03-24T16:16:55Z,2023-03-24T16:17:00Z,0.007888825680332001,2.86950483098444,2.877393656664772,0
2023-03-24T16:16:55Z,2023-03-24T16:17:00Z,0.024282385321892086,2.8952659169822925,2.8709835316604004,0
2023-03-24T16:16:55Z,2023-03-24T16:17:00Z,0.023659841372118517,2.8916770395197537,2.8680171981476352,0
2023-03-24T16:16:55Z,2023-03-24T16:17:00Z,0.03764697785814031,2.9034215070609006,2.8657745292027603,0
2023-03-24T16:16:55Z,2023-03-24T16:17:00Z,0.043094621278978895,2.907992191582526,2.864897570303547,0
2023-03-24T16:17:55Z,2023-03-24T16:18:00Z,0.05825369723430551,2.9241631895100717,2.865909492275766,0
2023-03-24T16:17:55Z,2023-03-24T16:18:00Z,0.07816946513738099,2.946392542072074,2.868223076934693,0
2023-03-24T16:17:55Z,2023-03-24T16:18:00Z,0.10846376690562565,2.9792696574227495,2.870805890517124,0
2023-03-24T16:17:55Z,2023-03-24T16:18:00Z,0.1018867317661516,2.9788044630895705,2.876917731323419,0
2023-03-24T16:17:55Z,2023-03-24T16:18:00Z,0.11212047179324225,2.9975145727239476,2.8853941009307054,0
2023-03-24T16:17:55Z,2023-03-24T16:18:00Z,0.11850148490492973,3.014789650699262,2.8962881657943322,0
2023-03-24T16:17:55Z,2023-03-24T16:18:00Z,0.11896610739542224,3.0286832712375773,2.909717163842155,0
2023-03-24T16:17:55Z,2023-03-24T16:18:00Z,0.10095592873646098,3.0249670661392187,2.9240111374027578,0
2023-03-24T16:17:55Z,2023-03-24T16:18:00Z,0.06305718734114674,3.0016231899415637,2.938566002600417,0
2023-03-24T16:17:55Z,2023-03-24T16:18:00Z,0.05278268345066728,3.0037400602986963,2.950957376848029,0
2023-03-24T16:17:55Z,2023-03-24T16:18:00Z,0.03149846256481226,2.992618790101851,2.9611203275370386,0
2023-03-24T16:17:55Z,2023-03-24T16:18:00Z,0.034781222801833156,3.0042457152093647,2.9694644924075315,0
2023-03-24T16:18:55Z,2023-03-24T16:19:00Z,0.06192917282146437,3.0391584152737723,2.977229242452308,1
2023-03-24T16:18:55Z,2023-03-24T16:19:00Z,0.04779416574808337,3.032779116519505,2.9849849507714215,1
2023-03-24T16:18:55Z,2023-03-24T16:19:00Z,0.05468839391860758,3.0497630542047403,2.9950746602861327,1
2023-03-24T16:18:55Z,2023-03-24T16:19:00Z,0.08765894343082659,3.091088675025377,3.0034297315945504,1
2023-03-24T16:18:55Z,2023-03-24T16:19:00Z,0.08870633197504985,3.100087641425959,3.011381309450909,1
2023-03-24T16:18:55Z,2023-03-24T16:19:00Z,0.09389247034521953,3.113875242688638,3.0199827723434183,1
2023-03-24T16:18:55Z,2023-03-24T16:19:00Z,0.09324903068191004,3.1225612782819736,3.0293122476000636,1
2023-03-24T16:18:55Z,2023-03-24T16:19:00Z,0.11119265501263031,3.1494557233792086,3.0382630683665783,1
2023-03-24T16:18:55Z,2023-03-24T16:19:00Z,0.09105708696767678,3.137610280532925,3.046553193565248,1
2023-03-24T16:18:55Z,2023-03-24T16:19:00Z,0.08279725494018209,3.13864063713171,3.055843382191528,1
2023-03-24T16:18:55Z,2023-03-24T16:19:00Z,0.06500729409205297,3.1295155389292515,3.0645082448371985,1
2023-03-24T16:18:55Z,2023-03-24T16:19:00Z,0.0530456125296328,3.128093660996842,3.075048048467209,1
2023-03-24T16:19:55Z,2023-03-24T16:20:00Z,0.05101606068350506,3.1357391459684494,3.0847230852849443,0
2023-03-24T16:19:55Z,2023-03-24T16:20:00Z,0.044283779767836595,3.13942800896778,3.0951442291999434,0
2023-03-24T16:19:55Z,2023-03-24T16:20:00Z,0.02662151377742017,3.1318806222665247,3.1052591084891046,0
2023-03-24T16:19:55Z,2023-03-24T16:20:00Z,0.02858322193092544,3.0843889322269487,3.112972154157874,0
2023-03-24T16:19:55Z,2023-03-24T16:20:00Z,0.033659777973926275,3.0869355689337183,3.1205953469076446,0
2023-03-24T16:19:55Z,2023-03-24T16:20:00Z,0.05425625775628928,3.0690026182299865,3.123258875986276,0
2023-03-24T16:19:55Z,2023-03-24T16:20:00Z,0.0768857548169195,3.0460536514699985,3.122939406286918,0
2023-03-24T16:19:55Z,2023-03-24T16:20:00Z,0.10513592821819495,3.015412322438263,3.120548250656458,0
2023-03-24T16:19:55Z,2023-03-24T16:20:00Z,0.11363565793465069,3.0016955472434503,3.115331205178101,0
2023-03-24T16:19:55Z,2023-03-24T16:20:00Z,0.09803612421306518,3.0090528535924435,3.1070889778055086,0
2023-03-24T16:19:55Z,2023-03-24T16:20:00Z,0.04570941129773276,3.0500133991127174,3.09572281041045,0
2023-03-24T16:20:55Z,2023-03-24T16:21:00Z,0.04839441760704499,3.0374393599618297,3.0858337775688747,0
2023-03-24T16:20:55Z,2023-03-24T16:21:00Z,0.04986238863529646,3.029153909085963,3.0790162977212594,0
2023-03-24T16:20:55Z,2023-03-24T16:21:00Z,0.05851875866518608,3.0134147560585793,3.0719335147237654,0
2023-03-24T16:20:55Z,2023-03-24T16:21:00Z,0.04594461249194204,3.0183781520848325,3.0643227645767745,0
2023-03-24T16:20:55Z,2023-03-24T16:21:00Z,0.020722946127918807,3.034190249994251,3.0549131961221696,0
2023-03-24T16:20:55Z,2023-03-24T16:21:00Z,0.02252433096432238,3.023077337705313,3.045601668669635,0
2023-03-24T16:20:55Z,2023-03-24T16:21:00Z,0.025411307151484763,3.0126757174972068,3.0380870246486915,0
2023-03-24T16:20:55Z,2023-03-24T16:21:00Z,0.023255749296772876,3.010114998850254,3.0333707481470267,0
2023-03-24T16:20:55Z,2023-03-24T16:21:00Z,0.06853415399167906,2.9591242978910004,3.0276584518826795,0
2023-03-24T16:20:55Z,2023-03-24T16:21:00Z,0.08260935297343552,2.94051928203388,3.0231286350073154,0
2023-03-24T16:20:55Z,2023-03-24T16:21:00Z,0.08304508450083858,2.9333966771542466,3.016441761655085,0
2023-03-24T16:20:55Z,2023-03-24T16:21:00Z,0.08959367991065736,2.9210870786363983,3.0106807585470556,0
2023-03-24T16:21:55Z,2023-03-24T16:22:00Z,0.08283490419536399,2.922592095114061,3.005426999309425,0
2023-03-24T16:21:55Z,2023-03-24T16:22:00Z,0.07480431952734179,2.923856081708541,2.998660401235883,0
2023-03-24T16:21:55Z,2023-03-24T16:22:00Z,0.06544622893047114,2.923412533536284,2.988858762466755,0
2023-03-24T16:21:55Z,2023-03-24T16:22:00Z,0.06959429739504097,2.910527289821461,2.980121587216502,0
2023-03-24T16:21:55Z,2023-03-24T16:22:00Z,0.05510997790121852,2.9168776573499233,2.971987635251142,0
2023-03-24T16:21:55Z,2023-03-24T16:22:00Z,0.046652394270350506,2.9174208205010133,2.9640732147713638,0
2023-03-24T16:21:55Z,2023-03-24T16:22:00Z,0.03371939946257552,2.9225460849445644,2.95626548440714,0
2023-03-24T16:21:55Z,2023-03-24T16:22:00Z,0.02037527908991521,2.926907941510053,2.947283220599968,0
2023-03-24T16:21:55Z,2023-03-24T16:22:00Z,0.018544225894097988,2.9580942732047775,2.9395500473106795,0
2023-03-24T16:21:55Z,2023-03-24T16:22:00Z,0.07760205605952208,3.0105545821404203,2.932952526080898,0
2023-03-24T16:21:55Z,2023-03-24T16:22:00Z,0.09211440727884801,3.021065339079325,2.928950931800477,0
2023-03-24T16:21:55Z,2023-03-24T16:22:00Z,0.07341629934584937,3.0063234068578204,2.932907107511971,0
2023-03-24T16:22:55Z,2023-03-24T16:23:00Z,0.05804202533673841,2.997144983390667,2.9391029580539287,0
2023-03-24T16:22:55Z,2023-03-24T16:23:00Z,0.038911050785268575,2.983623757277934,2.9447127064926653,0
2023-03-24T16:22:55Z,2023-03-24T16:23:00Z,0.036432398459881554,2.986995713010568,2.9505633145506867,0
2023-03-24T16:22:55Z,2023-03-24T16:23:00Z,0.0035671824545024933,2.9588252402485633,2.955258057794061,0
2023-03-24T16:22:55Z,2023-03-24T16:23:00Z,0.03935019914015703,2.9994651516497584,2.9601149525096013,0
2023-03-24T16:22:55Z,2023-03-24T16:23:00Z,0.024877905474770312,2.987716912346854,2.9628390068720836,0
2023-03-24T16:22:55Z,2023-03-24T16:23:00Z,0.012530906876172754,2.9822112877350486,2.969680380858876,0
2023-03-24T16:22:55Z,2023-03-24T16:23:00Z,0.05545832037746212,3.0305878746976407,2.9751295543201786,0
2023-03-24T16:22:55Z,2023-03-24T16:23:00Z,0.050021036898175275,3.0301344733132796,2.9801134364151043,0
2023-03-24T16:22:55Z,2023-03-24T16:23:00Z,0.0045178362395437155,2.9929421795587303,2.9884243433191866,0
2023-03-24T16:22:55Z,2023-03-24T16:23:00Z,0.055018230114577626,2.9413466156510113,2.996364845765589,0
2023-03-24T16:22:55Z,2023-03-24T16:23:00Z,0.050665875446522346,2.94837957850014,2.999045453946662,0
2023-03-24T16:23:55Z,2023-03-24T16:24:00Z,0.031683361322547565,2.9620384028941604,2.993721764216708,0
2023-03-24T16:23:55Z,2023-03-24T16:24:00Z,0.007079883000341791,2.9952104348648048,2.988130551864463,0
2023-03-24T16:23:55Z,2023-03-24T16:24:00Z,0.01052596049664567,2.9952499735946727,2.984724013098027,0
2023-03-24T16:23:55Z,2023-03-24T16:24:00Z,0.024979373169870644,3.009554574842831,2.9845752016729605,0
2023-03-24T16:23:55Z,2023-03-24T16:24:00Z,0.01865245523349124,3.0041219812385087,2.9854695260050175,0
2023-03-24T16:23:55Z,2023-03-24T16:24:00Z,0.004928383236920908,2.992133206305959,2.987204823069038,0
2023-03-24T16:23:55Z,2023-03-24T16:24:00Z,0.00247595212745777,2.988213235633115,2.9906891877605726,0
2023-03-24T16:23:55Z,2023-03-24T16:24:00Z,0.039371789072750296,2.950753402892145,2.9901251919648955,0
2023-03-24T16:23:55Z,2023-03-24T16:24:00Z,0.07768162053784211,2.9124817501413816,2.9901633706792237,0
2023-03-24T16:23:55Z,2023-03-24T16:24:00Z,0.07925875200567134,2.9084847813779438,2.987743533383615,0
2023-03-24T16:23:55Z,2023-03-24T16:24:00Z,0.016762193546000947,2.9618962533332867,2.9786584468792876,0
2023-03-24T16:23:55Z,2023-03-24T16:24:00Z,0.011194458912093364,2.9581063193567836,2.969300778268877,0
2023-03-24T16:23:55Z,2023-03-24T16:24:00Z,0.03387833736381829,2.9330342927338706,2.966912630097689,0
2023-03-24T16:24:55Z,2023-03-24T16:25:00Z,0.059466615070194795,2.9087352230048613,2.968201838075056,0
2023-03-24T16:24:55Z,2023-03-24T16:25:00Z,0.07838131320724617,2.888640118270405,2.9670214314776513,0
2023-03-24T16:24:55Z,2023-03-24T16:25:00Z,0.07812066430828635,2.8848005225624953,2.9629211868707817,0
2023-03-24T16:24:55Z,2023-03-24T16:25:00Z,0.0968804696712553,2.8578430005384186,2.954723470209674,0
2023-03-24T16:24:55Z,2023-03-24T16:25:00Z,0.08280889418796544,2.863418464403849,2.9462273585918144,0
2023-03-24T16:24:55Z,2023-03-24T16:25:00Z,0.046442304183845984,2.888114933307629,2.934557237491475,0
2023-03-24T16:24:55Z,2023-03-24T16:25:00Z,0.013735145311184027,2.909998744731471,2.923733890042655,0
2023-03-24T16:24:55Z,2023-03-24T16:25:00Z,0.006837626993337231,2.9088948574340616,2.915732484427399,0
2023-03-24T16:24:55Z,2023-03-24T16:25:00Z,0.004794189014567518,2.904921796112705,2.9097159851272725,0
2023-03-24T16:24:55Z,2023-03-24T16:25:00Z,0.03902811027641517,2.867467986738697,2.906496097015112,0
2023-03-24T16:24:55Z,2023-03-24T16:25:00Z,0.03333955239424302,2.872575009695586,2.905914562089829,0
2023-03-24T16:25:55Z,2023-03-24T16:26:00Z,0.08165060145859426,2.8211088225820617,2.902759424040656,1
2023-03-24T16:25:55Z,2023-03-24T16:26:00Z,0.14185223883912101,2.7540363203063283,2.8958885591454493,1
2023-03-24T16:25:55Z,2023-03-24T16:26:00Z,0.22037916159827642,2.664971128564501,2.885350290162777,1
2023-03-24T16:25:55Z,2023-03-24T16:26:00Z,0.2688423395103925,2.6027388758502665,2.871581215360659,1
2023-03-24T16:25:55Z,2023-03-24T16:26:00Z,0.24332934614419832,2.609500785028741,2.852830131172939,1
2023-03-24T16:25:55Z,2023-03-24T16:26:00Z,0.22030949069056094,2.610528237219291,2.8308377279098518,1
2023-03-24T16:25:55Z,2023-03-24T16:26:00Z,0.17914188395852326,2.6305189410641163,2.8096608250226396,1
2023-03-24T16:25:55Z,2023-03-24T16:26:00Z,0.21617465710383854,2.5744619553557913,2.79063661245963,1
2023-03-24T16:25:55Z,2023-03-24T16:26:00Z,0.2381450903500104,2.5345761741604096,2.77272126451042,1
2023-03-24T16:25:55Z,2023-03-24T16:26:00Z,0.22377327000551706,2.524820842354761,2.748594112360278,1
2023-03-24T16:25:55Z,2023-03-24T16:26:00Z,0.23819217039727336,2.481523282688308,2.7197154530855814,1
2023-03-24T16:25:55Z,2023-03-24T16:26:00Z,0.2638314598074447,2.4263398382720367,2.6901712980794814,1
2023-03-24T16:25:55Z,2023-03-24T16:26:00Z,0.22320520507624053,2.4343969765859796,2.65760218166222,1
2023-03-24T16:26:55Z,2023-03-24T16:27:00Z,0.20364846644009704,2.420020780724687,2.6236692471647842,1
2023-03-24T16:26:55Z,2023-03-24T16:27:00Z,0.20298963555534622,2.386973609062545,2.5899632446178913,1
2023-03-24T16:26:55Z,2023-03-24T16:27:00Z,0.21130380495247536,2.347806513368695,2.5591103183211703,1
2023-03-24T16:26:55Z,2023-03-24T16:27:00Z,0.19318053939298796,2.3376941857555837,2.5308747251485717,1
2023-03-24T16:26:55Z,2023-03-24T16:27:00Z,0.19734566388663177,2.309131783169955,2.5064774470565867,1
2023-03-24T16:26:55Z,2023-03-24T16:27:00Z,0.21065131772053736,2.275438076251843,2.4860893939723803,1
2023-03-24T16:26:55Z,2023-03-24T16:27:00Z,0.19015456596782432,2.2728295201692648,2.462984086137089,1
2023-03-24T16:26:55Z,2023-03-24T16:27:00Z,0.18490637138739485,2.252301548521429,2.4372079199088237,1
2023-03-24T16:26:55Z,2023-03-24T16:27:00Z,0.16564205232782303,2.244051296742936,2.409693349070759,1
2023-03-24T16:26:55Z,2023-03-24T16:27:00Z,0.1504437645210892,2.23446801479318,2.3849117793142693,1
2023-03-24T16:26:55Z,2023-03-24T16:27:00Z,0.13775269734198892,2.2248110144786284,2.3625637118206173,1
2023-03-24T16:26:55Z,2023-03-24T16:27:00Z,0.1698095745932151,2.1704193043380497,2.340228878931265,1
2023-03-24T16:27:55Z,2023-03-24T16:28:00Z,0.16429805949829834,2.1561837218783757,2.320481781376674,1
2023-03-24T16:27:55Z,2023-03-24T16:28:00Z,0.13914802823811323,2.161647558220562,2.3007955864586753,1
2023-03-24T16:27:55Z,2023-03-24T16:28:00Z,0.11022784810306163,2.1691667187627206,2.2793945668657822,1
2023-03-24T16:27:55Z,2023-03-24T16:28:00Z,0.11514902717303777,2.144370676423197,2.2595197035962347,1
2023-03-24T16:27:55Z,2023-03-24T16:28:00Z,0.10540855715061248,2.1373567702687124,2.242765327419325,1
2023-03-24T16:27:55Z,2023-03-24T16:28:00Z,0.09396585008542369,2.133150566799632,2.227116416885056,1
2023-03-24T16:27:55Z,2023-03-24T16:28:00Z,0.06931036363087939,2.1423954828321095,2.211705846462989,1
2023-03-24T16:27:55Z,2023-03-24T16:28:00Z,0.053223585560782105,2.1449452442583357,2.1981688298191178,1
2023-03-24T16:27:55Z,2023-03-24T16:28:00Z,0.06713429324266196,2.120800490928784,2.187934784171446,1
2023-03-24T16:27:55Z,2023-03-24T16:28:00Z,0.05998543409835655,2.118112098079941,2.1780975321782976,1
2023-03-24T16:27:55Z,2023-03-24T16:28:00Z,0.04078661964517316,2.1271954465644596,2.1679820662096327,1
2023-03-24T16:27:55Z,2023-03-24T16:28:00Z,0.025996943900038705,2.1322974916432096,2.1582944355432483,1
2023-03-24T16:28:55Z,2023-03-24T16:29:00Z,0.023510872025252372,2.126531827500402,2.1500426995256543,1
2023-03-24T16:28:55Z,2023-03-24T16:29:00Z,0.18410829495220193,1.9588179797399587,2.1429262746921607,1
2023-03-24T16:28:55Z,2023-03-24T16:29:00Z,0.25199511287605825,1.8875552020593602,2.1395503149354185,1
2023-03-24T16:28:55Z,2023-03-24T16:29:00Z,0.16472978327349574,1.959638551497429,2.124368334770925,1
2023-03-24T16:28:55Z,2023-03-24T16:29:00Z,0.0566679657747966,2.046616341599113,2.10328430737391,1
2023-03-24T16:28:55Z,2023-03-24T16:29:00Z,0.05927660015928149,2.1464433562050917,2.0871667560458103,1
2023-03-24T16:28:55Z,2023-03-24T16:29:00Z,0.1885888227965351,2.2682360146251077,2.0796471918285726,1
2023-03-24T16:28:55Z,2023-03-24T16:29:00Z,0.3087539586597252,2.3891001186372502,2.080346159977525,1
2023-03-24T16:28:55Z,2023-03-24T16:29:00Z,0.4582704985301267,2.5490078468019184,2.0907373482717917,1
2023-03-24T16:28:55Z,2023-03-24T16:29:00Z,0.5971879482181679,2.7069025761672783,2.1097146279491104,1
2023-03-24T16:28:55Z,2023-03-24T16:29:00Z,0.7265574150008676,2.867353781607177,2.1407963666063092,1
2023-03-24T16:28:55Z,2023-03-24T16:29:00Z,0.8424476658327897,3.0283288082266755,2.1858811423938858,1
2023-03-24T16:29:55Z,2023-03-24T16:30:00Z,0.8510581088975782,3.0945732269474053,2.243515118049827,0
2023-03-24T16:29:55Z,2023-03-24T16:30:00Z,0.6695330789524809,2.9823661478994015,2.3128330689469205,0
2023-03-24T16:29:55Z,2023-03-24T16:30:00Z,0.4673268132059709,2.8541810925609066,2.3868542793549357,0
2023-03-24T16:29:55Z,2023-03-24T16:30:00Z,0.3893655630836057,2.842053251700003,2.4526876886163973,0
2023-03-24T16:29:55Z,2023-03-24T16:30:00Z,0.32398252048933873,2.8455442947073477,2.521561774218009,0
2023-03-24T16:29:55Z,2023-03-24T16:30:00Z,0.2582567977564625,2.853241498869906,2.5949847011134435,0
2023-03-24T16:29:55Z,2023-03-24T16:30:00Z,0.19841354020334778,2.8615448369483225,2.6631312967449747,0
2023-03-24T16:29:55Z,2023-03-24T16:30:00Z,0.13275069952866136,2.8579300852944667,2.7251793857658053,0
2023-03-24T16:29:55Z,2023-03-24T16:30:00Z,0.08599291535008469,2.8661801073269086,2.780187191976824,0
2023-03-24T16:29:55Z,2023-03-24T16:30:00Z,0.09345036196703571,2.9189986363030407,2.825548274336005,0
2023-03-24T16:29:55Z,2023-03-24T16:30:00Z,0.06274514309707602,2.9249918781015163,2.8622467350044403,0
2023-03-24T16:29:55Z,2023-03-24T16:30:00Z,0.03433310029590775,2.9250406652619727,2.890707564966065,0
2023-03-24T16:30:55Z,2023-03-24T16:31:00Z,0.04595828897272103,2.953441954087573,2.907483665114852,0
2023-03-24T16:30:55Z,2023-03-24T16:31:00Z,0.06877343605241748,2.9806945537561,2.9119211177036823,0
2023-03-24T16:30:55Z,2023-03-24T16:31:00Z,0.06792603920957996,2.974086629671793,2.906160590462213,0
2023-03-24T16:30:55Z,2023-03-24T16:31:00Z,0.07200000101339565,2.9694006935378163,2.8974006925244207,0
2023-03-24T16:30:55Z,2023-03-24T16:31:00Z,0.057098187451407156,2.953861993958319,2.896763806506912,0
2023-03-24T16:30:55Z,2023-03-24T16:31:00Z,0.06699462281238633,2.972621475548291,2.905626852735905,0
2023-03-24T16:30:55Z,2023-03-24T16:31:00Z,0.035501698022680994,2.949729223239995,2.914227525217314,0
2023-03-24T16:30:55Z,2023-03-24T16:31:00Z,0.002818363841158522,2.9268210568154682,2.9240026929743097,0
2023-03-24T16:30:55Z,2023-03-24T16:31:00Z,0.014228755453250752,2.917196070164912,2.9314248256181625,0
2023-03-24T16:30:55Z,2023-03-24T16:31:00Z,0.08502205973897059,2.8514240135612807,2.9364460733002513,0
2023-03-24T16:30:55Z,2023-03-24T16:31:00Z,0.10340692483528757,2.8375980703780748,2.9410049952133623,0
2023-03-24T16:30:55Z,2023-03-24T16:31:00Z,0.11039672992594562,2.8294731811515987,2.9398699110775444,0
2023-03-24T16:31:55Z,2023-03-24T16:32:00Z,0.12493613267246984,2.8086721964108463,2.933608329083316,0
2023-03-24T16:31:55Z,2023-03-24T16:32:00Z,0.16168556590289684,2.7645751711073485,2.9262607370102454,0
2023-03-24T16:31:55Z,2023-03-24T16:32:00Z,0.18441238985383546,2.7328969264755547,2.91730931632939,0
2023-03-24T16:31:55Z,2023-03-24T16:32:00Z,0.15638818103916208,2.7463929212148255,2.9027811022539876,0
2023-03-24T16:31:55Z,2023-03-24T16:32:00Z,0.09683419967549423,2.7868855466338367,2.883719746309331,0
2023-03-24T16:31:55Z,2023-03-24T16:32:00Z,0.08542417879108033,2.780780666867715,2.866204845658795,0
2023-03-24T16:31:55Z,2023-03-24T16:32:00Z,0.07316884102018273,2.778996377953691,2.8521652189738735,0
2023-03-24T16:31:55Z,2023-03-24T16:32:00Z,0.06154618022052505,2.777305090515609,2.838851270736134,0
2023-03-24T16:31:55Z,2023-03-24T16:32:00Z,0.05212976875383557,2.771827263705791,2.8239570324596266,0
2023-03-24T16:31:55Z,2023-03-24T16:32:00Z,0.0038655526268960294,2.806828085007778,2.810693637634674,0
2023-03-24T16:31:55Z,2023-03-24T16:32:00Z,0.007606232508784672,2.791164805655914,2.798771038164699,0
2023-03-24T16:31:55Z,2023-03-24T16:32:00Z,0.005858384876666456,2.796139578029278,2.7902811931526115,0
2023-03-24T16:32:55Z,2023-03-24T16:33:00Z,0.017610590961348205,2.803256460428932,2.785645869467584,0
2023-03-24T16:32:55Z,2023-03-24T16:33:00Z,0.030696417718563573,2.8131531723900856,2.782456754671522,0
2023-03-24T16:32:55Z,2023-03-24T16:33:00Z,0.039644376372280465,2.820084460218982,2.7804400838467016,0
2023-03-24T16:32:55Z,2023-03-24T16:33:00Z,0.030188213186122415,2.810972987492766,2.7807847743066434,0
2023-03-24T16:32:55Z,2023-03-24T16:33:00Z,0.0100055832851913,2.795060302908114,2.7850547196229227,0
2023-03-24T16:32:55Z,2023-03-24T16:33:00Z,0.0047129765274651625,2.786347593942935,2.7910605704704,0
2023-03-24T16:32:55Z,2023-03-24T16:33:00Z,0.0035364998356466337,2.7983407150516846,2.794804215216038,0
2023-03-24T16:32:55Z,2023-03-24T16:33:00Z,0.03202333027715909,2.8267861645169736,2.7947628342398145,0
2023-03-24T16:32:55Z,2023-03-24T16:33:00Z,0.037839276809951805,2.833952883986995,2.7961136071770434,0
2023-03-24T16:32:55Z,2023-03-24T16:33:00Z,0.029941881694249606,2.8297316262992376,2.799789744604988,0
2023-03-24T16:32:55Z,2023-03-24T16:33:00Z,0.028603406938609854,2.8327506741183197,2.80414726717971,0
2023-03-24T16:32:55Z,2023-03-24T16:33:00Z,0.033235062081967914,2.8418365109996344,2.8086014489176665,0
2023-03-24T16:33:55Z,2023-03-24T16:34:00Z,0.02678775907039377,2.837383253304257,2.8105954942338633,0
2023-03-24T16:33:55Z,2023-03-24T16:34:00Z,0.014176688333475518,2.828670006055317,2.8144933177218414,0
2023-03-24T16:33:55Z,2023-03-24T16:34:00Z,0.010417307602082815,2.828083215729692,2.817665908127609,0
2023-03-24T16:33:55Z,2023-03-24T16:34:00Z,0.02388689522143661,2.8435076914741524,2.8196207962527158,0
2023-03-24T16:33:55Z,2023-03-24T16:34:00Z,0.02969038922225975,2.850459650347253,2.820769261124993,0
2023-03-24T16:33:55Z,2023-03-24T16:34:00Z,0.03348664524765388,2.856057693392275,2.822571048144621,0
2023-03-24T16:33:55Z,2023-03-24T16:34:00Z,0.03126464038143517,2.856873124130248,2.825608483748813,0
2023-03-24T16:33:55Z,2023-03-24T16:34:00Z,0.028286141756859617,2.8585867324659926,2.830300590709133,0
2023-03-24T16:33:55Z,2023-03-24T16:34:00Z,0.02258182076778148,2.8583074522605534,2.835725631492772,0
2023-03-24T16:33:55Z,2023-03-24T16:34:00Z,0.013295574947187472,2.8536555154718295,2.840359940524642,0
2023-03-24T16:33:55Z,2023-03-24T16:34:00Z,0.020813221756055267,2.863597876722511,2.8427846549664557,0
2023-03-24T16:33:55Z,2023-03-24T16:34:00Z,0.028623476636053358,2.872923718639804,2.8443002420037504,0
2023-03-24T16:34:55Z,2023-03-24T16:35:00Z,0.02456100387599225,2.8714663420661486,2.8469053381901563,0
2023-03-24T16:34:55Z,2023-03-24T16:35:00Z,0.03562255358792754,2.8856181259720444,2.849995572384117,0
2023-03-24T16:34:55Z,2023-03-24T16:35:00Z,0.042269130446013214,2.894543920604477,2.852274790158464,0
2023-03-24T16:34:55Z,2023-03-24T16:35:00Z,0.012271264026421758,2.8682564290054846,2.855985164979063,0
2023-03-24T16:34:55Z,2023-03-24T16:35:00Z,0.009067444003314051,2.8701198331784665,2.8610523891751525,0
2023-03-24T16:34:55Z,2023-03-24T16:35:00Z,0.016677966347003803,2.8808206026972174,2.8641426363502136,0
2023-03-24T16:34:55Z,2023-03-24T16:35:00Z,0.016194905663064585,2.882384629836687,2.8661897241736223,0
2023-03-24T16:34:55Z,2023-03-24T16:35:00Z,0.026950863956763715,2.89547604600346,2.8685251820466964,0
2023-03-24T16:34:55Z,2023-03-24T16:35:00Z,0.03810030632092598,2.9086506373248846,2.8705503310039586,0
2023-03-24T16:34:55Z,2023-03-24T16:35:00Z,0.05680272042624335,2.9303225069589107,2.8735197865326674,0
2023-03-24T16:34:55Z,2023-03-24T16:35:00Z,0.04834512624758913,2.9257159823847867,2.8773708561371976,0
2023-03-24T16:34:55Z,2023-03-24T16:35:00Z,0.04510538519765639,2.9280158609270353,2.882910475729379,0
2023-03-24T16:35:55Z,2023-03-24T16:36:00Z,0.0942028487684925,2.9826564373373294,2.888453588568837,0
2023-03-24T16:35:55Z,2023-03-24T16:36:00Z,0.1122783988944982,3.0056872170175293,2.893408818123031,0
2023-03-24T16:35:55Z,2023-03-24T16:36:00Z,0.127013382591473,3.0288631790758522,2.9018497964843792,0
2023-03-24T16:35:55Z,2023-03-24T16:36:00Z,0.146672602077758,3.0588470812507054,2.9121744791729474,0
2023-03-24T16:35:55Z,2023-03-24T16:36:00Z,0.12380978934382636,3.047003118755528,2.923193329411702,0
2023-03-24T16:35:55Z,2023-03-24T16:36:00Z,0.09098807333900938,3.0268201074158054,2.935832034076796,0
2023-03-24T16:35:55Z,2023-03-24T16:36:00Z,0.09105467946339241,3.0406364589055763,2.949581779442184,0
2023-03-24T16:35:55Z,2023-03-24T16:36:00Z,0.03388396846037134,2.995519615151582,2.9616356466912106,0
2023-03-24T16:35:55Z,2023-03-24T16:36:00Z,0.05990567684323489,3.033834850935088,2.973929174091853,0
2023-03-24T16:35:55Z,2023-03-24T16:36:00Z,0.0728693674060632,3.055501232675985,2.982631865269922,0
2023-03-24T16:35:55Z,2023-03-24T16:36:00Z,0.048548623405219704,3.041823473669882,2.9932748502646622,0
2023-03-24T16:35:55Z,2023-03-24T16:36:00Z,0.023747203566186315,3.028318253473241,3.004571049907055,0
2023-03-24T16:36:55Z,2023-03-24T16:37:00Z,0.013345825157226265,2.999802222189134,3.0131480473463603,0
2023-03-24T16:36:55Z,2023-03-24T16:37:00Z,0.06227686375589636,2.9587636659818837,3.02104052973778,0
2023-03-24T16:36:55Z,2023-03-24T16:37:00Z,0.0907633295629422,2.93579922796423,3.026562557527172,0
2023-03-24T16:36:55Z,2023-03-24T16:37:00Z,0.10295355700657982,2.921771095031712,3.0247246520382918,0
2023-03-24T16:36:55Z,2023-03-24T16:37:00Z,0.0963483616813825,2.923000291198963,3.0193486528803457,0
2023-03-24T16:36:55Z,2023-03-24T16:37:00Z,0.0686092187326115,2.942501581528954,3.0111108002615654,0
2023-03-24T16:36:55Z,2023-03-24T16:37:00Z,0.08007433012084464,2.9205867170598174,3.000661047180662,0
2023-03-24T16:36:55Z,2023-03-24T16:37:00Z,0.09218065496368766,2.900441812430315,2.9926224673940025,0
2023-03-24T16:36:55Z,2023-03-24T16:37:00Z,0.058004048709487055,2.926446619426363,2.98445066813585,0
2023-03-24T16:36:55Z,2023-03-24T16:37:00Z,0.039460712988739655,2.93420575157209,2.9736664645608295,0
2023-03-24T16:36:55Z,2023-03-24T16:37:00Z,0.008565302214980086,2.9597878549823715,2.9683531571973516,0
2023-03-24T16:36:55Z,2023-03-24T16:37:00Z,0.040819359713507364,3.001508740036782,2.9606893803232746,0
2023-03-24T16:37:55Z,2023-03-24T16:38:00Z,0.08974030254370824,3.043067115352089,2.9533268128083807,0
2023-03-24T16:37:55Z,2023-03-24T16:38:00Z,0.16230384287781607,3.112529522329805,2.950225679451989,0
2023-03-24T16:37:55Z,2023-03-24T16:38:00Z,0.176553323288708,3.1279135305775316,2.9513602072888236,0
2023-03-24T16:37:55Z,2023-03-24T16:38:00Z,0.19580069730813188,3.155832235377007,2.960031538068875,0
2023-03-24T16:37:55Z,2023-03-24T16:38:00Z,0.20010621551407004,3.1731492816287643,2.9730430661146943,0
2023-03-24T16:37:55Z,2023-03-24T16:38:00Z,0.20580032626529432,3.1957690083348176,2.9899686820695233,0
2023-03-24T16:37:55Z,2023-03-24T16:38:00Z,0.1996532804109714,3.208958746064883,3.0093054656539118,0
2023-03-24T16:37:55Z,2023-03-24T16:38:00Z,0.20614085777988267,3.236428532444245,3.0302876746643626,0
2023-03-24T16:37:55Z,2023-03-24T16:38:00Z,0.18434501496302325,3.2351293945916875,3.0507843796286642,0
2023-03-24T16:37:55Z,2023-03-24T16:38:00Z,0.14949208982829143,3.224571993717296,3.0750799038890047,0
2023-03-24T16:37:55Z,2023-03-24T16:38:00Z,0.1292119893250998,3.2300370918419024,3.1008251025168025,0
2023-03-24T16:38:55Z,2023-03-24T16:39:00Z,0.10591848758009537,3.229676311196201,3.1237578236161054,0
2023-03-24T16:38:55Z,2023-03-24T16:39:00Z,0.09989836034046462,3.246412440900402,3.146514080559937,0
2023-03-24T16:38:55Z,2023-03-24T16:39:00Z,0.06251333189759833,3.2297880629355222,3.167274731037924,0
2023-03-24T16:38:55Z,2023-03-24T16:39:00Z,0.03305965341539663,3.219173130673599,3.1861134772582025,0
2023-03-24T16:38:55Z,2023-03-24T16:39:00Z,0.006525400637146461,3.207002027709459,3.2004766270723124,0
2023-03-24T16:38:55Z,2023-03-24T16:39:00Z,0.003300554683809409,3.2119805362441056,3.208679981560296,0
2023-03-24T16:38:55Z,2023-03-24T16:39:00Z,0.00863119018671199,3.2233949022956176,3.2147637121089057,0
2023-03-24T16:38:55Z,2023-03-24T16:39:00Z,0.01345159325607348,3.2325344054316796,3.219082812175606,0
2023-03-24T16:38:55Z,2023-03-24T16:39:00Z,0.00230180315260764,3.2252496630718177,3.22294785991921,0
2023-03-24T16:38:55Z,2023-03-24T16:39:00Z,0.020996983148589,3.246772950536789,3.2257759673882,0
2023-03-24T16:38:55Z,2023-03-24T16:39:00Z,0.010148422090789033,3.23717753694106,3.227029114850271,0
2023-03-24T16:38:55Z,2023-03-24T16:39:00Z,0.004974309051726689,3.2327991483706557,3.227824839318929,0
2023-03-24T16:38:55Z,2023-03-24T16:39:00Z,0.0182496582133318,3.2462320469437502,3.2279823887304184,0
2023-03-24T16:39:55Z,2023-03-24T16:40:00Z,0.05004119834288501,3.2786564451235622,3.2286152467806772,0
2023-03-24T16:39:55Z,2023-03-24T16:40:00Z,0.05624799626590882,3.2861090088236518,3.229861012557743,0
2023-03-24T16:39:55Z,2023-03-24T16:40:00Z,0.06586377572953994,3.2994924908970797,3.23362871516754,0
2023-03-24T16:39:55Z,2023-03-24T16:40:00Z,0.05016623613621629,3.2868485334516984,3.236682297315482,0
2023-03-24T16:39:55Z,2023-03-24T16:40:00Z,0.012580560228087734,3.254624736617536,3.2420441763894483,0
2023-03-24T16:39:55Z,2023-03-24T16:40:00Z,0.030205508295908068,3.277455484899056,3.2472499766031477,0
2023-03-24T16:39:55Z,2023-03-24T16:40:00Z,0.018564951005291874,3.2694782129090614,3.2509132619037695,0
2023-03-24T16:39:55Z,2023-03-24T16:40:00Z,0.009445188436825624,3.246504607978863,3.2559497964156887,0
2023-03-24T16:39:55Z,2023-03-24T16:40:00Z,0.004720897637258581,3.2547737688256184,3.259494666462877,0
2023-03-24T16:39:55Z,2023-03-24T16:40:00Z,0.005626065553261839,3.254943231874783,3.2605692974280447,0
2023-03-24T16:39:55Z,2023-03-24T16:40:00Z,0.0036049324086131485,3.2592354500774166,3.2628403824860297,0
2023-03-24T16:40:55Z,2023-03-24T16:41:00Z,0.04862895923609356,3.2148399064297815,3.263468865665875,0
2023-03-24T16:40:55Z,2023-03-24T16:41:00Z,0.06302661833315426,3.2021390098816713,3.2651656282148256,0
2023-03-24T16:40:55Z,2023-03-24T16:41:00Z,0.08713830981355075,3.176645838251977,3.2637841480655276,0
2023-03-24T16:40:55Z,2023-03-24T16:41:00Z,0.13265160590349012,3.127740770080339,3.260392375983829,0
2023-03-24T16:40:55Z,2023-03-24T16:41:00Z,0.10144753248314897,3.1510978737413278,3.2525454062244767,0
2023-03-24T16:40:55Z,2023-03-24T16:41:00Z,0.06170964195782558,3.178653592055627,3.2403632340134525,0
2023-03-24T16:40:55Z,2023-03-24T16:41:00Z,0.0989989249863874,3.1299493384766226,3.22894826346301,0
2023-03-24T16:40:55Z,2023-03-24T16:41:00Z,0.11055082625561896,3.1100747494076932,3.220625575663312,0
2023-03-24T16:40:55Z,2023-03-24T16:41:00Z,0.08019358758501305,3.1308415728366903,3.2110351604217033,0
2023-03-24T16:40:55Z,2023-03-24T16:41:00Z,0.0760056299743983,3.1221540892556616,3.19815971923006,0
2023-03-24T16:40:55Z,2023-03-24T16:41:00Z,0.0691286992172957,3.1183666630841205,3.187495362301416,0
2023-03-24T16:40:55Z,2023-03-24T16:41:00Z,0.09188751747109292,3.0860424203131536,3.1779299377842465,0
2023-03-24T16:40:55Z,2023-03-24T16:41:00Z,0.05877243297312429,3.1086646505233144,3.1674370834964387,0
2023-03-24T16:41:55Z,2023-03-24T16:42:00Z,0.052283287308108495,3.1021614260682053,3.154444713376314,0
2023-03-24T16:41:55Z,2023-03-24T16:42:00Z,0.05013252365440879,3.092729820525436,3.1428623441798447,0
2023-03-24T16:41:55Z,2023-03-24T16:42:00Z,0.014645954072868062,3.119548814694548,3.134194768767416,0
2023-03-24T16:41:55Z,2023-03-24T16:42:00Z,0.009360186328600584,3.116418490949874,3.1257786772784746,0
2023-03-24T16:41:55Z,2023-03-24T16:42:00Z,0.02145264381501022,3.099933954728277,3.121386598543287,0
2023-03-24T16:41:55Z,2023-03-24T16:42:00Z,0.012910045314867169,3.1076056086799233,3.1205156539947905,0
2023-03-24T16:41:55Z,2023-03-24T16:42:00Z,0.014911403878209217,3.101668564038654,3.1165799679168633,0
2023-03-24T16:41:55Z,2023-03-24T16:42:00Z,0.04530626961128803,3.0658084688151366,3.1111147384264246,0
2023-03-24T16:41:55Z,2023-03-24T16:42:00Z,0.027400485622402382,3.0815388086164863,3.1089392942388887,0
2023-03-24T16:41:55Z,2023-03-24T16:42:00Z,0.012065831878316668,3.0934683638534524,3.105534195731769,0
2023-03-24T16:41:55Z,2023-03-24T16:42:00Z,0.00532572246642582,3.0964159529407116,3.1017416754071374,0
2023-03-24T16:41:55Z,2023-03-24T16:42:00Z,0.03373846017200899,3.133273541317438,3.099535081145429,0
2023-03-24T16:42:55Z,2023-03-24T16:43:00Z,0.016036443147767532,3.1138830081283193,3.0978465649805518,0
2023-03-24T16:42:55Z,2023-03-24T16:43:00Z,0.037503798151591994,3.138983526286319,3.101479728134727,0
2023-03-24T16:42:55Z,2023-03-24T16:43:00Z,0.036335944920971475,3.1382170851791606,3.101881140258189,0
2023-03-24T16:42:55Z,2023-03-24T16:43:00Z,0.03242103221682413,3.1371346417225605,3.1047136095057364,0
2023-03-24T16:42:55Z,2023-03-24T16:43:00Z,0.030375350203707185,3.138587980067422,3.108212629863715,0
2023-03-24T16:42:55Z,2023-03-24T16:43:00Z,0.014849755028796263,3.1244151408177436,3.1095653857889474,0
2023-03-24T16:42:55Z,2023-03-24T16:43:00Z,0.005338937543194255,3.105931793562487,3.111270731105681,0
2023-03-24T16:42:55Z,2023-03-24T16:43:00Z,0.024247268842672476,3.137401168109082,3.1131538992664094,0
2023-03-24T16:42:55Z,2023-03-24T16:43:00Z,0.01735138383928403,3.130376528096661,3.113025144257377,0
2023-03-24T16:42:55Z,2023-03-24T16:43:00Z,0.022374281129039275,3.1381480872379868,3.1157738061089475,0
2023-03-24T16:42:55Z,2023-03-24T16:43:00Z,0.0623152512205678,3.1830558311204014,3.1207405798998336,0
2023-03-24T16:42:55Z,2023-03-24T16:43:00Z,0.08315054870549643,3.2082456884992916,3.125095139793795,0
2023-03-24T16:43:55Z,2023-03-24T16:44:00Z,0.10258987689884247,3.234576360328557,3.1319864834297144,0
2023-03-24T16:43:55Z,2023-03-24T16:44:00Z,0.08902549738885268,3.2296142681692275,3.140588770780375,0
2023-03-24T16:43:55Z,2023-03-24T16:44:00Z,0.09912782925999464,3.247509124579686,3.1483812953196915,0
2023-03-24T16:43:55Z,2023-03-24T16:44:00Z,0.12116328714064384,3.2784469870788673,3.1572836999382234,0
2023-03-24T16:43:55Z,2023-03-24T16:44:00Z,0.138558398813851,3.304190221697718,3.165631822883867,0
2023-03-24T16:43:55Z,2023-03-24T16:44:00Z,0.10916082009794392,3.2855795585125573,3.1764187384146134,0
2023-03-24T16:43:55Z,2023-03-24T16:44:00Z,0.0691548173798151,3.258423985023287,3.189269167643472,0
2023-03-24T16:43:55Z,2023-03-24T16:44:00Z,0.028084119203451774,3.228660331342703,3.2005762121392514,0
2023-03-24T16:43:55Z,2023-03-24T16:44:00Z,0.024470031528325276,3.235354616298772,3.210884584770447,0
2023-03-24T16:43:55Z,2023-03-24T16:44:00Z,0.024165052235905815,3.2444902937586764,3.2203252415227706,0
2023-03-24T16:43:55Z,2023-03-24T16:44:00Z,0.058975411882381756,3.286835534035129,3.227860122152747,0
2023-03-24T16:43:55Z,2023-03-24T16:44:00Z,0.00044172604312064934,3.236196378083627,3.236638104126748,0
2023-03-24T16:44:55Z,2023-03-24T16:45:00Z,0.01245200445105965,3.235623595583161,3.2480756000342206,0
2023-03-24T16:44:55Z,2023-03-24T16:45:00Z,0.01693958368306836,3.2352237507329384,3.252163334416007,0
2023-03-24T16:44:55Z,2023-03-24T16:45:00Z,0.032917192169066745,3.2213521350995458,3.2542693272686125,0
2023-03-24T16:44:55Z,2023-03-24T16:45:00Z,0.08706678172983917,3.1672523448006498,3.254319126530489,0
2023-03-24T16:44:55Z,2023-03-24T16:45:00Z,0.10217648578537508,3.1515070920474457,3.253683577832821,0
2023-03-24T16:44:55Z,2023-03-24T16:45:00Z,0.11392627365971686,3.133583705728562,3.247509979388279,0
2023-03-24T16:44:55Z,2023-03-24T16:45:00Z,0.10786003865190397,3.129885333426266,3.23774537207817,0
2023-03-24T16:44:55Z,2023-03-24T16:45:00Z,0.0462280570760516,3.178393736850645,3.224621793926697,0
2023-03-24T16:44:55Z,2023-03-24T16:45:00Z,0.036048209586341695,3.1765971054875632,3.212645315073905,0
2023-03-24T16:44:55Z,2023-03-24T16:45:00Z,0.026456860581912878,3.1800322815556346,3.2064891421375474,0
2023-03-24T16:44:55Z,2023-03-24T16:45:00Z,0.03380694129520423,3.168677337315025,3.202484278610229,0
2023-03-24T16:45:55Z,2023-03-24T16:46:00Z,0.025595279376114277,3.1726334350231045,3.1982287143992187,0
2023-03-24T16:45:55Z,2023-03-24T16:46:00Z,0.02709357500390208,3.1653033735150355,3.1923969485189376,0
2023-03-24T16:45:55Z,2023-03-24T16:46:00Z,0.018852372082986957,3.1647597995888717,3.1836121716718586,0
2023-03-24T16:45:55Z,2023-03-24T16:46:00Z,0.01601175477178618,3.1621471088563347,3.178158863628121,0
2023-03-24T16:45:55Z,2023-03-24T16:46:00Z,0.0015642977448573347,3.1711435046529335,3.172707802397791,0
2023-03-24T16:45:55Z,2023-03-24T16:46:00Z,0.004525826458343207,3.1716123487117804,3.1670865222534372,0
2023-03-24T16:45:55Z,2023-03-24T16:46:00Z,0.019631501984523236,3.182855821895913,3.16322431991139,0
2023-03-24T16:45:55Z,2023-03-24T16:46:00Z,0.036583613061680786,3.200143317889312,3.163559704827631,0
2023-03-24T16:45:55Z,2023-03-24T16:46:00Z,0.003746452072443507,3.162224693512762,3.1659711455852055,0
2023-03-24T16:45:55Z,2023-03-24T16:46:00Z,0.041494756827984425,3.1295963589234326,3.171091115751417,0
2023-03-24T16:45:55Z,2023-03-24T16:46:00Z,0.0714014737333768,3.102177285101617,3.173578758834994,0
2023-03-24T16:45:55Z,2023-03-24T16:46:00Z,0.03184226047547911,3.1379828539035746,3.1698251143790537,0
2023-03-24T16:45:55Z,2023-03-24T16:46:00Z,0.027599320816763306,3.1916998336276676,3.1641005128109043,0
2023-03-24T16:46:55Z,2023-03-24T16:47:00Z,0.050780520848417776,3.2116464623014718,3.160865941453054,0
2023-03-24T16:46:55Z,2023-03-24T16:47:00Z,0.042678767014797,3.205315669722669,3.162636902707872,0
2023-03-24T16:46:55Z,2023-03-24T16:47:00Z,0.053235373412538145,3.2188732782187466,3.1656379048062084,0
2023-03-24T16:46:55Z,2023-03-24T16:47:00Z,0.055249981293903794,3.2239657550391607,3.168715773745257,0
2023-03-24T16:46:55Z,2023-03-24T16:47:00Z,0.05494246114877699,3.2278208101732555,3.1728783490244785,0
2023-03-24T16:46:55Z,2023-03-24T16:47:00Z,0.06813377433040513,3.2457674038304845,3.1776336295000793,0
2023-03-24T16:46:55Z,2023-03-24T16:47:00Z,0.05235863224005177,3.234352054472464,3.1819934222324124,0
2023-03-24T16:46:55Z,2023-03-24T16:47:00Z,0.08022894458106844,3.267926601822612,3.1876976572415434,0
2023-03-24T16:46:55Z,2023-03-24T16:47:00Z,0.13989840194439207,3.3315573078456704,3.1916589059012783,0
2023-03-24T16:46:55Z,2023-03-24T16:47:00Z,0.145723020932635,3.342596025598013,3.196873004665378,0
2023-03-24T16:46:55Z,2023-03-24T16:47:00Z,0.11218857307335428,3.322087163456649,3.2098985903832946,0
2023-03-24T16:47:55Z,2023-03-24T16:48:00Z,0.10095258530053375,3.3272357654280267,3.226283180127493,0
2023-03-24T16:47:55Z,2023-03-24T16:48:00Z,0.08386682640178922,3.3270661510181307,3.2431993246163415,0
2023-03-24T16:47:55Z,2023-03-24T16:48:00Z,0.07516094477574153,3.3329181856631944,3.257757240887453,0
2023-03-24T16:47:55Z,2023-03-24T16:48:00Z,0.0880814877782865,3.3562515223111604,3.268170034532874,0
2023-03-24T16:47:55Z,2023-03-24T16:48:00Z,0.09569928946807726,3.373197918105699,3.2774986286376215,0
2023-03-24T16:47:55Z,2023-03-24T16:48:00Z,0.14625867665506487,3.435367755491801,3.289109078836736,0
2023-03-24T16:47:55Z,2023-03-24T16:48:00Z,0.151371734776522,3.4523519397584077,3.3009802049818857,0
2023-03-24T16:47:55Z,2023-03-24T16:48:00Z,0.13652030727376063,3.4537622045981573,3.3172418973243967,0
2023-03-24T16:47:55Z,2023-03-24T16:48:00Z,0.09665942374660119,3.431172946423702,3.334513522677101,0
2023-03-24T16:47:55Z,2023-03-24T16:48:00Z,0.02190246473025148,3.3724155874664046,3.350513122736153,0
2023-03-24T16:47:55Z,2023-03-24T16:48:00Z,0.00895578189332813,3.3746089732411146,3.3656531913477865,0
2023-03-24T16:47:55Z,2023-03-24T16:48:00Z,0.007724825535117219,3.3659659800929607,3.373690805628078,0
2023-03-24T16:47:55Z,2023-03-24T16:48:00Z,0.016285755384899403,3.393288227581858,3.3770024721969585,0
2023-03-24T16:48:55Z,2023-03-24T16:49:00Z,0.02570956365867838,3.4045097246629403,3.378800161004262,0
2023-03-24T16:48:55Z,2023-03-24T16:49:00Z,0.02847719345708022,3.412754359394051,3.384277165936971,0
2023-03-24T16:48:55Z,2023-03-24T16:49:00Z,0.004828738494894846,3.395050055142243,3.3902213166473483,0
2023-03-24T16:48:55Z,2023-03-24T16:49:00Z,0.015750640708106722,3.381062076583543,3.39681271729165,0
2023-03-24T16:48:55Z,2023-03-24T16:49:00Z,0.08000895677873432,3.3215831350882272,3.4015920918669615,0
2023-03-24T16:48:55Z,2023-03-24T16:49:00Z,0.11232248116571908,3.2911781148760406,3.4035005960417597,0
2023-03-24T16:48:55Z,2023-03-24T16:49:00Z,0.12219229336574466,3.277337934751595,3.3995302281173396,0
2023-03-24T16:48:55Z,2023-03-24T16:49:00Z,0.12503118251282475,3.263407534787917,3.3884387173007418,0
2023-03-24T16:48:55Z,2023-03-24T16:49:00Z,0.10080194483397742,3.27417415669701,3.3749761015309874,0
2023-03-24T16:48:55Z,2023-03-24T16:49:00Z,0.08574599185310916,3.274587442769398,3.360333434622507,0
2023-03-24T16:48:55Z,2023-03-24T16:49:00Z,0.0462088705933823,3.302047734050148,3.3482566046435305,0
2023-03-24T16:49:55Z,2023-03-24T16:50:00Z,0.03723035117832829,3.3035010115654324,3.3407313627437607,0
2023-03-24T16:49:55Z,2023-03-24T16:50:00Z,0.04653902608927751,3.2886107028705633,3.335149728959841,0
2023-03-24T16:49:55Z,2023-03-24T16:50:00Z,0.039779261228712226,3.2905654701520874,3.3303447313807997,0
2023-03-24T16:49:55Z,2023-03-24T16:50:00Z,0.029687185709669883,3.292605428385646,3.322292614095316,0
2023-03-24T16:49:55Z,2023-03-24T16:50:00Z,0.037609764134010515,3.2759179073066242,3.3135276714406348,0
2023-03-24T16:49:55Z,2023-03-24T16:50:00Z,0.02868604062251512,3.275599405355935,3.3042854459784503,0
2023-03-24T16:49:55Z,2023-03-24T16:50:00Z,0.008613578355495477,3.2865078562509837,3.295121434606479,0
2023-03-24T16:49:55Z,2023-03-24T16:50:00Z,0.010280897424033597,3.2972898188591593,3.2870089214351257,0
2023-03-24T16:49:55Z,2023-03-24T16:50:00Z,0.026809244137568022,3.311120067200598,3.28431082306303,0
2023-03-24T16:49:55Z,2023-03-24T16:50:00Z,0.007009996133900742,3.2917909502725546,3.284780954138654,0
2023-03-24T16:49:55Z,2023-03-24T16:50:00Z,0.0004863930243845793,3.2878659727360393,3.2873795797116547,0
2023-03-24T16:49:55Z,2023-03-24T16:50:00Z,0.012060406667488088,3.2775025126968305,3.2895629193643185,0
2023-03-24T16:49:55Z,2023-03-24T16:50:00Z,0.0012989961599196853,3.289317139822786,3.2906161359827055,0
2023-03-24T16:50:55Z,2023-03-24T16:51:00Z,0.0028720127755637037,3.2879683593554057,3.2908403721309694,0
2023-03-24T16:50:55Z,2023-03-24T16:51:00Z,0.005618163031391177,3.2954792586833324,3.289861095651941,0
2023-03-24T16:50:55Z,2023-03-24T16:51:00Z,0.018383650057554934,3.307049926308725,3.28866627625117,0
2023-03-24T16:50:55Z,2023-03-24T16:51:00Z,0.04838454125826308,3.337579167956569,3.289194626698306,0
2023-03-24T16:50:55Z,2023-03-24T16:51:00Z,0.050247623842506695,3.340710285629785,3.290462661787278,0
2023-03-24T16:50:55Z,2023-03-24T16:51:00Z,0.04902470407382031,3.3429468842896313,3.293922180215811,0
2023-03-24T16:50:55Z,2023-03-24T16:51:00Z,0.07171632147556561,3.3706225307931583,3.2989062093175927,0
2023-03-24T16:50:55Z,2023-03-24T16:51:00Z,0.06570237237701138,3.369789156997196,3.3040867846201847,0
2023-03-24T16:50:55Z,2023-03-24T16:51:00Z,0.0753000115607616,3.385857155761113,3.3105571442003514,0
2023-03-24T16:50:55Z,2023-03-24T16:51:00Z,0.06867368653711603,3.3848077029019317,3.3161340163648156,0
2023-03-24T16:50:55Z,2023-03-24T16:51:00Z,0.07238796035593653,3.3942709835330995,3.321883023177163,0
2023-03-24T16:51:55Z,2023-03-24T16:52:00Z,0.06683898166238844,3.3958771396571965,3.329038157994808,0
2023-03-24T16:51:55Z,2023-03-24T16:52:00Z,0.05587266372038968,3.3930958225457406,3.337223158825351,0
2023-03-24T16:51:55Z,2023-03-24T16:52:00Z,0.08925071362788684,3.4355796129886502,3.3463288993607634,0
2023-03-24T16:51:55Z,2023-03-24T16:52:00Z,0.06715003724369062,3.4214619121985272,3.3543118749548366,0
2023-03-24T16:51:55Z,2023-03-24T16:52:00Z,0.0547940559703286,3.420460642743107,3.3656665867727784,0
2023-03-24T16:51:55Z,2023-03-24T16:52:00Z,0.07139909397289923,3.4467566540930004,3.375357560120101,0
2023-03-24T16:51:55Z,2023-03-24T16:52:00Z,0.07819885715917962,3.4622803185434643,3.3840814613842847,0
2023-03-24T16:51:55Z,2023-03-24T16:52:00Z,0.050778594979827396,3.4432583245284527,3.3924797295486253,0
2023-03-24T16:51:55Z,2023-03-24T16:52:00Z,0.03872837916889704,3.440559649710883,3.4018312705419858,0
2023-03-24T16:51:55Z,2023-03-24T16:52:00Z,0.022361041970394346,3.4319085771461353,3.409547535175741,0
2023-03-24T16:51:55Z,2023-03-24T16:52:00Z,0.022921959764170552,3.4378492733181987,3.414927313554028,0
2023-03-24T16:51:55Z,2023-03-24T16:52:00Z,0.02363128632957645,3.4433370168181376,3.419705730488561,0
2023-03-24T16:51:55Z,2023-03-24T16:52:00Z,0.013489814434087144,3.4102153097127124,3.4237051241467995,0
2023-03-24T16:52:55Z,2023-03-24T16:53:00Z,0.01588663951292313,3.4123207395505073,3.4282073790634304,0
2023-03-24T16:52:55Z,2023-03-24T16:53:00Z,0.017424003306156788,3.446857868998789,3.429433865692632,0
2023-03-24T16:52:55Z,2023-03-24T16:53:00Z,0.023052931087822248,3.4537516890799385,3.430698757992116,0
2023-03-24T16:52:55Z,2023-03-24T16:53:00Z,0.015137169550227814,3.4499714695771946,3.4348343000269668,0
2023-03-24T16:52:55Z,2023-03-24T16:53:00Z,0.011482162021734688,3.4247499900122538,3.4362321520339885,0
2023-03-24T16:52:55Z,2023-03-24T16:53:00Z,0.04491662947941322,3.393508565429858,3.438425194909271,0
2023-03-24T16:52:55Z,2023-03-24T16:53:00Z,0.05353475390610729,3.3852203907930978,3.438755144699205,0
2023-03-24T16:52:55Z,2023-03-24T16:53:00Z,0.05324550668678629,3.3814136311921765,3.434659137878963,0
2023-03-24T16:52:55Z,2023-03-24T16:53:00Z,0.03979537772150454,3.3889360734074296,3.428731451128934,0
2023-03-24T16:52:55Z,2023-03-24T16:53:00Z,0.03361144146460582,3.3903627255615385,3.4239741670261443,0
2023-03-24T16:52:55Z,2023-03-24T16:53:00Z,0.041590002148716554,3.378413120546393,3.4200031226951095,0
2023-03-24T16:53:55Z,2023-03-24T16:54:00Z,0.0794423095196688,3.3373649784381643,3.416807287957833,0
2023-03-24T16:53:55Z,2023-03-24T16:54:00Z,0.07027624231538088,3.3419590338907748,3.4122352762061556,0
2023-03-24T16:53:55Z,2023-03-24T16:54:00Z,0.061572790079222894,3.342510790866935,3.404083580946158,0
2023-03-24T16:53:55Z,2023-03-24T16:54:00Z,0.060515566929864484,3.33831753126076,3.3988330981906243,0
2023-03-24T16:53:55Z,2023-03-24T16:54:00Z,0.07248649879911451,3.320976603338927,3.3934631021380417,0
2023-03-24T16:53:55Z,2023-03-24T16:54:00Z,0.08091789721409137,3.3041959481748706,3.385113845388962,0
2023-03-24T16:53:55Z,2023-03-24T16:54:00Z,0.05688755581685134,3.3180128214381868,3.374900377255038,0
2023-03-24T16:53:55Z,2023-03-24T16:54:00Z,0.03534972621556687,3.328337149393139,3.363686875608706,0
2023-03-24T16:53:55Z,2023-03-24T16:54:00Z,0.040159224425254436,3.3153170997546777,3.355476324179932,0
2023-03-24T16:53:55Z,2023-03-24T16:54:00Z,0.043260462040235925,3.307202676290718,3.3504631383309538,0
2023-03-24T16:53:55Z,2023-03-24T16:54:00Z,0.049150775644315914,3.2959351864529136,3.3450859620972295,0
2023-03-24T16:53:55Z,2023-03-24T16:54:00Z,0.04966829498847014,3.289709132116338,3.3393774271048082,0
2023-03-24T16:54:55Z,2023-03-24T16:55:00Z,0.0571138243768301,3.2751096883468627,3.3322235127236928,0
2023-03-24T16:54:55Z,2023-03-24T16:55:00Z,0.061602411494224185,3.2628785171182986,3.3244809286125228,0
2023-03-24T16:54:55Z,2023-03-24T16:55:00Z,0.08182170067062877,3.234712810080392,3.316534510751021,0
2023-03-24T16:54:55Z,2023-03-24T16:55:00Z,0.08484863019160915,3.225956152765575,3.310804782957184,0
2023-03-24T16:54:55Z,2023-03-24T16:55:00Z,0.08452198860152604,3.2180330848317826,3.3025550734333087,0
2023-03-24T16:54:55Z,2023-03-24T16:55:00Z,0.07016338588611504,3.2234259461547823,3.2935893320408973,0
2023-03-24T16:54:55Z,2023-03-24T16:55:00Z,0.05266416228413151,3.231672520031459,3.2843366823155904,0
2023-03-24T16:54:55Z,2023-03-24T16:55:00Z,0.05656688193925552,3.220265903669863,3.2768327856091184,0
2023-03-24T16:54:55Z,2023-03-24T16:55:00Z,0.03720276513414289,3.2340512952331744,3.2712540603673173,0
2023-03-24T16:54:55Z,2023-03-24T16:55:00Z,0.02549846367971398,3.238236603013117,3.263735066692831,0
2023-03-24T16:54:55Z,2023-03-24T16:55:00Z,0.008253823022985163,3.2482284856575405,3.2564823086805257,0
2023-03-24T16:54:55Z,2023-03-24T16:55:00Z,0.03440422136506216,3.284957261065468,3.2505530397004057,0
2023-03-24T16:54:55Z,2023-03-24T16:55:00Z,0.06821236828829802,3.3142289317861513,3.2460165634978533,0
2023-03-24T16:55:55Z,2023-03-24T16:56:00Z,0.06506585093769646,3.3102379586365154,3.245172107698819,0
2023-03-24T16:55:55Z,2023-03-24T16:56:00Z,0.04174097031598256,3.2887992164509416,3.247058246134959,0
2023-03-24T16:55:55Z,2023-03-24T16:56:00Z,0.029416975013267788,3.279177395785892,3.249760420772624,0
2023-03-24T16:55:55Z,2023-03-24T16:56:00Z,0.023944881115403938,3.275699201836693,3.251754320721289,0
2023-03-24T16:55:55Z,2023-03-24T16:56:00Z,0.02425554062073365,3.2794302140886,3.255174673467866,0
2023-03-24T16:55:55Z,2023-03-24T16:56:00Z,0.023609377932116704,3.282610439790069,3.259001061857952,0
2023-03-24T16:55:55Z,2023-03-24T16:56:00Z,0.011653231859687363,3.275377149814318,3.2637239179546307,0
2023-03-24T16:55:55Z,2023-03-24T16:56:00Z,0.0006550488911538643,3.267621522420037,3.268276571311191,0
2023-03-24T16:55:55Z,2023-03-24T16:56:00Z,0.001715091643021971,3.2699233742668508,3.2716384659098727,0
2023-03-24T16:55:55Z,2023-03-24T16:56:00Z,0.0055911456653081615,3.269690060148424,3.275281205813732,0
2023-03-24T16:55:55Z,2023-03-24T16:56:00Z,0.04056377180459103,3.237476824704039,3.27804059650863,0
2023-03-24T16:55:55Z,2023-03-24T16:56:00Z,0.06615177254187676,3.214308320669469,3.280460093211346,0
2023-03-24T16:56:55Z,2023-03-24T16:57:00Z,0.05117271264418566,3.2284603297245837,3.2796330423687694,0
2023-03-24T16:56:55Z,2023-03-24T16:57:00Z,0.012693879353749438,3.261504629138404,3.2741985084921534,0
2023-03-24T16:56:55Z,2023-03-24T16:57:00Z,0.00945389945160402,3.258147024266583,3.267600923718187,0
2023-03-24T16:56:55Z,2023-03-24T16:57:00Z,0.010730125556617676,3.2531220805078678,3.2638522060644855,0
2023-03-24T16:56:55Z,2023-03-24T16:57:00Z,0.02295332486796653,3.238541020259261,3.2614943451272276,0
2023-03-24T16:56:55Z,2023-03-24T16:57:00Z,0.024605182520605506,3.2348849075852364,3.259490090105842,0
2023-03-24T16:56:55Z,2023-03-24T16:57:00Z,0.033179841173661906,3.223451927272377,3.256631768446039,0
2023-03-24T16:56:55Z,2023-03-24T16:57:00Z,0.02461019954307231,3.2285950068642464,3.2532052064073187,0
2023-03-24T16:56:55Z,2023-03-24T16:57:00Z,0.04135180599647592,3.207302745601789,3.248654551598265,0
2023-03-24T16:56:55Z,2023-03-24T16:57:00Z,0.05751058589194846,3.187545339325542,3.2450559252174904,0
2023-03-24T16:56:55Z,2023-03-24T16:57:00Z,0.07210928542049766,3.1683067338878974,3.240416019308395,0
2023-03-24T16:57:55Z,2023-03-24T16:58:00Z,0.09430912626519161,3.1397701211246405,3.234079247389832,0
2023-03-24T16:57:55Z,2023-03-24T16:58:00Z,0.11339077425541788,3.112889755729759,3.2262805299851767,0
2023-03-24T16:57:55Z,2023-03-24T16:58:00Z,0.13607193725476652,3.0826926924550713,3.218764629709838,0
2023-03-24T16:57:55Z,2023-03-24T16:58:00Z,0.1753885667852959,3.0355746348522574,3.2109632016375533,0
2023-03-24T16:57:55Z,2023-03-24T16:58:00Z,0.19365724326688927,3.0060930631960856,3.199750306462975,0
2023-03-24T16:57:55Z,2023-03-24T16:58:00Z,0.17049310306838228,3.0118779730648892,3.1823710761332715,0
2023-03-24T16:57:55Z,2023-03-24T16:58:00Z,0.14927290422255224,3.013709405674527,3.162982309897079,0
2023-03-24T16:57:55Z,2023-03-24T16:58:00Z,0.16611333678123197,2.978311734081772,3.144425070863004,0
2023-03-24T16:57:55Z,2023-03-24T16:58:00Z,0.17451754957945687,2.9526127817001058,3.1271303312795626,0
2023-03-24T16:57:55Z,2023-03-24T16:58:00Z,0.17753079050572707,2.9298631428120303,3.1073939333177574,0
2023-03-24T16:57:55Z,2023-03-24T16:58:00Z,0.1841509229989997,2.9024092298901216,3.0865601528891213,0
2023-03-24T16:57:55Z,2023-03-24T16:58:00Z,0.17305382951438375,2.8905269492168753,3.063580778731259,0
2023-03-24T16:58:55Z,2023-03-24T16:59:00Z,0.12082394706117539,2.9193034843076475,3.040127431368823,1
2023-03-24T16:58:55Z,2023-03-24T16:59:00Z,0.09835723920779449,2.9189226236911314,3.017279862898926,1
2023-03-24T16:58:55Z,2023-03-24T16:59:00Z,0.049083872475153445,2.9490418943022143,2.9981257667773678,1
2023-03-24T16:58:55Z,2023-03-24T16:59:00Z,0.011881241984634361,2.969256255759387,2.9811374977440215,1
2023-03-24T16:58:55Z,2023-03-24T16:59:00Z,0.030180080752407523,2.9987138968481553,2.9685338160957477,1
2023-03-24T16:58:55Z,2023-03-24T16:59:00Z,0.07090758572531941,3.0307155220752455,2.959807936349926,1
2023-03-24T16:58:55Z,2023-03-24T16:59:00Z,0.1272073543643315,3.084179849329327,2.9569724949649956,1
2023-03-24T16:58:55Z,2023-03-24T16:59:00Z,0.21019314934490163,3.169059679608295,2.958866530263393,1
2023-03-24T16:58:55Z,2023-03-24T16:59:00Z,0.298635422173569,3.2630636352265334,2.9644282130529644,1
2023-03-24T16:58:55Z,2023-03-24T16:59:00Z,0.3961733186455776,3.37255155277037,2.9763782341247924,1
2023-03-24T16:58:55Z,2023-03-24T16:59:00Z,0.4228922627347549,3.421174489255298,2.9982822265205433,1
2023-03-24T16:58:55Z,2023-03-24T16:59:00Z,0.42912376866747826,3.459708977578042,3.030585208910564,1
2023-03-24T16:58:55Z,2023-03-24T16:59:00Z,0.44703668482674264,3.5154150742329424,3.0683783894062,1
2023-03-24T16:59:55Z,2023-03-24T17:00:00Z,0.4347817723478338,3.546029373114643,3.1112476007668093,1
2023-03-24T16:59:55Z,2023-03-24T17:00:00Z,0.3776343458463094,3.5369502639220465,3.159315918075737,1
2023-03-24T16:59:55Z,2023-03-24T17:00:00Z,0.2756599614360846,3.483185563266206,3.2075256018301213,1
2023-03-24T16:59:55Z,2023-03-24T17:00:00Z,0.16905442554038164,3.424120615080574,3.2550661895401922,1
2023-03-24T16:59:55Z,2023-03-24T17:00:00Z,0.03858528808505701,3.3347394521609406,3.2961541640758836,1
2023-03-24T16:59:55Z,2023-03-24T17:00:00Z,0.07749697828787516,3.2536467518896384,3.3311437301775135,1
2023-03-24T16:59:55Z,2023-03-24T17:00:00Z,0.16196366360744507,3.195028186209513,3.356991849816958,1
2023-03-24T16:59:55Z,2023-03-24T17:00:00Z,0.2827189194558173,3.09142148650071,3.374140405956527,1
2023-03-24T16:59:55Z,2023-03-24T17:00:00Z,0.3698762335705692,3.012790967530588,3.382667201101157,1
2023-03-24T16:59:55Z,2023-03-24T17:00:00Z,0.4271387874449859,2.9495562449555877,3.3766950324005736,1
2023-03-24T16:59:55Z,2023-03-24T17:00:00Z,0.43835086615587704,2.9190924225757775,3.3574432887316545,1
2023-03-24T17:00:55Z,2023-03-24T17:01:00Z,0.3815881044836189,2.9433170836468983,3.324905188130517,0
2023-03-24T17:00:55Z,2023-03-24T17:01:00Z,0.2994970599415163,2.9867864307521153,3.2862834906936316,0
2023-03-24T17:00:55Z,2023-03-24T17:01:00Z,0.2440867744383466,3.002474262875966,3.246561037314313,0
2023-03-24T17:00:55Z,2023-03-24T17:01:00Z,0.1808323963424221,3.0250648991656734,3.2058972955080955,0
2023-03-24T17:00:55Z,2023-03-24T17:01:00Z,0.10642766649251767,3.057657697458756,3.1640853639512736,0
2023-03-24T17:00:55Z,2023-03-24T17:01:00Z,0.0031214745821608325,3.127831041244482,3.1247095666623212,0
2023-03-24T17:00:55Z,2023-03-24T17:01:00Z,0.039404028270281,3.131380682178184,3.091976653907903,0
2023-03-24T17:00:55Z,2023-03-24T17:01:00Z,0.04580628643234341,3.114991434660547,3.0691851482282035,0
2023-03-24T17:00:55Z,2023-03-24T17:01:00Z,0.06150193594941378,3.1150441018712516,3.053542165921838,0
2023-03-24T17:00:55Z,2023-03-24T17:01:00Z,0.06573740423776053,3.108613776526591,3.0428763722888306,0
2023-03-24T17:00:55Z,2023-03-24T17:01:00Z,0.08695189622666666,3.1236756466433224,3.0367237504166558,0
2023-03-24T17:00:55Z,2023-03-24T17:01:00Z,0.07523829203185084,3.1132845262966513,3.0380462342648005,0
2023-03-24T17:00:55Z,2023-03-24T17:01:00Z,0.01308298177481726,3.0596588067405976,3.0465758249657804,0
2023-03-24T17:01:55Z,2023-03-24T17:02:00Z,0.07420469771929561,2.9849656104265674,3.059170308145863,1
2023-03-24T17:01:55Z,2023-03-24T17:02:00Z,0.10093708244219224,2.9690460244855803,3.0699831069277725,1
2023-03-24T17:01:55Z,2023-03-24T17:02:00Z,0.08858946951577806,2.9845973702412,3.073186839756978,1
2023-03-24T17:01:55Z,2023-03-24T17:02:00Z,0.05686924280407535,3.0149529503170154,3.0718221931210907,1
2023-03-24T17:01:55Z,2023-03-24T17:02:00Z,0.05803243499024635,3.0124146125435534,3.0704470475337997,1
2023-03-24T17:01:55Z,2023-03-24T17:02:00Z,0.00930358877766535,3.078972794092338,3.0696692053146726,1
2023-03-24T17:01:55Z,2023-03-24T17:02:00Z,0.0723968308274574,3.1385857988409605,3.066188968013503,1
2023-03-24T17:01:55Z,2023-03-24T17:02:00Z,0.15954696793232248,3.2219776092418146,3.062430641309492,1
2023-03-24T17:01:55Z,2023-03-24T17:02:00Z,0.23518812954794832,3.2981730106007308,3.0629848810527824,1
2023-03-24T17:01:55Z,2023-03-24T17:02:00Z,0.2783686433625001,3.3495832301523034,3.0712145867898033,1
2023-03-24T17:01:55Z,2023-03-24T17:02:00Z,0.31389481547704223,3.3991962413998813,3.085301425922839,1
2023-03-24T17:02:55Z,2023-03-24T17:03:00Z,0.30148383260712874,3.4053213703473313,3.1038375377402025,1
2023-03-24T17:02:55Z,2023-03-24T17:03:00Z,0.26817578650163965,3.393207216146193,3.125031429644553,1
2023-03-24T17:02:55Z,2023-03-24T17:03:00Z,0.2398248268333356,3.3873206290971716,3.147495802263836,1
2023-03-24T17:02:55Z,2023-03-24T17:03:00Z,0.2376979158081034,3.410851288026217,3.1731533722181138,1
2023-03-24T17:02:55Z,2023-03-24T17:03:00Z,0.19505296831048113,3.399156726580179,3.204103758269698,1
2023-03-24T17:02:55Z,2023-03-24T17:03:00Z,0.1584387377845733,3.396527516326628,3.2380887785420547,1
2023-03-24T17:02:55Z,2023-03-24T17:03:00Z,0.1653492272808066,3.4353271870797055,3.269977959798899,1
2023-03-24T17:02:55Z,2023-03-24T17:03:00Z,0.16748824262021822,3.466818092112165,3.2993298494919467,1
2023-03-24T17:02:55Z,2023-03-24T17:03:00Z,0.13497206296976216,3.4668336489644895,3.3318615859947274,1
2023-03-24T17:02:55Z,2023-03-24T17:03:00Z,0.12175636779471644,3.4834522074832766,3.36169583968856,1
2023-03-24T17:02:55Z,2023-03-24T17:03:00Z,0.10181777168744954,3.4887634460008963,3.3869456743134467,1
2023-03-24T17:02:55Z,2023-03-24T17:03:00Z,0.06269587161559587,3.469754976563001,3.4070591049474053,1
2023-03-24T17:03:55Z,2023-03-24T17:04:00Z,0.0035980001884805546,3.4253179078589753,3.4217199076704947,1
2023-03-24T17:03:55Z,2023-03-24T17:04:00Z,0.04685438001663744,3.384109508146988,3.4309638881636255,1
2023-03-24T17:03:55Z,2023-03-24T17:04:00Z,0.08196490113084876,3.3510083459911684,3.432973247122017,1
2023-03-24T17:03:55Z,2023-03-24T17:04:00Z,0.1317342296875994,3.2996073357266997,3.431341565414299,1
2023-03-24T17:03:55Z,2023-03-24T17:04:00Z,0.14974941010145226,3.2783460883778446,3.428095498479297,1
2023-03-24T17:03:55Z,2023-03-24T17:04:00Z,0.18735080792972614,3.233997514136457,3.421348322066183,1
2023-03-24T17:03:55Z,2023-03-24T17:04:00Z,0.17531066420164176,3.235844950199283,3.4111556144009247,1
2023-03-24T17:03:55Z,2023-03-24T17:04:00Z,0.1976209775140032,3.200830082083558,3.398451059597561,1
2023-03-24T17:03:55Z,2023-03-24T17:04:00Z,0.21236362692916488,3.1737272352739847,3.3860908622031496,1
2023-03-24T17:03:55Z,2023-03-24T17:04:00Z,0.21723282639100594,3.1508197969662857,3.3680526233572916,1
2023-03-24T17:03:55Z,2023-03-24T17:04:00Z,0.1875171953374113,3.157989977493867,3.345507172831278,1
2023-03-24T17:03:55Z,2023-03-24T17:04:00Z,0.17210553517888139,3.149092879806382,3.3211984149852634,1
2023-03-24T17:03:55Z,2023-03-24T17:04:00Z,0.12723224728632987,3.1689306115459024,3.2961628588322323,1
2023-03-24T17:04:55Z,2023-03-24T17:05:00Z,0.06997027698521086,3.200064076755135,3.270034353740346,1
2023-03-24T17:04:55Z,2023-03-24T17:05:00Z,0.03786961161628799,3.2090244063535125,3.2468940179698005,1
2023-03-24T17:04:55Z,2023-03-24T17:05:00Z,0.03198944965401784,3.1975773505385634,3.2295668001925812,1
2023-03-24T17:04:55Z,2023-03-24T17:05:00Z,0.0301198008305521,3.1859789146086848,3.216098715439237,1
2023-03-24T17:04:55Z,2023-03-24T17:05:00Z,0.052011383458824945,3.152284947714827,3.204296331173652,1
2023-03-24T17:04:55Z,2023-03-24T17:05:00Z,0.06865686500366319,3.12689881839168,3.195555683395343,1
2023-03-24T17:04:55Z,2023-03-24T17:05:00Z,0.08038913189169739,3.1054695406834134,3.185858672575111,1
2023-03-24T17:04:55Z,2023-03-24T17:05:00Z,0.08003067337230974,3.0975896379916645,3.1776203113639743,1
2023-03-24T17:04:55Z,2023-03-24T17:05:00Z,0.08371519108832537,3.083876242620582,3.1675914337089073,1
2023-03-24T17:04:55Z,2023-03-24T17:05:00Z,0.12053267011154878,3.0391171909749057,3.1596498610864545,1
2023-03-24T17:04:55Z,2023-03-24T17:05:00Z,0.13823810728305386,3.014500138983908,3.1527382462669618,1
2023-03-24T17:05:55Z,2023-03-24T17:06:00Z,0.17047586251582736,2.973669875597951,3.1441457381137785,1
2023-03-24T17:05:55Z,2023-03-24T17:06:00Z,0.19092413489138815,2.9421839233370086,3.1331080582283968,1
2023-03-24T17:05:55Z,2023-03-24T17:06:00Z,0.20360051457066275,2.9160134664109316,3.1196139809815944,1
2023-03-24T17:05:55Z,2023-03-24T17:06:00Z,0.2012835058504696,2.9008884221919793,3.102171928042449,1
2023-03-24T17:05:55Z,2023-03-24T17:06:00Z,0.18870585929911066,2.8916160217937845,3.080321881092895,1
2023-03-24T17:05:55Z,2023-03-24T17:06:00Z,0.17060230011021194,2.8860168129702575,3.0566191130804694,1
2023-03-24T17:05:55Z,2023-03-24T17:06:00Z,0.1344391449323883,2.8986444813215595,3.033083626253948,1
2023-03-24T17:05:55Z,2023-03-24T17:06:00Z,0.07737083700631198,2.9326387814292953,3.0100096184356073,1
2023-03-24T17:05:55Z,2023-03-24T17:06:00Z,0.05503713584258341,2.935461677485849,2.9904988133284323,1
2023-03-24T17:05:55Z,2023-03-24T17:06:00Z,0.018612657689388357,2.9569430758727075,2.975555733562096,1
2023-03-24T17:05:55Z,2023-03-24T17:06:00Z,0.011544967290646913,2.9740231729144684,2.9624782056238215,1
2023-03-24T17:05:55Z,2023-03-24T17:06:00Z,0.03062095778379348,2.9822801970907715,2.951659239306978,1
2023-03-24T17:05:55Z,2023-03-24T17:06:00Z,0.09563721564404748,3.0388462188197862,2.9432090031757387,1
2023-03-24T17:06:55Z,2023-03-24T17:07:00Z,0.23555740613077436,3.174394332853888,2.9388369267231136,1
2023-03-24T17:06:55Z,2023-03-24T17:07:00Z,0.21942243290956265,3.1601321350046665,2.940709702095104,1
2023-03-24T17:06:55Z,2023-03-24T17:07:00Z,0.19815475445488806,3.154304799415833,2.956150044960945,1
2023-03-24T17:06:55Z,2023-03-24T17:07:00Z,0.18317456840927715,3.15608986042158,2.9729152920123028,1
2023-03-24T17:06:55Z,2023-03-24T17:07:00Z,0.1606758038125342,3.1519211983636763,2.991245394551142,1
2023-03-24T17:06:55Z,2023-03-24T17:07:00Z,0.12897977057723953,3.1398560449921966,3.010876274414957,1
2023-03-24T17:06:55Z,2023-03-24T17:07:00Z,0.08485633331609543,3.1157560828518136,3.030899749535718,1
2023-03-24T17:06:55Z,2023-03-24T17:07:00Z,0.054712374918835405,3.1051382192254726,3.050425844306637,1
2023-03-24T17:06:55Z,2023-03-24T17:07:00Z,0.02259936716567168,3.0897261038977124,3.0671267367320407,1
2023-03-24T17:06:55Z,2023-03-24T17:07:00Z,0.0008980281428248027,3.081293952397649,3.080395924254824,1
2023-03-24T17:06:55Z,2023-03-24T17:07:00Z,0.02301813726538615,3.0692442813288117,3.092262418594198,1
2023-03-24T17:07:55Z,2023-03-24T17:08:00Z,0.08828541925027666,3.013542451384301,3.101827870634578,1
2023-03-24T17:07:55Z,2023-03-24T17:08:00Z,0.23142793520482519,2.8777246360770103,3.1091525712818355,1
2023-03-24T17:07:55Z,2023-03-24T17:08:00Z,0.21088972546150409,2.900667634612142,3.111557360073646,1
2023-03-24T17:07:55Z,2023-03-24T17:08:00Z,0.20012565686770722,2.899037735302647,3.0991633921703543,1
2023-03-24T17:07:55Z,2023-03-24T17:08:00Z,0.1895879188286913,2.8885195734769136,3.078107492305605,1
2023-03-24T17:07:55Z,2023-03-24T17:08:00Z,0.16238775390235594,2.895635553810786,3.058023307713142,1
2023-03-24T17:07:55Z,2023-03-24T17:08:00Z,0.14777140141612133,2.8898068889171036,3.037578290333225,1
2023-03-24T17:07:55Z,2023-03-24T17:08:00Z,0.13109522807165508,2.8864481155992014,3.0175433436708565,1
2023-03-24T17:07:55Z,2023-03-24T17:08:00Z,0.10621910014291158,2.8911616043397466,2.997380704482658,1
2023-03-24T17:07:55Z,2023-03-24T17:08:00Z,0.0855850434506924,2.8923027433863515,2.977887786837044,1
2023-03-24T17:07:55Z,2023-03-24T17:08:00Z,0.07981616970236871,2.880795118787593,2.960611288489962,1
2023-03-24T17:07:55Z,2023-03-24T17:08:00Z,0.012291167023341654,2.9565304958333702,2.9442393288100286,1
2023-03-24T17:07:55Z,2023-03-24T17:08:00Z,0.14322844182366312,3.0713961563944525,2.9281677145707894,1
2023-03-24T17:08:55Z,2023-03-24T17:09:00Z,0.25949992004040334,3.1780704456447095,2.918570525604306,0
2023-03-24T17:08:55Z,2023-03-24T17:09:00Z,0.3266329106339225,3.245368965089432,2.9187360544555094,0
2023-03-24T17:08:55Z,2023-03-24T17:09:00Z,0.35159923747621935,3.2829912914902213,2.931392054014002,0
2023-03-24T17:08:55Z,2023-03-24T17:09:00Z,0.305827939305114,3.2655003263200713,2.9596723870149573,0
2023-03-24T17:08:55Z,2023-03-24T17:09:00Z,0.24753773468537066,3.2366196337678725,2.989081899082502,0
2023-03-24T17:08:55Z,2023-03-24T17:09:00Z,0.18548194772593574,3.2027532768867015,3.017271329160766,0
2023-03-24T17:08:55Z,2023-03-24T17:09:00Z,0.13443818178779354,3.1784864386632488,3.044048256875455,0
2023-03-24T17:08:55Z,2023-03-24T17:09:00Z,0.06795481092228783,3.135627508034352,3.067672697112064,0
2023-03-24T17:08:55Z,2023-03-24T17:09:00Z,0.009441881241059491,3.0993206975643655,3.089878816323306,0
2023-03-24T17:08:55Z,2023-03-24T17:09:00Z,0.04539682243260135,3.063649639462639,3.1090464618952405,0
2023-03-24T17:08:55Z,2023-03-24T17:09:00Z,0.07126844470009397,3.053790255135502,3.125058699835596,0
2023-03-24T17:08:55Z,2023-03-24T17:09:00Z,0.09649044296511278,3.0417487873378897,3.1382392303030024,0
2023-03-24T17:09:55Z,2023-03-24T17:10:00Z,0.09928418723781851,3.052262361245792,3.1515465484836107,0
2023-03-24T17:09:55Z,2023-03-24T17:10:00Z,0.11666013987275159,3.0414416618035145,3.158101801676266,0
2023-03-24T17:09:55Z,2023-03-24T17:10:00Z,0.12476083280173444,3.031869138478481,3.1566299712802155,0
2023-03-24T17:09:55Z,2023-03-24T17:10:00Z,0.09791917698529007,3.048200887845603,3.146120064830893,0
2023-03-24T17:09:55Z,2023-03-24T17:10:00Z,0.08793319594003801,3.0417638053053975,3.1296970012454355,0
2023-03-24T17:09:55Z,2023-03-24T17:10:00Z,0.06246822769108462,3.0491679732739954,3.11163620096508,0
2023-03-24T17:09:55Z,2023-03-24T17:10:00Z,0.031056095012281126,3.0633696043362852,3.0944256993485664,0
2023-03-24T17:09:55Z,2023-03-24T17:10:00Z,0.0013950012415007151,3.0814013420905377,3.080006340849037,0
2023-03-24T17:09:55Z,2023-03-24T17:10:00Z,0.012911927435113046,3.0821964473187338,3.0692845198836207,0
2023-03-24T17:09:55Z,2023-03-24T17:10:00Z,0.03500864345655952,3.096825078988433,3.0618164355318735,0
2023-03-24T17:09:55Z,2023-03-24T17:10:00Z,0.04171839169431868,3.099424745632683,3.0577063539383644,0
2023-03-24T17:09:55Z,2023-03-24T17:10:00Z,0.04564456908646086,3.103158952365138,3.057514383278677,0
2023-03-24T17:10:55Z,2023-03-24T17:11:00Z,0.020697266723320507,3.080963581245847,3.0602663145225266,0
2023-03-24T17:10:55Z,2023-03-24T17:11:00Z,0.011520218308429975,3.075584124925544,3.064063906617114,0
2023-03-24T17:10:55Z,2023-03-24T17:11:00Z,0.0012207111114119762,3.065859718114006,3.067080429225418,0
2023-03-24T17:10:55Z,2023-03-24T17:11:00Z,0.023342075359102932,3.0455323356878345,3.0688744110469375,0
2023-03-24T17:10:55Z,2023-03-24T17:11:00Z,0.026215890729812674,3.0445368323410094,3.070752723070822,0
2023-03-24T17:10:55Z,2023-03-24T17:11:00Z,0.03148655023095115,3.040317188009821,3.071803738240772,0
2023-03-24T17:10:55Z,2023-03-24T17:11:00Z,0.05006862351512398,3.0214532643022185,3.0715218878173425,0
2023-03-24T17:10:55Z,2023-03-24T17:11:00Z,0.07145358282445136,2.9999570267393847,3.071410609563836,0
2023-03-24T17:10:55Z,2023-03-24T17:11:00Z,0.0804772476256761,2.988801461248023,3.069278708873699,0
2023-03-24T17:10:55Z,2023-03-24T17:11:00Z,0.0918389868112306,2.9725618314780915,3.064400818289322,0
2023-03-24T17:10:55Z,2023-03-24T17:11:00Z,0.08459832123653532,2.9726794292956704,3.0572777505322057,0
2023-03-24T17:10:55Z,2023-03-24T17:11:00Z,0.06576782105691548,2.9830764974875486,3.048844318544464,0
2023-03-24T17:11:55Z,2023-03-24T17:12:00Z,0.030286479699908053,3.009008173483574,3.039294653183482,0
2023-03-24T17:11:55Z,2023-03-24T17:12:00Z,0.014749355745859116,3.0155954321956897,3.030344787941549,0
2023-03-24T17:11:55Z,2023-03-24T17:12:00Z,0.00381363702613724,3.0192887833091375,3.0231024203352748,0
2023-03-24T17:11:55Z,2023-03-24T17:12:00Z,0.01002577514710934,3.0280998763246796,3.0180741011775702,0
2023-03-24T17:11:55Z,2023-03-24T17:12:00Z,0.03230340094955819,3.0460470912335587,3.0137436902840005,0
2023-03-24T17:11:55Z,2023-03-24T17:12:00Z,0.04365790570051642,3.0544969927699537,3.0108390870694373,0
2023-03-24T17:11:55Z,2023-03-24T17:12:00Z,0.06598430443799463,3.076862988087872,3.0108786836498775,0
2023-03-24T17:11:55Z,2023-03-24T17:12:00Z,0.06807478087536634,3.079719630712086,3.0116448498367197,0
2023-03-24T17:11:55Z,2023-03-24T17:12:00Z,0.09112430394047655,3.105580369167815,3.0144560652273387,0
2023-03-24T17:11:55Z,2023-03-24T17:12:00Z,0.106096286703381,3.1250343801160936,3.0189380934127126,0
2023-03-24T17:11:55Z,2023-03-24T17:12:00Z,0.11545278044250162,3.1425157463497095,3.027062965907208,0
2023-03-24T17:12:55Z,2023-03-24T17:13:00Z,0.09604878151497687,3.1335912027197286,3.0375424212047517,0
2023-03-24T17:12:55Z,2023-03-24T17:13:00Z,0.087806457586455,3.138422256858254,3.050615799271799,0
2023-03-24T17:12:55Z,2023-03-24T17:13:00Z,0.10233092613017414,3.1653245541269004,3.0629936279967263,0
2023-03-24T17:12:55Z,2023-03-24T17:13:00Z,0.10848018645403901,3.1834234882485126,3.0749433017944736,0
2023-03-24T17:12:55Z,2023-03-24T17:13:00Z,0.10277021012764997,3.189737848894687,3.086967638767037,0
2023-03-24T17:12:55Z,2023-03-24T17:13:00Z,0.08874243556824979,3.1886199248008884,3.0998774892326386,0
2023-03-24T17:12:55Z,2023-03-24T17:13:00Z,0.06698749330447651,3.179976449120619,3.1129889558161423,0
2023-03-24T17:12:55Z,2023-03-24T17:13:00Z,0.03130657906770207,3.1566432309204764,3.1253366518527743,0
2023-03-24T17:12:55Z,2023-03-24T17:13:00Z,0.040453046219269595,3.1760919563710477,3.135638910151778,0
2023-03-24T17:12:55Z,2023-03-24T17:13:00Z,0.015506794096238341,3.159003107182672,3.1434963130864335,0
2023-03-24T17:12:55Z,2023-03-24T17:13:00Z,0.015143221531963125,3.135986089114715,3.1511293106466782,0
2023-03-24T17:12:55Z,2023-03-24T17:13:00Z,0.04624854998439076,3.1109794896215632,3.157228039605954,0
2023-03-24T17:12:55Z,2023-03-24T17:13:00Z,0.07893745938698782,3.080629481753343,3.159566941140331,0
2023-03-24T17:13:55Z,2023-03-24T17:14:00Z,0.10881942337094053,3.049666372346734,3.1584857957176746,0
2023-03-24T17:13:55Z,2023-03-24T17:14:00Z,0.14035906981232715,3.0133662440133193,3.1537253138256465,0
2023-03-24T17:13:55Z,2023-03-24T17:14:00Z,0.15977401852828432,2.9874955391148243,3.1472695576431087,0
2023-03-24T17:13:55Z,2023-03-24T17:14:00Z,0.1800013442687205,2.9576485200786244,3.137649864347345,0
2023-03-24T17:13:55Z,2023-03-24T17:14:00Z,0.20855732273662264,2.915413386609793,3.1239707093464157,0
2023-03-24T17:13:55Z,2023-03-24T17:14:00Z,0.21423921155227577,2.8923641925503025,3.1066034041025783,0
2023-03-24T17:13:55Z,2023-03-24T17:14:00Z,0.2155476796623108,2.8699538427260443,3.085501522388355,0
2023-03-24T17:13:55Z,2023-03-24T17:14:00Z,0.23610559820349541,2.8266070217040458,3.062712619907541,0
2023-03-24T17:13:55Z,2023-03-24T17:14:00Z,0.24907504345056664,2.7897896836573923,3.038864727107959,0
2023-03-24T17:13:55Z,2023-03-24T17:14:00Z,0.2417306777717294,2.771746648627272,3.0134773263990016,0
2023-03-24T17:13:55Z,2023-03-24T17:14:00Z,0.20840535157938467,2.7753564153801054,2.98376176695949,0
2023-03-24T17:13:55Z,2023-03-24T17:14:00Z,0.12228342571798745,2.8316893828910876,2.953972808609075,0
2023-03-24T17:14:55Z,2023-03-24T17:15:00Z,0.038223768754301446,2.8880082957213418,2.926232064475643,0
2023-03-24T17:14:55Z,2023-03-24T17:15:00Z,0.009057990459524046,2.895690219652236,2.90474821011176,0
2023-03-24T17:14:55Z,2023-03-24T17:15:00Z,0.012720430085881418,2.902651625887488,2.8899311958016067,0
2023-03-24T17:14:55Z,2023-03-24T17:15:00Z,0.028528513367264363,2.906615389730833,2.8780868763635685,0
2023-03-24T17:14:55Z,2023-03-24T17:15:00Z,0.06404462704915703,2.933614994326123,2.869570367276966,0
2023-03-24T17:14:55Z,2023-03-24T17:15:00Z,0.08045450895352246,2.9438033262778736,2.863348817324351,0
2023-03-24T17:14:55Z,2023-03-24T17:15:00Z,0.0834075946027295,2.944907679176888,2.8615000845741583,0
2023-03-24T17:14:55Z,2023-03-24T17:15:00Z,0.058399374039953766,2.922083300127041,2.8636839260870874,0
2023-03-24T17:14:55Z,2023-03-24T17:15:00Z,0.04508809670296543,2.9128138294536368,2.8677257327506713,0
2023-03-24T17:14:55Z,2023-03-24T17:15:00Z,0.058451154419166595,2.9301868454314537,2.871735691012287,0
2023-03-24T17:14:55Z,2023-03-24T17:15:00Z,0.05289779954376295,2.9312647834598646,2.8783669839161017,0
2023-03-24T17:15:55Z,2023-03-24T17:16:00Z,0.019576182645826723,2.8695905829452024,2.889166765591029,0
2023-03-24T17:15:55Z,2023-03-24T17:16:00Z,0.10481008255437319,2.79662730879301,2.901437391347383,0
2023-03-24T17:15:55Z,2023-03-24T17:16:00Z,0.12701986061603243,2.7816663128517427,2.908686173467775,0
2023-03-24T17:15:55Z,2023-03-24T17:16:00Z,0.14483413631387965,2.7611549545309657,2.9059890908448454,0
2023-03-24T17:15:55Z,2023-03-24T17:16:00Z,0.1380810399360728,2.759727898380341,2.897808938316414,0
2023-03-24T17:15:55Z,2023-03-24T17:16:00Z,0.1446248844308231,2.7428351873378016,2.8874600717686247,0
2023-03-24T17:15:55Z,2023-03-24T17:16:00Z,0.13413150191760215,2.7423344369658578,2.87646593888346,0
2023-03-24T17:15:55Z,2023-03-24T17:16:00Z,0.10585794396766168,2.758009517808642,2.863867461776304,0
2023-03-24T17:15:55Z,2023-03-24T17:16:00Z,0.05780543646594394,2.7913481362826467,2.8491535727485906,0
2023-03-24T17:15:55Z,2023-03-24T17:16:00Z,0.008287333346477244,2.8265744079814032,2.8348617413278805,0
2023-03-24T17:15:55Z,2023-03-24T17:16:00Z,0.007661283039026134,2.830710751836581,2.8230494687975547,0
2023-03-24T17:15:55Z,2023-03-24T17:16:00Z,0.019578740773770864,2.835281371713969,2.8157026309401982,0
2023-03-24T17:15:55Z,2023-03-24T17:16:00Z,0.04456119356335586,2.8539482031483954,2.8093870095850395,0
2023-03-24T17:16:55Z,2023-03-24T17:17:00Z,0.06819505068298959,2.870281639212838,2.8020865885298485,0
2023-03-24T17:16:55Z,2023-03-24T17:17:00Z,0.08306350523153494,2.8792026645066553,2.7961391592751204,0
2023-03-24T17:16:55Z,2023-03-24T17:17:00Z,0.10274620324898454,2.898938520698538,2.7961923174495533,0
2023-03-24T17:16:55Z,2023-03-24T17:17:00Z,0.12050769190662125,2.9230519597956857,2.8025442678890644,0
2023-03-24T17:16:55Z,2023-03-24T17:17:00Z,0.13795602044865118,2.9495212274028533,2.811565206954202,0
2023-03-24T17:16:55Z,2023-03-24T17:17:00Z,0.14104323993935308,2.9650620626831494,2.8240188227437963,0
2023-03-24T17:16:55Z,2023-03-24T17:17:00Z,0.1312905030219027,2.969908812613584,2.8386183095916815,0
2023-03-24T17:16:55Z,2023-03-24T17:17:00Z,0.1216090988457057,2.977321783463953,2.8557126846182475,0
2023-03-24T17:16:55Z,2023-03-24T17:17:00Z,0.1054458648882628,2.9786642707101816,2.873218405821919,0
2023-03-24T17:16:55Z,2023-03-24T17:17:00Z,0.08104267971112433,2.971131259814221,2.8900885801030967,0
2023-03-24T17:16:55Z,2023-03-24T17:17:00Z,0.07078024220503476,2.975277755725634,2.904497513520599,0
2023-03-24T17:16:55Z,2023-03-24T17:17:00Z,0.058802336969502544,2.9744196083233954,2.915617271353893,0
2023-03-24T17:17:55Z,2023-03-24T17:18:00Z,0.03814471301071665,2.9648825231253055,2.926737810114589,0
2023-03-24T17:17:55Z,2023-03-24T17:18:00Z,0.08597198612074797,3.0234127375129853,2.9374407513922374,0
2023-03-24T17:17:55Z,2023-03-24T17:18:00Z,0.083207550502848,3.029181711124078,2.94597416062123,0
2023-03-24T17:17:55Z,2023-03-24T17:18:00Z,0.0813765118691605,3.039129987744248,2.9577534758750876,0
2023-03-24T17:17:55Z,2023-03-24T17:18:00Z,0.05395021184512361,3.023240537460013,2.9692903256148893,0
2023-03-24T17:17:55Z,2023-03-24T17:18:00Z,0.019680316974892698,2.999754601593298,2.9800742846184054,0
2023-03-24T17:17:55Z,2023-03-24T17:18:00Z,0.02897379806557554,3.0167548963504673,2.987781098284892,0
2023-03-24T17:17:55Z,2023-03-24T17:18:00Z,0.035636583588047444,3.0272817875798967,2.9916452039918493,0
2023-03-24T17:17:55Z,2023-03-24T17:18:00Z,0.032569873466211874,3.0281914492786246,2.9956215758124127,0
2023-03-24T17:17:55Z,2023-03-24T17:18:00Z,0.04116360263127028,3.041198484210322,3.000034881579052,0
2023-03-24T17:17:55Z,2023-03-24T17:18:00Z,0.07552988779940772,3.0794778205949727,3.003947932795565,0
2023-03-24T17:17:55Z,2023-03-24T17:18:00Z,0.10297734470760922,3.1117356016185695,3.0087582569109603,0
2023-03-24T17:18:55Z,2023-03-24T17:19:00Z,0.11751985656191755,3.1346124643021662,3.0170926077402487,0
2023-03-24T17:18:55Z,2023-03-24T17:19:00Z,0.046434111209647355,2.9811552539069814,3.027589365116629,0
2023-03-24T17:18:55Z,2023-03-24T17:19:00Z,0.2321585112286404,2.8077533812709707,3.039911892499611,0
2023-03-24T17:18:55Z,2023-03-24T17:19:00Z,0.4033998608332152,2.6377637801880636,3.041163641021279,0
2023-03-24T17:18:55Z,2023-03-24T17:19:00Z,0.5185600404461597,2.5060144193257337,3.0245744597718933,0
2023-03-24T17:18:55Z,2023-03-24T17:19:00Z,0.5316773319401182,2.4627880562213122,2.9944653881614305,0
2023-03-24T17:18:55Z,2023-03-24T17:19:00Z,0.55959661925041,2.3938598790326733,2.9534564982830833,0
2023-03-24T17:18:55Z,2023-03-24T17:19:00Z,0.6620704122407868,2.2482743567162427,2.9103447689570294,0
2023-03-24T17:18:55Z,2023-03-24T17:19:00Z,0.6604069902818299,2.203330492324382,2.863737482606212,0
2023-03-24T17:18:55Z,2023-03-24T17:19:00Z,0.6167361450649342,2.187887449877107,2.8046235949420413,0
2023-03-24T17:18:55Z,2023-03-24T17:19:00Z,0.5744820261077317,2.1667606999685005,2.741242726076232,0
2023-03-24T17:18:55Z,2023-03-24T17:19:00Z,0.518865918310659,2.1577380385808413,2.6766039568915003,0
2023-03-24T17:19:55Z,2023-03-24T17:20:00Z,0.4127796476749257,2.196559864274896,2.6093395119498215,0
2023-03-24T17:19:55Z,2023-03-24T17:20:00Z,0.20907122568770253,2.329365226107185,2.5384364517948876,0
2023-03-24T17:19:55Z,2023-03-24T17:20:00Z,0.00917534307422585,2.458862975078841,2.468038318153067,0
2023-03-24T17:19:55Z,2023-03-24T17:20:00Z,0.206038436579429,2.612134659486728,2.406096222907299,0
2023-03-24T17:19:55Z,2023-03-24T17:20:00Z,0.40387477385011117,2.769794667616784,2.365919893766673,0
2023-03-24T17:19:55Z,2023-03-24T17:20:00Z,0.48377378750240396,2.8346460872856736,2.3508722997832696,0
2023-03-24T17:19:55Z,2023-03-24T17:20:00Z,0.5660136890867378,2.927042210979909,2.361028521893171,0
2023-03-24T17:19:55Z,2023-03-24T17:20:00Z,0.6619699714439355,3.048277852410948,2.3863078809670126,0
2023-03-24T17:19:55Z,2023-03-24T17:20:00Z,0.6205747454339452,3.0425944844593116,2.4220197390253664,0
2023-03-24T17:19:55Z,2023-03-24T17:20:00Z,0.5372087906890592,3.009568373820447,2.4723595831313876,0
2023-03-24T17:19:55Z,2023-03-24T17:20:00Z,0.4461215523096995,2.9795826837290154,2.533461131419316,0
2023-03-24T17:19:55Z,2023-03-24T17:20:00Z,0.3588849723175431,2.9543644023134794,2.5954794299959363,0
2023-03-24T17:20:55Z,2023-03-24T17:21:00Z,0.27929037727540695,2.935669440644567,2.65637906336916,0
2023-03-24T17:20:55Z,2023-03-24T17:21:00Z,0.23508225030377083,2.952046213853314,2.716963963549543,0
2023-03-24T17:20:55Z,2023-03-24T17:21:00Z,0.20669903904507647,2.9835038796764444,2.776804840631368,0
2023-03-24T17:20:55Z,2023-03-24T17:21:00Z,0.15968733935759172,2.9946065145719154,2.8349191752143237,0
2023-03-24T17:20:55Z,2023-03-24T17:21:00Z,0.11157143921214896,2.9968089723933384,2.8852375331811895,0
2023-03-24T17:20:55Z,2023-03-24T17:21:00Z,0.07805079071088983,3.004499365391546,2.926448574680656,0
2023-03-24T17:20:55Z,2023-03-24T17:21:00Z,0.07962155374670354,3.0356604601894066,2.956038906442703,0
2023-03-24T17:20:55Z,2023-03-24T17:21:00Z,0.08056670573911617,3.0546598197029553,2.974093113963839,0
2023-03-24T17:20:55Z,2023-03-24T17:21:00Z,0.06778837957733819,3.057344137610695,2.9895557580333567,0
2023-03-24T17:20:55Z,2023-03-24T17:21:00Z,0.056133130721258695,3.0555056278871584,2.9993724971658997,0
2023-03-24T17:20:55Z,2023-03-24T17:21:00Z,0.04797268380220965,3.0480425875219357,3.000069903719726,0
2023-03-24T17:20:55Z,2023-03-24T17:21:00Z,0.04537740873380747,3.0464404773325984,3.001063068598791,0
2023-03-24T17:21:55Z,2023-03-24T17:22:00Z,0.033592888991802905,3.0376155124907083,3.0040226234989054,0
2023-03-24T17:21:55Z,2023-03-24T17:22:00Z,0.037149943506773475,3.0463154742059544,3.009165530699181,0
2023-03-24T17:21:55Z,2023-03-24T17:22:00Z,0.014241005324519218,3.029810467575795,3.0155694622512756,0
2023-03-24T17:21:55Z,2023-03-24T17:22:00Z,0.0009360294965650162,3.023144666105586,3.024080695602151,0
2023-03-24T17:21:55Z,2023-03-24T17:22:00Z,0.00272066490479439,3.032783226177906,3.0300625612731116,0
2023-03-24T17:21:55Z,2023-03-24T17:22:00Z,0.009105756651238472,3.024006095885653,3.0331118525368916,0
2023-03-24T17:21:55Z,2023-03-24T17:22:00Z,0.020996828518824895,3.015051694141605,3.0360485226604297,0
2023-03-24T17:21:55Z,2023-03-24T17:22:00Z,0.03599568024614186,3.002144928836773,3.038140609082915,0
2023-03-24T17:21:55Z,2023-03-24T17:22:00Z,0.03407377475767204,3.0048785519214016,3.0389523266790737,0
2023-03-24T17:21:55Z,2023-03-24T17:22:00Z,0.02600506369615818,3.0623792725788754,3.0363742088827173,0
2023-03-24T17:21:55Z,2023-03-24T17:22:00Z,0.031340779758503245,3.0638856603503317,3.0325448805918285,0
2023-03-24T17:21:55Z,2023-03-24T17:22:00Z,0.04146361314099423,3.074395811807298,3.0329321986663036,0
2023-03-24T17:22:55Z,2023-03-24T17:23:00Z,0.05058101830600448,3.084157834854091,3.0335768165480865,0
2023-03-24T17:22:55Z,2023-03-24T17:23:00Z,0.039256926053230945,3.074860913700191,3.0356039876469603,0
2023-03-24T17:22:55Z,2023-03-24T17:23:00Z,0.020068486793463514,3.058573809634385,3.0385053228409213,0
2023-03-24T17:22:55Z,2023-03-24T17:23:00Z,0.008078689800802064,3.0494490435039916,3.0413703537031895,0
2023-03-24T17:22:55Z,2023-03-24T17:23:00Z,0.04023916433464825,3.082552466916948,3.0423133025822997,0
2023-03-24T17:22:55Z,2023-03-24T17:23:00Z,0.03740437003147834,3.0812283323005616,3.0438239622690832,0
2023-03-24T17:22:55Z,2023-03-24T17:23:00Z,0.04241402679958739,3.090807819900314,3.048393793100727,0
2023-03-24T17:22:55Z,2023-03-24T17:23:00Z,0.033031122426460335,3.0851514621520075,3.052120339725547,0
2023-03-24T17:22:55Z,2023-03-24T17:23:00Z,0.020572128910453014,3.0778310627909735,3.0572589338805205,0
2023-03-24T17:22:55Z,2023-03-24T17:23:00Z,0.030509130687554897,3.032142093039919,3.062651223727474,0
2023-03-24T17:22:55Z,2023-03-24T17:23:00Z,0.04095998799098988,3.0275132460406535,3.0684732340316434,0
2023-03-24T17:23:55Z,2023-03-24T17:24:00Z,0.06457175343128307,3.005998676071016,3.070570429502299,0
2023-03-24T17:23:55Z,2023-03-24T17:24:00Z,0.07802725994030046,2.989861167520597,3.0678884274608973,0
2023-03-24T17:23:55Z,2023-03-24T17:24:00Z,0.09852676048513409,2.9649088220312008,3.063435582516335,0
2023-03-24T17:23:55Z,2023-03-24T17:24:00Z,0.0941968955035275,2.9627360220676757,3.0569329175712032,0
2023-03-24T17:23:55Z,2023-03-24T17:24:00Z,0.07593520111647445,2.971824715468353,3.0477599165848273,0
2023-03-24T17:23:55Z,2023-03-24T17:24:00Z,0.13390847519977012,2.905226449721017,3.0391349249207873,0
2023-03-24T17:23:55Z,2023-03-24T17:24:00Z,0.11102026495207618,2.9214416527251705,3.0324619176772467,0
2023-03-24T17:23:55Z,2023-03-24T17:24:00Z,0.11616362949449721,2.9052042425071365,3.0213678720016337,0
2023-03-24T17:23:55Z,2023-03-24T17:24:00Z,0.0992722901161307,2.9097024423322897,3.0089747324484204,0
2023-03-24T17:23:55Z,2023-03-24T17:24:00Z,0.07090071986033264,2.924533697988594,2.9954344178489265,0
2023-03-24T17:23:55Z,2023-03-24T17:24:00Z,0.055156442504033176,2.9263467924550444,2.9815032349590775,0
2023-03-24T17:23:55Z,2023-03-24T17:24:00Z,0.024322555889142894,2.94482546644198,2.969148022331123,0
2023-03-24T17:23:55Z,2023-03-24T17:24:00Z,0.00025955158029411507,2.957235834571142,2.957495386151436,0
2023-03-24T17:24:55Z,2023-03-24T17:25:00Z,0.018209133355933105,2.9689878559229124,2.9507787225669793,0
2023-03-24T17:24:55Z,2023-03-24T17:25:00Z,0.03523474887107225,2.9806075167096275,2.9453727678385553,0
2023-03-24T17:24:55Z,2023-03-24T17:25:00Z,0.030613644134927398,2.9731394258082435,2.942525781673316,0
2023-03-24T17:24:55Z,2023-03-24T17:25:00Z,0.028734955023696163,2.9705489174038604,2.9418139623801642,0
2023-03-24T17:24:55Z,2023-03-24T17:25:00Z,0.014205114389385098,2.956652200137014,2.942447085747629,0
2023-03-24T17:24:55Z,2023-03-24T17:25:00Z,0.011759014184676175,2.9312890635118904,2.9430480776965666,0
2023-03-24T17:24:55Z,2023-03-24T17:25:00Z,0.015743391593520784,2.9261375695390974,2.941880961132618,0
2023-03-24T17:24:55Z,2023-03-24T17:25:00Z,0.010775545961952293,2.9331102316161175,2.94388577757807,0
2023-03-24T17:24:55Z,2023-03-24T17:25:00Z,0.007518709698987269,2.9367282922493843,2.9442470019483715,0
2023-03-24T17:24:55Z,2023-03-24T17:25:00Z,0.010025107694785262,2.936368508800431,2.9463936164952162,0
2023-03-24T17:24:55Z,2023-03-24T17:25:00Z,0.00758278159944048,2.94088974642786,2.9484725280273003,0
2023-03-24T17:24:55Z,2023-03-24T17:25:00Z,0.005121685811179333,2.9442612122785703,2.9493828980897496,0
2023-03-24T17:25:55Z,2023-03-24T17:26:00Z,0.010810682242047953,2.9396909046148405,2.9505015868568885,0
2023-03-24T17:25:55Z,2023-03-24T17:26:00Z,0.013725210633616314,2.936732972056857,2.950458182690473,0
2023-03-24T17:25:55Z,2023-03-24T17:26:00Z,0.005517496045972958,2.954626068739808,2.949108572693835,0
2023-03-24T17:25:55Z,2023-03-24T17:26:00Z,0.018537010339126248,2.965164438120188,2.9466274277810616,0
2023-03-24T17:25:55Z,2023-03-24T17:26:00Z,0.040339872291392354,2.984968727151698,2.9446288548603055,0
2023-03-24T17:25:55Z,2023-03-24T17:26:00Z,0.03463731801281744,2.9786527122817343,2.944015394268917,0
2023-03-24T17:25:55Z,2023-03-24T17:26:00Z,0.025589759992768357,2.9707143703961343,2.945124610403366,0
2023-03-24T17:25:55Z,2023-03-24T17:26:00Z,0.02461806680832046,2.971435024299742,2.9468169574914214,0
2023-03-24T17:25:55Z,2023-03-24T17:26:00Z,0.018441964541679567,2.9682916379472735,2.949849673405594,0
2023-03-24T17:25:55Z,2023-03-24T17:26:00Z,0.011982771356799482,2.9653168643593664,2.953334093002567,0
2023-03-24T17:25:55Z,2023-03-24T17:26:00Z,0.0009703329093562196,2.957010687937397,2.956040355028041,0
2023-03-24T17:25:55Z,2023-03-24T17:26:00Z,0.0001501484085228988,2.9580893275510545,2.9582394759595774,0
2023-03-24T17:26:55Z,2023-03-24T17:27:00Z,0.0006586094424254618,2.9591687264507645,2.95982733589319,0
2023-03-24T17:26:55Z,2023-03-24T17:27:00Z,0.0001685782145046666,2.96098180238047,2.9611503805949746,0
2023-03-24T17:26:55Z,2023-03-24T17:27:00Z,0.0003353335957769765,2.9619617788585972,2.962297112454374,0
2023-03-24T17:26:55Z,2023-03-24T17:27:00Z,0.007640845737184598,2.956294028083776,2.9639348738209605,0
2023-03-24T17:26:55Z,2023-03-24T17:27:00Z,0.0030244511839190302,2.962851100083329,2.965875551267248,0
2023-03-24T17:26:55Z,2023-03-24T17:27:00Z,0.0024729446779194753,2.9684768005100888,2.9660038558321693,0
2023-03-24T17:26:55Z,2023-03-24T17:27:00Z,0.000918537598752156,2.9667444443511624,2.96582590675241,0
2023-03-24T17:26:55Z,2023-03-24T17:27:00Z,0.0065475170879412126,2.9580097799228073,2.9645572970107485,0
2023-03-24T17:26:55Z,2023-03-24T17:27:00Z,0.010107263623430285,2.9535340127772742,2.9636412764007045,0
2023-03-24T17:26:55Z,2023-03-24T17:27:00Z,0.0170629674208711,2.9456010327895767,2.962664000210448,0
2023-03-24T17:26:55Z,2023-03-24T17:27:00Z,0.0228603491844539,2.9384266501396508,2.9612869993241047,0
2023-03-24T17:26:55Z,2023-03-24T17:27:00Z,0.04140936257170269,2.918132205586425,2.959541568158128,0
2023-03-24T17:27:55Z,2023-03-24T17:28:00Z,0.024078136473866696,2.9333949536673605,2.957473090141227,0
2023-03-24T17:27:55Z,2023-03-24T17:28:00Z,0.011448183785442545,2.9430342538672485,2.954482437652691,0
2023-03-24T17:27:55Z,2023-03-24T17:28:00Z,0.010925202827790415,2.941657667603078,2.9525828704308683,0
2023-03-24T17:27:55Z,2023-03-24T17:28:00Z,0.01650681145661137,2.934834945698601,2.9513417571552125,0
2023-03-24T17:27:55Z,2023-03-24T17:28:00Z,0.03720389789272671,2.912651387356533,2.9498552852492597,0
2023-03-24T17:27:55Z,2023-03-24T17:28:00Z,0.04216714404829913,2.905601461727114,2.9477686057754133,0
2023-03-24T17:27:55Z,2023-03-24T17:28:00Z,0.032837811607351775,2.911573667958274,2.944411479565626,0
2023-03-24T17:27:55Z,2023-03-24T17:28:00Z,0.01334037636157781,2.926667284868955,2.940007661230533,0
2023-03-24T17:27:55Z,2023-03-24T17:28:00Z,0.0005542945569105839,2.9361847917449957,2.935630497188085,0
2023-03-24T17:27:55Z,2023-03-24T17:28:00Z,0.017406674543477774,2.9499543133098545,2.9325476387663767,0
2023-03-24T17:27:55Z,2023-03-24T17:28:00Z,0.041963394518298,2.9728321880402273,2.9308687935219293,0
2023-03-24T17:28:55Z,2023-03-24T17:29:00Z,0.07439641206177194,3.0049898440862077,2.930593432024436,0
2023-03-24T17:28:55Z,2023-03-24T17:29:00Z,0.07177401405264572,3.0044621503271314,2.9326881362744857,0
2023-03-24T17:28:55Z,2023-03-24T17:29:00Z,0.08090216873940959,3.0187105507020924,2.937808381962683,0
2023-03-24T17:28:55Z,2023-03-24T17:29:00Z,0.08717639510403297,3.03162554204677,2.944449146942737,0
2023-03-24T17:28:55Z,2023-03-24T17:29:00Z,0.07299803538783722,3.0240099205640156,2.9510118851761784,0
2023-03-24T17:28:55Z,2023-03-24T17:29:00Z,0.06672230028186554,3.024548899933391,2.9578265996515256,0
2023-03-24T17:28:55Z,2023-03-24T17:29:00Z,0.04177206208282502,3.005933450423653,2.9641613883408278,0
2023-03-24T17:28:55Z,2023-03-24T17:29:00Z,0.005231950965174814,2.9762944127086794,2.9710624617435046,0
2023-03-24T17:28:55Z,2023-03-24T17:29:00Z,0.039050227571369334,2.9391877774849906,2.97823800505636,0
2023-03-24T17:28:55Z,2023-03-24T17:29:00Z,0.0881183909208052,2.895557533441829,2.9836759243626343,0
2023-03-24T17:28:55Z,2023-03-24T17:29:00Z,0.13137247319223233,2.854427613441688,2.9858000866339203,0
2023-03-24T17:28:55Z,2023-03-24T17:29:00Z,0.17784990230840192,2.805557126523432,2.983407028831834,0
2023-03-24T17:28:55Z,2023-03-24T17:29:00Z,0.2044662085601665,2.7726518065560284,2.977118015116195,0
2023-03-24T17:29:55Z,2023-03-24T17:30:00Z,0.22829717267765304,2.7377133665318936,2.9660105392095466,0
2023-03-24T17:29:55Z,2023-03-24T17:30:00Z,0.24763794852907406,2.7029740997970726,2.9506120483261467,0
2023-03-24T17:29:55Z,2023-03-24T17:30:00Z,0.2582575394020177,2.6717947798814894,2.930052319283507,0
2023-03-24T17:29:55Z,2023-03-24T17:30:00Z,0.24685840592827546,2.6600025248529193,2.906860930781195,0
2023-03-24T17:29:55Z,2023-03-24T17:30:00Z,0.2089314148914636,2.6712436873650693,2.880175102256533,0
2023-03-24T17:29:55Z,2023-03-24T17:30:00Z,0.16034772359336058,2.6912409927251844,2.851588716318545,0
2023-03-24T17:29:55Z,2023-03-24T17:30:00Z,0.08075932228818328,2.7436935299381346,2.824452852226318,0
2023-03-24T17:29:55Z,2023-03-24T17:30:00Z,0.0026765531953762967,2.8014903356364482,2.798813782441072,0
2023-03-24T17:29:55Z,2023-03-24T17:30:00Z,0.08776458918115626,2.866406070046419,2.7786414808652626,0
2023-03-24T17:29:55Z,2023-03-24T17:30:00Z,0.16847847181047415,2.9336734852086424,2.765195013398168,0
2023-03-24T17:29:55Z,2023-03-24T17:30:00Z,0.24032191934558478,2.9999183398638625,2.7595964205182777,0
2023-03-24T17:29:55Z,2023-03-24T17:30:00Z,0.27556070307649394,3.038089119884526,2.762528416808032,0
2023-03-24T17:30:55Z,2023-03-24T17:31:00Z,0.3117672297850209,3.0854872409332206,2.7737200111481997,0
2023-03-24T17:30:55Z,2023-03-24T17:31:00Z,0.3255864783238116,3.117193565884403,2.7916070875605916,0
2023-03-24T17:30:55Z,2023-03-24T17:31:00Z,0.3284630033811533,3.1441343551246055,2.815671351743452,0
2023-03-24T17:30:55Z,2023-03-24T17:31:00Z,0.3153333932246416,3.160195529533672,2.8448621363090303,0
2023-03-24T17:30:55Z,2023-03-24T17:31:00Z,0.28524429398306417,3.1640418345480583,2.878797540564994,0
2023-03-24T17:30:55Z,2023-03-24T17:31:00Z,0.2491941700109268,3.165560999010704,2.9163668289997773,0
2023-03-24T17:30:55Z,2023-03-24T17:31:00Z,0.23743003459892575,3.1925691181906366,2.955139083591711,0
2023-03-24T17:30:55Z,2023-03-24T17:31:00Z,0.23114597487416422,3.224309467054001,2.993163492179837,0
2023-03-24T17:30:55Z,2023-03-24T17:31:00Z,0.23596147678726043,3.2676886709259785,3.031727194138718,0
2023-03-24T17:30:55Z,2023-03-24T17:31:00Z,0.20267420678995407,3.271371857629892,3.0686976508399377,0
2023-03-24T17:30:55Z,2023-03-24T17:31:00Z,0.16687187349145516,3.27143093473828,3.104559061246825,0
2023-03-24T17:30:55Z,2023-03-24T17:31:00Z,0.13875450022576086,3.2744647759020844,3.1357102756763235,0
2023-03-24T17:31:55Z,2023-03-24T17:32:00Z,0.11685229016657361,3.278543908114407,3.1616916179478336,1
2023-03-24T17:31:55Z,2023-03-24T17:32:00Z,0.0828571027652849,3.265667677331444,3.182810574566159,1
2023-03-24T17:31:55Z,2023-03-24T17:32:00Z,0.02078203480510199,3.22208913154279,3.201307096737688,1
2023-03-24T17:31:55Z,2023-03-24T17:32:00Z,0.05809888820924103,3.157068242097541,3.215167130306782,1
2023-03-24T17:31:55Z,2023-03-24T17:32:00Z,0.13183939032171565,3.0913966296510957,3.2232360199728114,1
2023-03-24T17:31:55Z,2023-03-24T17:32:00Z,0.24008885475668462,2.9841420795986604,3.224230934355345,1
2023-03-24T17:31:55Z,2023-03-24T17:32:00Z,0.19531614789872886,3.023622563388726,3.218938711287455,1
2023-03-24T17:31:55Z,2023-03-24T17:32:00Z,0.12108735128757298,3.0840129173114668,3.2051002685990397,1
2023-03-24T17:31:55Z,2023-03-24T17:32:00Z,0.08032410548112612,3.113857821916223,3.194181927397349,1
2023-03-24T17:31:55Z,2023-03-24T17:32:00Z,0.07179991345607695,3.114031536950567,3.185831450406644,1
2023-03-24T17:31:55Z,2023-03-24T17:32:00Z,0.10114920503538327,3.0761859649760463,3.1773351700114296,1
2023-03-24T17:32:55Z,2023-03-24T17:33:00Z,0.08485413613611037,3.08066125433875,3.1655153904748605,1
2023-03-24T17:32:55Z,2023-03-24T17:33:00Z,0.07555080348711929,3.0749502875528294,3.1505010910399487,1
2023-03-24T17:32:55Z,2023-03-24T17:33:00Z,0.0700731575162683,3.065753342723717,3.135826500239985,1
2023-03-24T17:32:55Z,2023-03-24T17:33:00Z,0.05141193062930771,3.069067301276119,3.120479231905427,1
2023-03-24T17:32:55Z,2023-03-24T17:33:00Z,0.046272425775206294,3.0578383011001673,3.1041107268753736,1
2023-03-24T17:32:55Z,2023-03-24T17:33:00Z,0.05200267535424219,3.036984945670722,3.0889876210249643,1
2023-03-24T17:32:55Z,2023-03-24T17:33:00Z,0.011623414944367472,3.0647295268157797,3.076352941760147,1
2023-03-24T17:32:55Z,2023-03-24T17:33:00Z,0.03262660166773479,3.0997423667796653,3.0671157651119305,1
2023-03-24T17:32:55Z,2023-03-24T17:33:00Z,0.04348348858631779,3.108547938095531,3.0650644495092134,1
2023-03-24T17:32:55Z,2023-03-24T17:33:00Z,0.045169672957218854,3.119126452249587,3.0739567792923683,1
2023-03-24T17:32:55Z,2023-03-24T17:33:00Z,0.02587280593165131,3.1063623063553116,3.0804895004236603,1
2023-03-24T17:32:55Z,2023-03-24T17:33:00Z,0.022304589361444194,3.105495130934191,3.0831905415727467,1
2023-03-24T17:33:55Z,2023-03-24T17:34:00Z,0.028789147849705987,3.1114031113023817,3.0826139634526757,1
2023-03-24T17:33:55Z,2023-03-24T17:34:00Z,0.030621950383748597,3.1125792672197803,3.0819573168360317,1
2023-03-24T17:33:55Z,2023-03-24T17:34:00Z,0.03236050429785964,3.117026832389764,3.084666328091904,1
2023-03-24T17:33:55Z,2023-03-24T17:34:00Z,0.0366320894715404,3.123753649323523,3.0871215598519828,1
2023-03-24T17:33:55Z,2023-03-24T17:34:00Z,0.03791231846122978,3.1282705356083618,3.090358217147132,1
2023-03-24T17:33:55Z,2023-03-24T17:34:00Z,0.053741520000512466,3.1485612991937835,3.094819779193271,1
2023-03-24T17:33:55Z,2023-03-24T17:34:00Z,0.0559983391017429,3.1553722132436475,3.0993738741419046,1
2023-03-24T17:33:55Z,2023-03-24T17:34:00Z,0.014930328151391059,3.121282894454344,3.1063525663029528,1
2023-03-24T17:33:55Z,2023-03-24T17:34:00Z,0.004691428507640261,3.110767850685537,3.1154592791931774,1
2023-03-24T17:33:55Z,2023-03-24T17:34:00Z,0.0013338132061759822,3.121143351448474,3.119809538242298,1
2023-03-24T17:33:55Z,2023-03-24T17:34:00Z,0.002577882961695366,3.1180797694272075,3.120657652388903,1
2023-03-24T17:33:55Z,2023-03-24T17:34:00Z,0.001197933831301956,3.120428596507828,3.12162653033913,1
2023-03-24T17:33:55Z,2023-03-24T17:34:00Z,0.0074552988463665315,3.114090717429503,3.1215460162758695,1
2023-03-24T17:34:55Z,2023-03-24T17:35:00Z,0.011106916587457327,3.1115211220078365,3.122628038595294,1
2023-03-24T17:34:55Z,2023-03-24T17:35:00Z,0.014586475531448873,3.108702762025023,3.123289237556472,1
2023-03-24T17:34:55Z,2023-03-24T17:35:00Z,0.027840542101146948,3.0954577732018986,3.1232983153030456,1
2023-03-24T17:34:55Z,2023-03-24T17:35:00Z,0.015430037425245402,3.1075700851705115,3.123000122595757,1
2023-03-24T17:34:55Z,2023-03-24T17:35:00Z,0.04274420010912383,3.078596764087566,3.12134096419669,1
2023-03-24T17:34:55Z,2023-03-24T17:35:00Z,0.12390705419755399,2.9961890204489037,3.1200960746464577,1
2023-03-24T17:34:55Z,2023-03-24T17:35:00Z,0.17576207601106653,2.9405129392876375,3.116275015298704,1
2023-03-24T17:34:55Z,2023-03-24T17:35:00Z,0.1696768192673499,2.9348772515125177,3.1045540707798676,1
2023-03-24T17:34:55Z,2023-03-24T17:35:00Z,0.14175935253601013,2.946267081785703,3.088026434321713,1
2023-03-24T17:34:55Z,2023-03-24T17:35:00Z,0.12095743378065205,2.952730104930151,3.073687538710803,1
2023-03-24T17:34:55Z,2023-03-24T17:35:00Z,0.09734687420699606,2.9636867592038203,3.0610336334108164,1
2023-03-24T17:35:55Z,2023-03-24T17:36:00Z,0.05837493885067113,2.989703829443351,3.048078768294022,1
2023-03-24T17:35:55Z,2023-03-24T17:36:00Z,0.02176013159106649,3.0144422513011566,3.036202382892223,1
2023-03-24T17:35:55Z,2023-03-24T17:36:00Z,0.0012342019882227717,3.0273808335677934,3.0261466315795706,1
2023-03-24T17:35:55Z,2023-03-24T17:36:00Z,0.028932619501631507,3.047413984455945,3.0184813649543134,1
2023-03-24T17:35:55Z,2023-03-24T17:36:00Z,0.0332104761724521,3.0452195112467617,3.0120090350743096,1
2023-03-24T17:35:55Z,2023-03-24T17:36:00Z,0.03972153540851542,3.047016049131358,3.0072945137228424,1
2023-03-24T17:35:55Z,2023-03-24T17:36:00Z,0.06396365791090508,3.0673936899448906,3.0034300320339855,1
2023-03-24T17:35:55Z,2023-03-24T17:36:00Z,0.07882337900406977,3.0775954082658132,2.9987720292617435,1
2023-03-24T17:35:55Z,2023-03-24T17:36:00Z,0.09621938134601304,3.094129635673705,2.997910254327692,1
2023-03-24T17:35:55Z,2023-03-24T17:36:00Z,0.09242639943515263,3.0965986835949146,3.004172284159762,1
2023-03-24T17:35:55Z,2023-03-24T17:36:00Z,0.1166816300963136,3.1326705832088493,3.0159889531125357,1
2023-03-24T17:35:55Z,2023-03-24T17:36:00Z,0.1322144032420809,3.1606434665148004,3.0284290632727195,1
2023-03-24T17:35:55Z,2023-03-24T17:36:00Z,0.10052472924169775,3.1432925233931215,3.0427677941514237,1
2023-03-24T17:36:55Z,2023-03-24T17:37:00Z,0.07591251550647105,3.1346736451644066,3.0587611296579356,1
2023-03-24T17:36:55Z,2023-03-24T17:37:00Z,0.05541140518632037,3.127988362858817,3.0725769576724966,1
2023-03-24T17:36:55Z,2023-03-24T17:37:00Z,0.0338046413493962,3.117533123308128,3.083728481958732,1
2023-03-24T17:36:55Z,2023-03-24T17:37:00Z,0.017389936224348368,3.109852734456746,3.092462798232398,1
2023-03-24T17:36:55Z,2023-03-24T17:37:00Z,0.0017928108119522612,3.097604778938933,3.099397589750885,1
2023-03-24T17:36:55Z,2023-03-24T17:37:00Z,0.019364871497276503,3.084835699022901,3.1042005705201774,1
2023-03-24T17:36:55Z,2023-03-24T17:37:00Z,0.035657033194321563,3.0725731733021764,3.108230206496498,1
2023-03-24T17:36:55Z,2023-03-24T17:37:00Z,0.04827223325607077,3.062867177078239,3.1111394103343097,1
2023-03-24T17:36:55Z,2023-03-24T17:37:00Z,0.051528062210826064,3.0600097699201974,3.1115378321310234,1
2023-03-24T17:36:55Z,2023-03-24T17:37:00Z,0.08426580628955183,3.0261390849808896,3.1104048912704414,1
2023-03-24T17:36:55Z,2023-03-24T17:37:00Z,0.14079716514175944,2.9669831210707196,3.107780286212479,1
2023-03-24T17:37:55Z,2023-03-24T17:38:00Z,0.14448448177170503,2.9578758353166186,3.1023603170883236,1
2023-03-24T17:37:55Z,2023-03-24T17:38:00Z,0.14192037507696842,2.947694752616114,3.0896151276930826,1
2023-03-24T17:37:55Z,2023-03-24T17:38:00Z,0.14671697965793395,2.927300637942981,3.074017617600915,1
2023-03-24T17:37:55Z,2023-03-24T17:38:00Z,0.1346132902999475,2.9243583449335055,3.058971635233453,1
2023-03-24T17:37:55Z,2023-03-24T17:38:00Z,0.11689446477912924,2.92612540066806,3.043019865447189,1
2023-03-24T17:37:55Z,2023-03-24T17:38:00Z,0.11750551902552075,2.9098504988889524,3.027356017914473,1
2023-03-24T17:37:55Z,2023-03-24T17:38:00Z,0.13589152951683436,2.8767408174253255,3.01263234694216,1
2023-03-24T17:37:55Z,2023-03-24T17:38:00Z,0.15641881136528557,2.840828748225506,2.9972475595907917,1
2023-03-24T17:37:55Z,2023-03-24T17:38:00Z,0.16336570058782884,2.8168923235019157,2.9802580240897445,1
2023-03-24T17:37:55Z,2023-03-24T17:38:00Z,0.14420769321486082,2.8172805654289297,2.9614882586437905,1
2023-03-24T17:37:55Z,2023-03-24T17:38:00Z,0.13659185251742478,2.805228648449423,2.941820500966848,1
2023-03-24T17:37:55Z,2023-03-24T17:38:00Z,0.12975744351883733,2.7931717796288336,2.922929223147671,1
2023-03-24T17:37:55Z,2023-03-24T17:38:00Z,0.1291911313324472,2.774139544009779,2.903330675342226,1
2023-03-24T17:38:55Z,2023-03-24T17:39:00Z,0.11167548261668392,2.7737346307753845,2.8854101133920684,1
2023-03-24T17:38:55Z,2023-03-24T17:39:00Z,0.09797204755585875,2.7726039445238286,2.8705759920796874,1
2023-03-24T17:38:55Z,2023-03-24T17:39:00Z,0.099890250703222,2.756521033334833,2.856411284038055,1
2023-03-24T17:38:55Z,2023-03-24T17:39:00Z,0.10517711676401964,2.7377656435746287,2.8429427603386483,1
2023-03-24T17:38:55Z,2023-03-24T17:39:00Z,0.08512589265657855,2.7446799750199045,2.829805867676483,1
2023-03-24T17:38:55Z,2023-03-24T17:39:00Z,0.07020508248373325,2.7452475004728356,2.815452582956569,1
2023-03-24T17:38:55Z,2023-03-24T17:39:00Z,0.041773797405650015,2.759721445116446,2.801495242522096,1
2023-03-24T17:38:55Z,2023-03-24T17:39:00Z,0.007844476428515268,2.7809889969846484,2.7888334734131637,1
2023-03-24T17:38:55Z,2023-03-24T17:39:00Z,0.0053947657891466605,2.7852267490247042,2.7798319832355576,1
2023-03-24T17:38:55Z,2023-03-24T17:39:00Z,0.014836591199477667,2.7900655166472768,2.775228925447799,1
2023-03-24T17:38:55Z,2023-03-24T17:39:00Z,0.04149171762346748,2.8142848296499423,2.772793112026475,1
2023-03-24T17:38:55Z,2023-03-24T17:39:00Z,0.06551123970536032,2.8362108864409388,2.7706996467355784,1
2023-03-24T17:39:55Z,2023-03-24T17:40:00Z,0.07232257857821356,2.843718854636909,2.7713962760586957,1
2023-03-24T17:39:55Z,2023-03-24T17:40:00Z,0.07047260704242708,2.8451795836251312,2.774706976582704,1
2023-03-24T17:39:55Z,2023-03-24T17:40:00Z,0.06682157251066068,2.84688080375699,2.7800592312463293,1
2023-03-24T17:39:55Z,2023-03-24T17:40:00Z,0.07488020005603158,2.8604351969061876,2.785554996850156,1
2023-03-24T17:39:55Z,2023-03-24T17:40:00Z,0.07280494302793228,2.864073544434485,2.7912686014065526,1
2023-03-24T17:39:55Z,2023-03-24T17:40:00Z,0.0691976709776303,2.86845966958198,2.79926199860435,1
2023-03-24T17:39:55Z,2023-03-24T17:40:00Z,0.05918076964887131,2.8681587606270558,2.8089779909781845,1
2023-03-24T17:39:55Z,2023-03-24T17:40:00Z,0.022332899861547073,2.8408324058060455,2.8184995059444984,1
2023-03-24T17:39:55Z,2023-03-24T17:40:00Z,0.022299727993613683,2.8056544902704394,2.827954218264053,1
2023-03-24T17:39:55Z,2023-03-24T17:40:00Z,0.03995966079598556,2.7942338621364993,2.834193522932485,1
2023-03-24T17:39:55Z,2023-03-24T17:40:00Z,0.039241642631554274,2.7968492259382987,2.836090868569853,1
2023-03-24T17:39:55Z,2023-03-24T17:40:00Z,0.05168946603590685,2.7850942573886996,2.8367837234246065,1
2023-03-24T17:40:55Z,2023-03-24T17:41:00Z,0.0635707033158397,2.773734843900383,2.8373055472162227,1
2023-03-24T17:40:55Z,2023-03-24T17:41:00Z,0.07796019427144518,2.7570999243092973,2.8350601185807425,1
2023-03-24T17:40:55Z,2023-03-24T17:41:00Z,0.06108573190896793,2.7691685372455788,2.8302542691545467,1
2023-03-24T17:40:55Z,2023-03-24T17:41:00Z,0.04719355472502418,2.7763977197889367,2.823591274513961,1
2023-03-24T17:40:55Z,2023-03-24T17:41:00Z,0.03689395329140899,2.7808503176548935,2.8177442709463025,1
2023-03-24T17:40:55Z,2023-03-24T17:41:00Z,0.03675953681284394,2.775562958443609,2.8123224952564527,1
2023-03-24T17:40:55Z,2023-03-24T17:41:00Z,0.03566732824951524,2.7705332532183764,2.8062005814678916,1
2023-03-24T17:40:55Z,2023-03-24T17:41:00Z,0.03235803034717932,2.7670340445060297,2.799392074853209,1
2023-03-24T17:40:55Z,2023-03-24T17:41:00Z,0.05239895531756167,2.7394603182769086,2.7918592735944703,1
2023-03-24T17:40:55Z,2023-03-24T17:41:00Z,0.04823038610024888,2.735850063177219,2.784080449277468,1
2023-03-24T17:40:55Z,2023-03-24T17:41:00Z,0.062015640084277734,2.7142669563063344,2.776282596390612,1
2023-03-24T17:40:55Z,2023-03-24T17:41:00Z,0.06686934658362143,2.7040436784921265,2.770913025075748,1
2023-03-24T17:41:55Z,2023-03-24T17:42:00Z,0.07194435384006637,2.692817370787208,2.764761724627274,1
2023-03-24T17:41:55Z,2023-03-24T17:42:00Z,0.08059787579114586,2.677024960571038,2.757622836362184,1
2023-03-24T17:41:55Z,2023-03-24T17:42:00Z,0.07847953139116992,2.672045082924745,2.750524614315915,1
2023-03-24T17:41:55Z,2023-03-24T17:42:00Z,0.0900003033693122,2.6530850891520386,2.7430853925213508,1
2023-03-24T17:41:55Z,2023-03-24T17:42:00Z,0.09246723065112317,2.644075481763723,2.7365427124148463,1
2023-03-24T17:41:55Z,2023-03-24T17:42:00Z,0.10048034004886919,2.627132876358782,2.727613216407651,1
2023-03-24T17:41:55Z,2023-03-24T17:42:00Z,0.11851709256738907,2.5989174901460146,2.7174345827134037,1
2023-03-24T17:41:55Z,2023-03-24T17:42:00Z,0.10180280493464977,2.6038073592175146,2.7056101641521644,1
2023-03-24T17:41:55Z,2023-03-24T17:42:00Z,0.08768893158157898,2.6043331196246164,2.6920220512061954,1
2023-03-24T17:41:55Z,2023-03-24T17:42:00Z,0.09820288012811851,2.58099410230878,2.6791969824368986,1
2023-03-24T17:41:55Z,2023-03-24T17:42:00Z,0.09561932045718269,2.5710622062196076,2.6666815266767903,1
2023-03-24T17:41:55Z,2023-03-24T17:42:00Z,0.08661791869395108,2.5678738990622136,2.6544918177561647,1
2023-03-24T17:42:55Z,2023-03-24T17:43:00Z,0.06062341354995082,2.581192415209475,2.6418158287594258,1
2023-03-24T17:42:55Z,2023-03-24T17:43:00Z,0.0415479386313935,2.589006885724638,2.6305548243560315,1
2023-03-24T17:42:55Z,2023-03-24T17:43:00Z,0.04016065045945849,2.580944076720984,2.6211047271804424,1
2023-03-24T17:42:55Z,2023-03-24T17:43:00Z,0.05546343758148309,2.5576558676710697,2.6131193052525528,1
2023-03-24T17:42:55Z,2023-03-24T17:43:00Z,0.0739989160523229,2.531729551980995,2.605728468033318,1
2023-03-24T17:42:55Z,2023-03-24T17:43:00Z,0.06274469418005157,2.5341846034491375,2.596929297629189,1
2023-03-24T17:42:55Z,2023-03-24T17:43:00Z,0.0053987738082983405,2.5821954825000417,2.58759425630834,1
2023-03-24T17:42:55Z,2023-03-24T17:43:00Z,0.0031764727583478702,2.575964639064254,2.5791411118226018,1
2023-03-24T17:42:55Z,2023-03-24T17:43:00Z,0.013443018922348227,2.5891274081404316,2.5756843892180834,1
2023-03-24T17:42:55Z,2023-03-24T17:43:00Z,0.04281297431997855,2.616731759608696,2.5739187852887175,1
2023-03-24T17:42:55Z,2023-03-24T17:43:00Z,0.06926931099433986,2.6420588692771276,2.5727895582827878,1
2023-03-24T17:42:55Z,2023-03-24T17:43:00Z,0.05646904259698138,2.6302123424170056,2.5737432998200243,1
2023-03-24T17:43:55Z,2023-03-24T17:44:00Z,0.0007688688027069901,2.5792094583895278,2.5784405895868208,1
2023-03-24T17:43:55Z,2023-03-24T17:44:00Z,0.05036487439351278,2.6333554744570566,2.582990600063544,1
2023-03-24T17:43:55Z,2023-03-24T17:44:00Z,0.034003411194877486,2.6178659773605224,2.583862566165645,1
2023-03-24T17:43:55Z,2023-03-24T17:44:00Z,0.025341459645592312,2.613216568830282,2.5878751091846897,1
2023-03-24T17:43:55Z,2023-03-24T17:44:00Z,0.00949196817162834,2.5995870074821554,2.590095039310527,1
2023-03-24T17:43:55Z,2023-03-24T17:44:00Z,0.01763494162215995,2.5749425970813906,2.5925775387035506,1
2023-03-24T17:43:55Z,2023-03-24T17:44:00Z,0.08083586235244411,2.514967148644266,2.5958030109967103,1
2023-03-24T17:43:55Z,2023-03-24T17:44:00Z,0.12748468749103825,2.4716424038980103,2.5991270913890485,1
2023-03-24T17:43:55Z,2023-03-24T17:44:00Z,0.18972891907441491,2.4079199065604127,2.5976488256348276,1
2023-03-24T17:43:55Z,2023-03-24T17:44:00Z,0.22010433294002452,2.369040409725416,2.5891447426654404,1
2023-03-24T17:43:55Z,2023-03-24T17:44:00Z,0.2353371432258995,2.3408810815546306,2.57621822478053,1
2023-03-24T17:44:55Z,2023-03-24T17:45:00Z,0.2280824349440902,2.331206020727592,2.559288455671682,1
2023-03-24T17:44:55Z,2023-03-24T17:45:00Z,0.2127869430128153,2.3252822297316307,2.538069172744446,1
2023-03-24T17:44:55Z,2023-03-24T17:45:00Z,0.2493781319717967,2.2647792831919165,2.514157415163713,1
2023-03-24T17:44:55Z,2023-03-24T17:45:00Z,0.23881256397866935,2.2518886886707836,2.490701252649453,1
2023-03-24T17:44:55Z,2023-03-24T17:45:00Z,0.2183429895486162,2.2481713265471743,2.4665143160957905,1
2023-03-24T17:44:55Z,2023-03-24T17:45:00Z,0.18761268051490365,2.249558036674251,2.437170717189155,1
2023-03-24T17:44:55Z,2023-03-24T17:45:00Z,0.1824064206130318,2.226326246513558,2.4087326671265896,1
2023-03-24T17:44:55Z,2023-03-24T17:45:00Z,0.18658410510274726,2.1941748287810703,2.3807589338838175,1
2023-03-24T17:44:55Z,2023-03-24T17:45:00Z,0.20703664334088012,2.145009924314584,2.352046567655464,1
2023-03-24T17:44:55Z,2023-03-24T17:45:00Z,0.20780790950142913,2.114948829823241,2.32275673932467,1
2023-03-24T17:44:55Z,2023-03-24T17:45:00Z,0.21937068813782412,2.074927803161486,2.29429849129931,1
2023-03-24T17:44:55Z,2023-03-24T17:45:00Z,0.2609912228142508,2.0058693012485387,2.2668605240627895,1
2023-03-24T17:45:55Z,2023-03-24T17:46:00Z,0.3712983869224109,1.8699473599558454,2.2412457468782563,1
2023-03-24T17:45:55Z,2023-03-24T17:46:00Z,0.48124320200957516,1.7320663057550754,2.2133095077646505,1
2023-03-24T17:45:55Z,2023-03-24T17:46:00Z,0.5625940488684456,1.6144897880039908,2.1770838368724363,1
2023-03-24T17:45:55Z,2023-03-24T17:46:00Z,0.5984822910335916,1.5325138754563437,2.1309961664899353,1
2023-03-24T17:45:55Z,2023-03-24T17:46:00Z,0.6372603061362607,1.4390595186823174,2.076319824818578,1
2023-03-24T17:45:55Z,2023-03-24T17:46:00Z,0.6370088255279043,1.3829828910033217,2.019991716531226,1
2023-03-24T17:45:55Z,2023-03-24T17:46:00Z,0.5521814605477648,1.4052849352151178,1.9574663957628826,1
2023-03-24T17:45:55Z,2023-03-24T17:46:00Z,0.4427328034288316,1.448180635753755,1.8909134391825866,1
2023-03-24T17:45:55Z,2023-03-24T17:46:00Z,0.31424819920096403,1.5117211552539969,1.825969354454961,1
2023-03-24T17:45:55Z,2023-03-24T17:46:00Z,0.18771418151269503,1.5783978182684348,1.7661119997811299,1
2023-03-24T17:45:55Z,2023-03-24T17:46:00Z,0.06514667658862039,1.6484688867673498,1.7136155633559702,1
2023-03-24T17:45:55Z,2023-03-24T17:46:00Z,0.0672145216634632,1.7372445384004989,1.6700300167370357,1
2023-03-24T17:46:55Z,2023-03-24T17:47:00Z,0.27324120422321196,1.907388148417487,1.634146944194275,0
2023-03-24T17:46:55Z,2023-03-24T17:47:00Z,0.5730284773172563,2.181199785760686,1.60817130844343,0
2023-03-24T17:46:55Z,2023-03-24T17:47:00Z,0.9518242877970056,2.552420122945739,1.6005958351487335,0
2023-03-24T17:46:55Z,2023-03-24T17:47:00Z,1.128017713815487,2.7525560432569005,1.6245383294414135,0
2023-03-24T17:46:55Z,2023-03-24T17:47:00Z,0.9139123226708155,2.601554791896126,1.6876424692253107,0
2023-03-24T17:46:55Z,2023-03-24T17:47:00Z,0.687926289898755,2.463112317220444,1.7751860273216888,0
2023-03-24T17:46:55Z,2023-03-24T17:47:00Z,0.5723671451656438,2.4297870891365467,1.857419943970903,0
2023-03-24T17:46:55Z,2023-03-24T17:47:00Z,0.4817797992938062,2.417973035459949,1.936193236166143,0
2023-03-24T17:46:55Z,2023-03-24T17:47:00Z,0.37130009452453683,2.3880167305470814,2.0167166360225446,0
2023-03-24T17:46:55Z,2023-03-24T17:47:00Z,0.2756132285968489,2.3702289492536117,2.094615720656763,0
2023-03-24T17:46:55Z,2023-03-24T17:47:00Z,0.20410770815247004,2.371018513024104,2.166910804871634,0
2023-03-24T17:46:55Z,2023-03-24T17:47:00Z,0.13553216321141148,2.3684820291599387,2.232949865948527,0
2023-03-24T17:47:55Z,2023-03-24T17:48:00Z,0.0862040466170364,2.3801247352390766,2.2939206886220402,0
2023-03-24T17:47:55Z,2023-03-24T17:48:00Z,0.03647684764850556,2.3857831626084374,2.349306314959932,0
2023-03-24T17:47:55Z,2023-03-24T17:48:00Z,0.0033398548749596912,2.402098492668628,2.3987586377936685,0
2023-03-24T17:47:55Z,2023-03-24T17:48:00Z,0.014570719450107905,2.4209875348197873,2.4355582542698953,0
2023-03-24T17:47:55Z,2023-03-24T17:48:00Z,0.014966756557142968,2.43758370593644,2.452550462493583,0
2023-03-24T17:47:55Z,2023-03-24T17:48:00Z,0.014714237446948886,2.45715450085392,2.4424402634069713,0
2023-03-24T17:47:55Z,2023-03-24T17:48:00Z,0.036542964181598414,2.454754586256227,2.4182116220746286,0
2023-03-24T17:47:55Z,2023-03-24T17:48:00Z,0.05563638558327755,2.462740292962352,2.4071039073790743,0
2023-03-24T17:47:55Z,2023-03-24T17:48:00Z,0.0772511064582031,2.4837121114554144,2.4064610049972113,0
2023-03-24T17:47:55Z,2023-03-24T17:48:00Z,0.08225440043750387,2.4912502672674695,2.4089958668299656,0
2023-03-24T17:47:55Z,2023-03-24T17:48:00Z,0.08431255174043484,2.498365270570052,2.414052718829617,0
2023-03-24T17:47:55Z,2023-03-24T17:48:00Z,0.09322079289744778,2.5152145530132484,2.4219937601158006,0
2023-03-24T17:47:55Z,2023-03-24T17:48:00Z,0.10035143773519906,2.532201837952264,2.431850400217065,0
2023-03-24T17:48:55Z,2023-03-24T17:49:00Z,0.10218491059592916,2.545127313889082,2.442942403293153,0
2023-03-24T17:48:55Z,2023-03-24T17:49:00Z,0.09564822136736195,2.5511844561060784,2.4555362347387164,0
2023-03-24T17:48:55Z,2023-03-24T17:49:00Z,0.07877460393828617,2.547003344727003,2.468228740788717,0
2023-03-24T17:48:55Z,2023-03-24T17:49:00Z,0.07905023800223088,2.5600021552138434,2.4809519172116126,0
2023-03-24T17:48:55Z,2023-03-24T17:49:00Z,0.07290430136178161,2.5650027456548075,2.492098444293026,0
2023-03-24T17:48:55Z,2023-03-24T17:49:00Z,0.0761363228497185,2.5789281994807487,2.50279187663103,0
2023-03-24T17:48:55Z,2023-03-24T17:49:00Z,0.06866910940475446,2.5812624506295054,2.512593341224751,0
2023-03-24T17:48:55Z,2023-03-24T17:49:00Z,0.07042711799326629,2.5923876668046963,2.52196054881143,0
2023-03-24T17:48:55Z,2023-03-24T17:49:00Z,0.063100246084141,2.594792169078131,2.53169192299399,0
2023-03-24T17:48:55Z,2023-03-24T17:49:00Z,0.05030385139800986,2.5919686493029497,2.54166479790494,0
2023-03-24T17:48:55Z,2023-03-24T17:49:00Z,0.024840317318754135,2.575049735040826,2.5502094177220718,0
2023-03-24T17:48:55Z,2023-03-24T17:49:00Z,0.0007863360072164483,2.558743321578171,2.5579569855709545,0
2023-03-24T17:49:55Z,2023-03-24T17:50:00Z,0.002038316144478358,2.5658941066747234,2.563855790530245,0
2023-03-24T17:49:55Z,2023-03-24T17:50:00Z,0.007923174485371831,2.5751273318283032,2.5672041573429314,0
2023-03-24T17:49:55Z,2023-03-24T17:50:00Z,0.010946812008294504,2.5807426823298765,2.569795870321582,0
2023-03-24T17:49:55Z,2023-03-24T17:50:00Z,0.0051178004355389994,2.5772213644447532,2.5721035640092142,0
2023-03-24T17:49:55Z,2023-03-24T17:50:00Z,0.02137749042096715,2.595754764139704,2.5743772737187367,0
2023-03-24T17:49:55Z,2023-03-24T17:50:00Z,0.020936947402035777,2.5976386841759846,2.576701736773949,0
2023-03-24T17:49:55Z,2023-03-24T17:50:00Z,0.03619182941189525,2.6156437668724486,2.5794519374605533,0
2023-03-24T17:49:55Z,2023-03-24T17:50:00Z,0.06199113161396275,2.6439535258838376,2.581962394269875,0
2023-03-24T17:49:55Z,2023-03-24T17:50:00Z,0.08861417646612102,2.6734008451507423,2.5847866686846213,0
2023-03-24T17:49:55Z,2023-03-24T17:50:00Z,0.11627217407607882,2.7058812331648796,2.589609059088801,0
2023-03-24T17:49:55Z,2023-03-24T17:50:00Z,0.13556860656928515,2.7314094486077813,2.595840842038496,0
2023-03-24T17:49:55Z,2023-03-24T17:50:00Z,0.15167691469084676,2.7560630693514003,2.6043861546605536,0
2023-03-24T17:50:55Z,2023-03-24T17:51:00Z,0.16301655342116828,2.7781289234128628,2.6151123699916945,0
2023-03-24T17:50:55Z,2023-03-24T17:51:00Z,0.1633890826975941,2.7924255553285637,2.6290364726309696,0
2023-03-24T17:50:55Z,2023-03-24T17:51:00Z,0.1576384345537014,2.803550722710417,2.6459122881567154,0
2023-03-24T17:50:55Z,2023-03-24T17:51:00Z,0.1333898969974796,2.796727681204491,2.663337784207011,0
2023-03-24T17:50:55Z,2023-03-24T17:51:00Z,0.1253365514520639,2.8062453657269297,2.680908814274866,0
2023-03-24T17:50:55Z,2023-03-24T17:51:00Z,0.10698432829674465,2.804507373254273,2.6975230449575283,0
2023-03-24T17:50:55Z,2023-03-24T17:51:00Z,0.08524027514331678,2.800380550968705,2.715140275825388,0
2023-03-24T17:50:55Z,2023-03-24T17:51:00Z,0.07135093120778979,2.802549100041991,2.7311981688342013,0
2023-03-24T17:50:55Z,2023-03-24T17:51:00Z,0.06602540012135094,2.8128190971703764,2.7467936970490254,0
2023-03-24T17:50:55Z,2023-03-24T17:51:00Z,0.07336990506355523,2.834540935433315,2.7611710303697596,0
2023-03-24T17:50:55Z,2023-03-24T17:51:00Z,0.07488897316744048,2.8490496628669337,2.7741606896994933,0
2023-03-24T17:50:55Z,2023-03-24T17:51:00Z,0.056377831643267484,2.842933912902959,2.7865560812596915,0
2023-03-24T17:51:55Z,2023-03-24T17:52:00Z,0.03488869274576434,2.8324577301363827,2.7975690373906184,0
2023-03-24T17:51:55Z,2023-03-24T17:52:00Z,0.028876323788365355,2.835024166124766,2.806147842336401,0
2023-03-24T17:51:55Z,2023-03-24T17:52:00Z,0.01753773564287542,2.829562090347352,2.8120243547044765,0
2023-03-24T17:51:55Z,2023-03-24T17:52:00Z,0.03235442880907824,2.84875534064524,2.816400911836162,0
2023-03-24T17:51:55Z,2023-03-24T17:52:00Z,0.026951358696424066,2.846208927072493,2.819257568376069,0
2023-03-24T17:51:55Z,2023-03-24T17:52:00Z,0.015818463018820506,2.8385533096975677,2.822734846678747,0
2023-03-24T17:51:55Z,2023-03-24T17:52:00Z,0.010324745192229479,2.836865841553131,2.8265410963609017,0
2023-03-24T17:51:55Z,2023-03-24T17:52:00Z,0.05053609586355101,2.8795624186837325,2.8290263228201815,0
2023-03-24T17:51:55Z,2023-03-24T17:52:00Z,0.018089995412660542,2.849605431178908,2.8315154357662475,0
2023-03-24T17:51:55Z,2023-03-24T17:52:00Z,0.017495929853958536,2.8201104188134445,2.837606348667403,0
2023-03-24T17:51:55Z,2023-03-24T17:52:00Z,0.029266143080652895,2.811959923366513,2.841226066447166,0
2023-03-24T17:51:55Z,2023-03-24T17:52:00Z,0.05710455536951109,2.7846823819732753,2.8417869373427864,0
2023-03-24T17:52:55Z,2023-03-24T17:53:00Z,0.030433050721358157,2.809616885693213,2.8400499364145713,0
2023-03-24T17:52:55Z,2023-03-24T17:53:00Z,0.036305487434544315,2.7987931196805147,2.835098607115059,0
2023-03-24T17:52:55Z,2023-03-24T17:53:00Z,0.019750739849996535,2.8127850190181594,2.832535758868156,0
2023-03-24T17:52:55Z,2023-03-24T17:53:00Z,0.035816462029749196,2.7941297114187247,2.829946173448474,0
2023-03-24T17:52:55Z,2023-03-24T17:53:00Z,0.04652605626166917,2.7817094135632185,2.8282354698248877,0
2023-03-24T17:52:55Z,2023-03-24T17:53:00Z,0.0429278559887698,2.782582046226224,2.8255099022149937,0
2023-03-24T17:52:55Z,2023-03-24T17:53:00Z,0.03933367584111824,2.781018847367566,2.820352523208684,0
2023-03-24T17:52:55Z,2023-03-24T17:53:00Z,0.09255137314047257,2.722906774618499,2.8154581477589717,0
2023-03-24T17:52:55Z,2023-03-24T17:53:00Z,0.08481288317501345,2.7262195367124193,2.811032419887433,0
2023-03-24T17:52:55Z,2023-03-24T17:53:00Z,0.07917994845133336,2.7230863893642048,2.802266337815538,0
2023-03-24T17:52:55Z,2023-03-24T17:53:00Z,0.027374695958751083,2.7630960355513015,2.7904707315100525,0
2023-03-24T17:52:55Z,2023-03-24T17:53:00Z,9.437591981287241e-05,2.7806441216044933,2.780738497524306,0
2023-03-24T17:53:55Z,2023-03-24T17:54:00Z,0.005068069879575976,2.7814208456144858,2.77635277573491,0
2023-03-24T17:53:55Z,2023-03-24T17:54:00Z,0.01713896409454385,2.7910828320016066,2.7739438679070627,0
2023-03-24T17:53:55Z,2023-03-24T17:54:00Z,0.002294849159716339,2.7759878296545644,2.773692980494848,0
2023-03-24T17:53:55Z,2023-03-24T17:54:00Z,0.0064018916534687165,2.765865392403563,2.772267284057032,0
2023-03-24T17:53:55Z,2023-03-24T17:54:00Z,0.011678612802192845,2.7821916437803056,2.7705130309781127,0
2023-03-24T17:53:55Z,2023-03-24T17:54:00Z,0.005905079536524749,2.760998749394312,2.7669038289308365,0
2023-03-24T17:53:55Z,2023-03-24T17:54:00Z,0.015120215067760512,2.750865300967813,2.7659855160355735,0
2023-03-24T17:53:55Z,2023-03-24T17:54:00Z,0.036199338176415186,2.728193049846165,2.7643923880225802,0
2023-03-24T17:53:55Z,2023-03-24T17:54:00Z,0.0590165758693586,2.702936062517959,2.7619526383873176,0
2023-03-24T17:53:55Z,2023-03-24T17:54:00Z,0.0820936859213739,2.675795429579682,2.757889115501056,0
2023-03-24T17:53:55Z,2023-03-24T17:54:00Z,0.11996031193324486,2.636392594944693,2.7563529068779378,0
2023-03-24T17:53:55Z,2023-03-24T17:54:00Z,0.09843053289508319,2.654043596511105,2.7524741294061883,0
2023-03-24T17:54:55Z,2023-03-24T17:55:00Z,0.08750031020487192,2.6583050657844316,2.7458053759893035,0
2023-03-24T17:54:55Z,2023-03-24T17:55:00Z,0.09325608156207288,2.6441606452702926,2.7374167268323655,0
2023-03-24T17:54:55Z,2023-03-24T17:55:00Z,0.06966283324756262,2.65834319698326,2.7280060302308224,0
2023-03-24T17:54:55Z,2023-03-24T17:55:00Z,0.048538270651219406,2.668909282630049,2.7174475532812683,0
2023-03-24T17:54:55Z,2023-03-24T17:55:00Z,0.042989157022315094,2.6642476551036958,2.707236812126011,0
2023-03-24T17:54:55Z,2023-03-24T17:55:00Z,0.009548848822474643,2.6894511519939583,2.699000000816433,0
2023-03-24T17:54:55Z,2023-03-24T17:55:00Z,0.01352836644305544,2.7047116182364217,2.6911832517933663,0
2023-03-24T17:54:55Z,2023-03-24T17:55:00Z,0.04583994179152562,2.729889309601327,2.684049367809801,0
2023-03-24T17:54:55Z,2023-03-24T17:55:00Z,0.0663050403253913,2.746024628815355,2.679719588489964,0
2023-03-24T17:54:55Z,2023-03-24T17:55:00Z,0.08839805726106187,2.7665041079536032,2.6781060506925414,0
2023-03-24T17:54:55Z,2023-03-24T17:55:00Z,0.08074644671702247,2.760224157330271,2.6794777106132486,0
2023-03-24T17:54:55Z,2023-03-24T17:55:00Z,0.08842271135684054,2.7727902716189843,2.6843675602621437,0
2023-03-24T17:55:55Z,2023-03-24T17:56:00Z,0.07328334633841926,2.7641454241198393,2.69086207778142,0
2023-03-24T17:55:55Z,2023-03-24T17:56:00Z,0.06572259874557762,2.7670768055019437,2.701354206756366,0
2023-03-24T17:55:55Z,2023-03-24T17:56:00Z,0.047581838046823144,2.757405416157707,2.7098235781108837,0
2023-03-24T17:55:55Z,2023-03-24T17:56:00Z,0.04658754657190878,2.7647781815841395,2.7181906350122307,0
2023-03-24T17:55:55Z,2023-03-24T17:56:00Z,0.03648222449677352,2.763383995731113,2.7269017712343393,0
2023-03-24T17:55:55Z,2023-03-24T17:56:00Z,0.025922597555474436,2.761011675297574,2.7350890777420998,0
2023-03-24T17:55:55Z,2023-03-24T17:56:00Z,0.005813672708002482,2.748170036073261,2.7423563633652583,0
2023-03-24T17:55:55Z,2023-03-24T17:56:00Z,0.0055312056765464135,2.7442685438574714,2.749799749534018,0
2023-03-24T17:55:55Z,2023-03-24T17:56:00Z,0.0220967514291317,2.732219835341756,2.7543165867708876,0
2023-03-24T17:55:55Z,2023-03-24T17:56:00Z,0.02143540414084555,2.735924023062431,2.7573594272032764,0
2023-03-24T17:55:55Z,2023-03-24T17:56:00Z,0.022567595801600948,2.734971102612478,2.757538698414079,0
2023-03-24T17:55:55Z,2023-03-24T17:56:00Z,0.04372966107820497,2.7130320676625717,2.7567617287407766,0
2023-03-24T17:56:55Z,2023-03-24T17:57:00Z,0.007819807277746449,2.7465163056675586,2.754336112945305,0
2023-03-24T17:56:55Z,2023-03-24T17:57:00Z,0.019750291928348318,2.770456244129985,2.7507059522016366,0
2023-03-24T17:56:55Z,2023-03-24T17:57:00Z,0.04052225810259147,2.7892071360002717,2.7486848778976802,0
2023-03-24T17:56:55Z,2023-03-24T17:57:00Z,0.04039694026139706,2.789567265852165,2.749170325590768,0
2023-03-24T17:56:55Z,2023-03-24T17:57:00Z,0.08102455500698369,2.831897213713008,2.750872658706024,0
2023-03-24T17:56:55Z,2023-03-24T17:57:00Z,0.08657939875342313,2.8399260458974824,2.7533466471440593,0
2023-03-24T17:56:55Z,2023-03-24T17:57:00Z,0.08962603989135509,2.848135689506866,2.758509649615511,0
2023-03-24T17:56:55Z,2023-03-24T17:57:00Z,0.08663197792262611,2.8510294775509353,2.764397499628309,0
2023-03-24T17:56:55Z,2023-03-24T17:57:00Z,0.09128603316798545,2.862385380043163,2.7710993468751774,0
2023-03-24T17:56:55Z,2023-03-24T17:57:00Z,0.08460283321138062,2.8636144448156093,2.7790116116042287,0
2023-03-24T17:56:55Z,2023-03-24T17:57:00Z,0.08572526698032323,2.873822789060375,2.7880975220800517,0
2023-03-24T17:56:55Z,2023-03-24T17:57:00Z,0.09691504371003878,2.8951198434419254,2.7982047997318866,0
2023-03-24T17:57:55Z,2023-03-24T17:58:00Z,0.08351705182880709,2.892329448945151,2.808812397116344,0
2023-03-24T17:57:55Z,2023-03-24T17:58:00Z,0.06375789153915656,2.8848894225654576,2.821131531026301,0
2023-03-24T17:57:55Z,2023-03-24T17:58:00Z,0.03960731375529525,2.8745309510341026,2.8349236372788074,0
2023-03-24T17:57:55Z,2023-03-24T17:58:00Z,0.02012907432584754,2.8656967975198775,2.84556772319403,0
2023-03-24T17:57:55Z,2023-03-24T17:58:00Z,0.029841414830666046,2.8237320550482963,2.8535734698789623,0
2023-03-24T17:57:55Z,2023-03-24T17:58:00Z,0.049996780002650176,2.8094605099932046,2.859457289995855,0
2023-03-24T17:57:55Z,2023-03-24T17:58:00Z,0.04917386985643324,2.812911480846817,2.8620853507032504,0
2023-03-24T17:57:55Z,2023-03-24T17:58:00Z,0.04675885812648772,2.8136005922906238,2.8603594504171115,0
2023-03-24T17:57:55Z,2023-03-24T17:58:00Z,0.0517552327252595,2.806526174226416,2.8582814069516753,0
2023-03-24T17:57:55Z,2023-03-24T17:58:00Z,0.049409812990567126,2.806215048021398,2.855624861011965,0
2023-03-24T17:57:55Z,2023-03-24T17:58:00Z,0.04769356931087598,2.8045079606761254,2.8522015299870014,0
2023-03-24T17:57:55Z,2023-03-24T17:58:00Z,0.06006120444372964,2.7878195307723668,2.8478807352160964,0
2023-03-24T17:58:55Z,2023-03-24T17:59:00Z,0.06963342349080115,2.7737006590991813,2.8433340825899824,0
2023-03-24T17:58:55Z,2023-03-24T17:59:00Z,0.05516934265078799,2.7815491046862704,2.8367184473370584,0
2023-03-24T17:58:55Z,2023-03-24T17:59:00Z,0.05918825546429707,2.7681902546156274,2.8273785100799245,0
2023-03-24T17:58:55Z,2023-03-24T17:59:00Z,0.06581280699078507,2.753044138146149,2.818856945136934,0
2023-03-24T17:58:55Z,2023-03-24T17:59:00Z,0.044895429066361014,2.764984656997509,2.80988008606387,0
2023-03-24T17:58:55Z,2023-03-24T17:59:00Z,0.029043162359714714,2.7714917842512357,2.8005349466109504,0
2023-03-24T17:58:55Z,2023-03-24T17:59:00Z,0.028883876660120933,2.7639039822183396,2.7927878588784605,0
2023-03-24T17:58:55Z,2023-03-24T17:59:00Z,0.009237067989116277,2.77953230852034,2.7887693765094563,0
2023-03-24T17:58:55Z,2023-03-24T17:59:00Z,0.011149939682274734,2.796414967901356,2.785265028219081,0
2023-03-24T17:58:55Z,2023-03-24T17:59:00Z,0.01262173227330221,2.795319131851885,2.782697399578583,0
2023-03-24T17:58:55Z,2023-03-24T17:59:00Z,0.025143305184387454,2.806518733656104,2.7813754284717165,0