sTime,eTime,Change,Value,Mean_last_4,real_label
2023-03-24T14:00:00Z,2023-03-24T14:01:00Z,None,0.0007651763288490596,None,1
2023-03-24T14:01:55Z,2023-03-24T14:02:00Z,None,0.0007598605604702541,None,0
2023-03-24T14:01:55Z,2023-03-24T14:02:00Z,None,0.0007562925912801486,None,0
2023-03-24T14:01:55Z,2023-03-24T14:02:00Z,None,0.0007493586813376346,None,0
2023-03-24T14:01:55Z,2023-03-24T14:02:00Z,1.5383549354576584e-05,0.0007450596108452442,0.0007604431601998208,0
2023-03-24T14:01:55Z,2023-03-24T14:02:00Z,5.544937265796672e-06,0.0007496256737635492,0.0007551706110293458,0
2023-03-24T14:01:55Z,2023-03-24T14:02:00Z,3.2098814442903896e-06,0.0007534468425986329,0.0007502369611543425,0
2023-03-24T14:01:55Z,2023-03-24T14:02:00Z,5.305989147103463e-06,0.0007533206444625795,0.000748014655315476,0
2023-03-24T14:01:55Z,2023-03-24T14:02:00Z,1.6928158192309334e-07,0.0007495466573177318,0.0007493773757358087,0
2023-03-24T14:01:55Z,2023-03-24T14:02:00Z,3.763083832688781e-06,0.0007558941374409425,0.0007521310536082538,0
2023-03-24T14:01:55Z,2023-03-24T14:02:00Z,5.325923240413733e-06,0.0007467787915525677,0.0007521047147929814,0
2023-03-24T14:01:55Z,2023-03-24T14:02:00Z,7.184407440246395e-07,0.0007522020389963932,0.0007529204797404179,0
2023-03-24T14:01:55Z,2023-03-24T14:02:00Z,1.2412596136337508e-05,0.000763152458240085,0.0007507398621037475,0
2023-03-24T14:02:55Z,2023-03-24T14:03:00Z,1.8872949324413315e-05,0.0007704979386543812,0.0007516249893299679,0
2023-03-24T14:02:55Z,2023-03-24T14:03:00Z,1.7434599610277428e-05,0.0007714790292066261,0.0007540444295963487,0
2023-03-24T14:02:55Z,2023-03-24T14:03:00Z,1.8219238825546453e-05,0.0007801700507891663,0.0007619508119636199,0
2023-03-24T14:02:55Z,2023-03-24T14:03:00Z,2.8321449408383434e-05,0.0007966979247754142,0.0007683764753670308,0
2023-03-24T14:02:55Z,2023-03-24T14:03:00Z,2.8483912121114036e-05,0.0008025329183378385,0.0007740490062167245,0
2023-03-24T14:02:55Z,2023-03-24T14:03:00Z,2.8797242856522655e-05,0.0008115795777802582,0.0007827823349237355,0
2023-03-24T14:02:55Z,2023-03-24T14:03:00Z,2.4859361618268547e-05,0.0008179929929190749,0.0007931336313008063,0
2023-03-24T14:02:55Z,2023-03-24T14:03:00Z,2.0921767015244963e-05,0.0008245252406464152,0.0008036034736311703,0
2023-03-24T14:02:55Z,2023-03-24T14:03:00Z,1.9241196951323767e-05,0.0008299430266303809,0.0008107018296790572,0
2023-03-24T14:02:55Z,2023-03-24T14:03:00Z,1.4408374539777273e-05,0.0008324409783216933,0.0008180326037819161,0
2023-03-24T14:02:55Z,2023-03-24T14:03:00Z,8.134182999701466e-06,0.0008322879363983252,0.0008241537533986238,0
2023-03-24T14:02:55Z,2023-03-24T14:03:00Z,1.3070836976003053e-05,0.000842040585508833,0.0008289697485328299,0
2023-03-24T14:03:55Z,2023-03-24T14:04:00Z,1.3390027489359156e-05,0.0008449473412728256,0.0008315573137834665,0
2023-03-24T14:03:55Z,2023-03-24T14:04:00Z,1.0999301237473152e-05,0.0008465891346470904,0.0008355898334096172,0
2023-03-24T14:03:55Z,2023-03-24T14:04:00Z,1.418582570506552e-05,0.0008539444467650601,0.0008397586210599946,0
2023-03-24T14:03:55Z,2023-03-24T14:04:00Z,1.726046321898233e-05,0.0008617861503618986,0.0008445256871429163,0
2023-03-24T14:03:55Z,2023-03-24T14:04:00Z,1.8817679452194777e-05,0.0008673113203471868,0.000848493640894992,0
2023-03-24T14:03:55Z,2023-03-24T14:04:00Z,8.69154676913671e-06,0.000862798124027153,0.0008541065772580163,0
2023-03-24T14:03:55Z,2023-03-24T14:04:00Z,6.6781314937145505e-06,0.0008676921039850965,0.0008610139724913819,0
2023-03-24T14:03:55Z,2023-03-24T14:04:00Z,1.151653910677012e-05,0.0008754817373521829,0.0008639651982454128,0
2023-03-24T14:03:55Z,2023-03-24T14:04:00Z,1.6098036759918766e-05,0.0008820318862130642,0.0008659338494531455,0
2023-03-24T14:03:55Z,2023-03-24T14:04:00Z,1.6437010201293266e-05,0.0008850943319894374,0.0008686573217881441,0
2023-03-24T14:03:55Z,2023-03-24T14:04:00Z,1.2644170986537886e-05,0.0008877127468366524,0.0008750685758501146,0
2023-03-24T14:03:55Z,2023-03-24T14:04:00Z,2.7661510536447107e-06,0.0008781031674645835,0.0008808693185182282,0
2023-03-24T14:04:55Z,2023-03-24T14:05:00Z,1.0715929537127183e-05,0.0008742303921425909,0.0008849463216797181,0
2023-03-24T14:04:55Z,2023-03-24T14:05:00Z,7.200501007896261e-06,0.0008764362477556614,0.0008836367487635577,0
2023-03-24T14:04:55Z,2023-03-24T14:05:00Z,9.089378682388067e-06,0.0008709260567988876,0.0008800154354812757,0
2023-03-24T14:04:55Z,2023-03-24T14:05:00Z,8.69102228890045e-06,0.0008675655801653781,0.0008762566024542786,0
2023-03-24T14:04:55Z,2023-03-24T14:05:00Z,5.839579362383477e-06,0.0008680246528699965,0.0008738642322323799,0
2023-03-24T14:04:55Z,2023-03-24T14:05:00Z,1.0950693492093526e-05,0.0008606919347478822,0.0008716426282399757,0
2023-03-24T14:04:55Z,2023-03-24T14:05:00Z,1.7414151259257066e-05,0.0008514246120188303,0.0008688387632780874,0
2023-03-24T14:04:55Z,2023-03-24T14:05:00Z,2.1251501547099876e-05,0.0008441758877139858,0.0008654273892610857,0
2023-03-24T14:04:55Z,2023-03-24T14:05:00Z,3.918278994235189e-05,0.0008208642766032179,0.0008600470665455698,0
2023-03-24T14:04:55Z,2023-03-24T14:05:00Z,3.324011050826771e-05,0.0008188573676519651,0.0008520974781602328,0
2023-03-24T14:04:55Z,2023-03-24T14:05:00Z,2.6003644751879953e-05,0.0008128179473601314,0.0008388215921120113,0
2023-03-24T14:05:55Z,2023-03-24T14:06:00Z,1.3748167591892896e-05,0.0008142176763978301,0.000827965843989723,0
2023-03-24T14:05:55Z,2023-03-24T14:06:00Z,1.1746548926761446e-05,0.0008057666482783433,0.0008175131972051047,0
2023-03-24T14:05:55Z,2023-03-24T14:06:00Z,9.382016927253272e-06,0.0008059156468760556,0.0008152976638033089,0
2023-03-24T14:05:55Z,2023-03-24T14:06:00Z,1.4373903616043352e-06,0.000809496700317164,0.0008109340906787683,0
2023-03-24T14:05:55Z,2023-03-24T14:06:00Z,8.052356670822905e-06,0.0008005809671799201,0.000808633323850743,0
2023-03-24T14:05:55Z,2023-03-24T14:06:00Z,1.8440603078337153e-05,0.0007886190620788505,0.0008070596651571876,0
2023-03-24T14:05:55Z,2023-03-24T14:06:00Z,2.7151115493004373e-05,0.0007781799892980421,0.0008053311047910465,0
2023-03-24T14:05:55Z,2023-03-24T14:06:00Z,2.47069313043573e-05,0.0007748586452209544,0.0007995655765253117,0
2023-03-24T14:05:55Z,2023-03-24T14:06:00Z,1.7631677624106615e-05,0.0007714949952281644,0.000789126672852271,0
2023-03-24T14:05:55Z,2023-03-24T14:06:00Z,1.5269233898039438e-05,0.0007652833316345761,0.0007805525655326155,0
2023-03-24T14:05:55Z,2023-03-24T14:06:00Z,7.1106700166760975e-06,0.0007677338732323775,0.0007748445432490536,0
2023-03-24T14:05:55Z,2023-03-24T14:06:00Z,8.0938041777213e-06,0.0007624518531835103,0.0007705456573612316,0
2023-03-24T14:05:55Z,2023-03-24T14:06:00Z,1.2306125611716572e-05,0.0007558646077533227,0.0007681707333650393,0
2023-03-24T14:06:55Z,2023-03-24T14:07:00Z,2.0814493189519356e-05,0.0007443418594939685,0.0007651563526834879,0
2023-03-24T14:06:55Z,2023-03-24T14:07:00Z,2.068309069154842e-05,0.0007413336873648551,0.0007620167780564035,0
2023-03-24T14:06:55Z,2023-03-24T14:07:00Z,1.5192519821898443e-05,0.000739026920321702,0.0007542194401436005,0
2023-03-24T14:06:55Z,2023-03-24T14:07:00Z,9.868493067492659e-06,0.0007373115584698894,0.0007471800515373821,0
2023-03-24T14:06:55Z,2023-03-24T14:07:00Z,1.0022426752506427e-05,0.0007315450623076687,0.0007415674890601751,0
2023-03-24T14:06:55Z,2023-03-24T14:07:00Z,1.2063639403524467e-05,0.0007271604159819578,0.0007392240553854822,0
2023-03-24T14:06:55Z,2023-03-24T14:07:00Z,1.1838854606369847e-05,0.0007241223257600501,0.00073596118036642,0
2023-03-24T14:06:55Z,2023-03-24T14:07:00Z,1.0437345046953326e-05,0.0007215683338728853,0.0007320056789198386,0
2023-03-24T14:06:55Z,2023-03-24T14:07:00Z,4.933682863612486e-06,0.0007226755851529464,0.0007276092680165589,0
2023-03-24T14:06:55Z,2023-03-24T14:07:00Z,1.0655472477203777e-05,0.0007136282193944273,0.0007242836918716311,0
2023-03-24T14:06:55Z,2023-03-24T14:07:00Z,1.5424043929974777e-05,0.0007073647043319858,0.0007227887482619606,0
2023-03-24T14:06:55Z,2023-03-24T14:07:00Z,1.4387144359091666e-05,0.0007049035684476612,0.0007192907128067529,0
2023-03-24T14:07:55Z,2023-03-24T14:08:00Z,1.2160390998606422e-05,0.0007023957786278466,0.0007145561696264531,0
2023-03-24T14:07:55Z,2023-03-24T14:08:00Z,9.681656978130309e-06,0.0006989505070798945,0.0007086321640580248,0
2023-03-24T14:07:55Z,2023-03-24T14:08:00Z,1.1305402656188205e-05,0.0006935826144796429,0.0007048880171358311,0
2023-03-24T14:07:55Z,2023-03-24T14:08:00Z,7.777105976786852e-06,0.0006943061787416806,0.0007020832847184675,0
2023-03-24T14:07:55Z,2023-03-24T14:08:00Z,6.6633733452364135e-06,0.0006916462600505583,0.0006983096333957947,0
2023-03-24T14:07:55Z,2023-03-24T14:08:00Z,6.462103214521721e-06,0.0006891509968858843,0.000695613100100406,0
2023-03-24T14:07:55Z,2023-03-24T14:08:00Z,5.416481267344394e-06,0.000687761869823283,0.0006931783510906274,0
2023-03-24T14:07:55Z,2023-03-24T14:08:00Z,1.002756689766804e-05,0.000681673578328373,0.000691701145226041,0
2023-03-24T14:07:55Z,2023-03-24T14:08:00Z,1.0079074073106667e-05,0.0006794406348468019,0.0006895197089199085,0
2023-03-24T14:07:55Z,2023-03-24T14:08:00Z,1.5177597277064728e-05,0.0006710178844021153,0.0006861954816791801,0
2023-03-24T14:07:55Z,2023-03-24T14:08:00Z,1.638080592682796e-05,0.0006665778884059913,0.0006829586943328192,0
2023-03-24T14:07:55Z,2023-03-24T14:08:00Z,1.7718449466897737e-05,0.000659658916392199,0.0006773773658590968,0
2023-03-24T14:08:55Z,2023-03-24T14:09:00Z,1.4949414944247686e-05,0.0006573960542740551,0.0006723454692183027,0
2023-03-24T14:08:55Z,2023-03-24T14:09:00Z,1.3834304896963908e-05,0.0006519172581698047,0.0006657515630667686,0
2023-03-24T14:08:55Z,2023-03-24T14:09:00Z,1.2756376871221782e-05,0.00064845457615286,0.0006612109530240818,0
2023-03-24T14:08:55Z,2023-03-24T14:09:00Z,2.626335196572794e-06,0.0006536977410821135,0.0006563240762786863,0
2023-03-24T14:08:55Z,2023-03-24T14:09:00Z,2.2042150636730415e-06,0.0006547935112625796,0.0006525892961989065,0
2023-03-24T14:08:55Z,2023-03-24T14:09:00Z,9.797518456924502e-06,0.0006611540435918506,0.0006513565251349261,0
2023-03-24T14:08:55Z,2023-03-24T14:09:00Z,1.6094290465794455e-05,0.0006684095666316455,0.000652315276165851,0
2023-03-24T14:08:55Z,2023-03-24T14:09:00Z,1.0403747756514994e-05,0.0006669521797353628,0.0006565484319788478,0
2023-03-24T14:08:55Z,2023-03-24T14:09:00Z,5.76557028568491e-06,0.0006672179441143767,0.0006614523738286918,0
2023-03-24T14:08:55Z,2023-03-24T14:09:00Z,9.570891489193642e-07,0.0006664623524685389,0.0006655052633196195,0
2023-03-24T14:08:55Z,2023-03-24T14:09:00Z,2.0753125505489555e-06,0.000669601876044344,0.000667526563493795,0
2023-03-24T14:09:55Z,2023-03-24T14:10:00Z,4.699343337600799e-06,0.0006621781487684919,0.0006668774921060927,0
2023-03-24T14:09:55Z,2023-03-24T14:10:00Z,7.965694194140291e-06,0.0006597950300149463,0.0006677607242090866,0
2023-03-24T14:09:55Z,2023-03-24T14:10:00Z,1.9216178290292537e-07,0.0006662729542100277,0.0006660807924271248,0
2023-03-24T14:09:55Z,2023-03-24T14:10:00Z,1.0052711268787769e-05,0.0006739110628780485,0.0006638583516092607,0
2023-03-24T14:09:55Z,2023-03-24T14:10:00Z,1.2686506251101946e-05,0.000675435217248924,0.000662748710997822,0
2023-03-24T14:09:55Z,2023-03-24T14:10:00Z,1.4243073656612865e-05,0.000680902756024287,0.0006666596823676741,0
2023-03-24T14:09:55Z,2023-03-24T14:10:00Z,5.069936242325761e-06,0.0006769430143546591,0.0006718730781123334,0
2023-03-24T14:09:55Z,2023-03-24T14:10:00Z,5.75498399579908e-07,0.0006761741803175066,0.0006767496787170865,0
2023-03-24T14:09:55Z,2023-03-24T14:10:00Z,4.014368684544692e-06,0.0006817746978938347,0.00067776032920929,0
2023-03-24T14:09:55Z,2023-03-24T14:10:00Z,7.216999588388617e-06,0.0006852236498205395,0.0006780066502321509,0
2023-03-24T14:09:55Z,2023-03-24T14:10:00Z,1.4676793589776175e-05,0.0006929740911117763,0.0006782972975220001,0
2023-03-24T14:09:55Z,2023-03-24T14:10:00Z,1.8864490334753107e-05,0.0006999219996787133,0.0006810575093439602,0
2023-03-24T14:09:55Z,2023-03-24T14:10:00Z,2.408189705553241e-05,0.0007107393766642492,0.0006866574796087168,0
2023-03-24T14:10:55Z,2023-03-24T14:11:00Z,2.5386594487924346e-05,0.0007180931746916006,0.0006927065802036763,0
2023-03-24T14:10:55Z,2023-03-24T14:11:00Z,2.401525723154732e-05,0.0007252270797164602,0.0007012118224849128,0
2023-03-24T14:10:55Z,2023-03-24T14:11:00Z,1.6792079616583574e-05,0.000726376929961438,0.0007095848503448544,0
2023-03-24T14:10:55Z,2023-03-24T14:11:00Z,3.15128945347189e-06,0.0007211711664775753,0.0007180198770241034,0
2023-03-24T14:10:55Z,2023-03-24T14:11:00Z,2.5010514309171646e-06,0.0007207313433589158,0.000723232394789833,0
2023-03-24T14:10:55Z,2023-03-24T14:11:00Z,5.016972140427342e-06,0.0007192414199113971,0.0007242583920518245,0
2023-03-24T14:10:55Z,2023-03-24T14:11:00Z,8.224379418418051e-06,0.0007145354338475584,0.0007227598132659765,0
2023-03-24T14:10:55Z,2023-03-24T14:11:00Z,6.992121473307694e-06,0.000713389188442655,0.0007203813099159627,0
2023-03-24T14:10:55Z,2023-03-24T14:11:00Z,2.3417049110733027e-06,0.0007158276941282172,0.0007181693990392905,0
2023-03-24T14:10:55Z,2023-03-24T14:11:00Z,2.8820617434613133e-07,0.0007160102202415496,0.0007157220140672035,0
2023-03-24T14:10:55Z,2023-03-24T14:11:00Z,1.4826087169732272e-06,0.0007131014967558369,0.0007145841054728102,0
2023-03-24T14:10:55Z,2023-03-24T14:11:00Z,2.4834012280458605e-06,0.000712592299709428,0.0007150757009374739,0
2023-03-24T14:11:55Z,2023-03-24T14:12:00Z,1.6064004376053e-07,0.0007148191636647741,0.0007149798037085346,0
2023-03-24T14:11:55Z,2023-03-24T14:12:00Z,1.5006107721124472e-06,0.000715401949674384,0.0007139013389022716,0
2023-03-24T14:11:55Z,2023-03-24T14:12:00Z,1.1085859224524734e-06,0.0007123957341208938,0.0007135043200433463,0
2023-03-24T14:11:55Z,2023-03-24T14:12:00Z,1.3320454888313907e-06,0.0007129390921940306,0.000714271137682862,0
2023-03-24T14:11:55Z,2023-03-24T14:12:00Z,4.685968344825047e-06,0.0007095196474751922,0.0007142056158200173,0
2023-03-24T14:11:55Z,2023-03-24T14:12:00Z,1.7873891916669058e-06,0.0007117915361381027,0.0007135789253297696,0
2023-03-24T14:11:55Z,2023-03-24T14:12:00Z,6.078970638370099e-06,0.0007176971285684091,0.000711618157930039,0
2023-03-24T14:11:55Z,2023-03-24T14:12:00Z,9.464461171044647e-06,0.0007208812197734866,0.0007114167586024419,0
2023-03-24T14:11:55Z,2023-03-24T14:12:00Z,6.340475406430555e-06,0.0007193432461336652,0.0007130027707272347,0
2023-03-24T14:11:55Z,2023-03-24T14:12:00Z,2.963069325965465e-06,0.0007197530308192981,0.0007167899614933327,0
2023-03-24T14:11:55Z,2023-03-24T14:12:00Z,2.304838292263361e-06,0.0007216120364507836,0.0007193071981585203,0
2023-03-24T14:11:55Z,2023-03-24T14:12:00Z,6.11327229274464e-07,0.0007206038261380911,0.0007199924989088166,0
2023-03-24T14:12:55Z,2023-03-24T14:13:00Z,9.54990125355353e-07,0.000721191094593271,0.0007202361044679156,0
2023-03-24T14:12:55Z,2023-03-24T14:13:00Z,3.5344605402571044e-06,0.0007241907583429815,0.0007206562978027244,0
2023-03-24T14:12:55Z,2023-03-24T14:13:00Z,1.0388916394640248e-05,0.0007315245687886888,0.0007211356523940485,0
2023-03-24T14:12:55Z,2023-03-24T14:13:00Z,1.549531721516562e-05,0.0007374905435732801,0.0007219952263581145,0
2023-03-24T14:12:55Z,2023-03-24T14:13:00Z,2.5428333323103793e-05,0.0007510638072314175,0.0007256354739083137,0
2023-03-24T14:12:55Z,2023-03-24T14:13:00Z,3.496896188187842e-05,0.0007660375854501952,0.0007310686235683167,0
2023-03-24T14:12:55Z,2023-03-24T14:13:00Z,3.674754178140409e-05,0.0007767738483125328,0.0007400263065311287,0
2023-03-24T14:12:55Z,2023-03-24T14:13:00Z,3.468623518045825e-05,0.0007862168805987559,0.0007515306454182976,0
2023-03-24T14:12:55Z,2023-03-24T14:13:00Z,3.2790150329413187e-05,0.000797415230660795,0.0007646250803313819,0
2023-03-24T14:12:55Z,2023-03-24T14:13:00Z,3.64497675491355e-05,0.0008127925390029635,0.000776342771453828,0
2023-03-24T14:12:55Z,2023-03-24T14:13:00Z,4.599633060372221e-05,0.0008327983171277501,0.0007868019865240279,0
2023-03-24T14:12:55Z,2023-03-24T14:13:00Z,4.7345250341983974e-05,0.0008461534670961554,0.0007988082167541714,0
2023-03-24T14:13:55Z,2023-03-24T14:14:00Z,5.273707433368685e-05,0.0008670724365975231,0.0008143353622638362,0
2023-03-24T14:13:55Z,2023-03-24T14:14:00Z,4.3324708946164e-05,0.000873906150021787,0.000830581441075623,0
2023-03-24T14:13:55Z,2023-03-24T14:14:00Z,3.7041743187537796e-05,0.0008857164834613474,0.0008486747402738096,0
2023-03-24T14:13:55Z,2023-03-24T14:14:00Z,3.3497780632892266e-05,0.0008958751318713808,0.0008623773512384885,0
2023-03-24T14:13:55Z,2023-03-24T14:14:00Z,3.07799758775065e-05,0.0009063449992377257,0.0008755650233602192,0
2023-03-24T14:13:55Z,2023-03-24T14:14:00Z,2.8496273146007148e-05,0.0009136621949308455,0.0008851659217848384,0
2023-03-24T14:13:55Z,2023-03-24T14:14:00Z,2.415252551590569e-05,0.0009201313970393902,0.0008959788715234845,0
2023-03-24T14:13:55Z,2023-03-24T14:14:00Z,2.0085946165296267e-05,0.0009253800548452803,0.000905294108679984,0
2023-03-24T14:13:55Z,2023-03-24T14:14:00Z,1.985365116494804e-05,0.0009332331815676019,0.0009133795304026538,0
2023-03-24T14:13:55Z,2023-03-24T14:14:00Z,2.325408312706665e-05,0.0009429786320655719,0.0009197245489385052,0
2023-03-24T14:13:55Z,2023-03-24T14:14:00Z,2.3683215746722933e-05,0.0009499314268974805,0.0009262482111507575,0
2023-03-24T14:13:55Z,2023-03-24T14:14:00Z,1.5734067794157002e-05,0.0009495980239536417,0.0009338639561594847,0
2023-03-24T14:14:55Z,2023-03-24T14:15:00Z,5.618760785724443e-06,0.0009476665076292759,0.0009420477468435514,0
2023-03-24T14:14:55Z,2023-03-24T14:15:00Z,1.0072368099875635e-05,0.000937430326205689,0.0009475026943055647,0
2023-03-24T14:14:55Z,2023-03-24T14:15:00Z,1.6880792660985936e-05,0.00093218452683248,0.0009490653194934659,0
2023-03-24T14:14:55Z,2023-03-24T14:15:00Z,6.675093430944662e-06,0.0009382231924985909,0.0009448982859295356,0
2023-03-24T14:14:55Z,2023-03-24T14:15:00Z,1.7388088172542093e-06,0.000937354978071894,0.0009390937868891482,0
2023-03-24T14:14:55Z,2023-03-24T14:15:00Z,7.744832377232854e-06,0.0009282011828016872,0.0009359460151789201,0
2023-03-24T14:14:55Z,2023-03-24T14:15:00Z,1.211633716663679e-05,0.0009238045619676848,0.0009359208991343216,0
2023-03-24T14:14:55Z,2023-03-24T14:15:00Z,1.788142406762268e-05,0.0009167116937231013,0.000934593117790724,0
2023-03-24T14:14:55Z,2023-03-24T14:15:00Z,2.0032053385993665e-05,0.0009097548542277618,0.0009297869076137555,0
2023-03-24T14:14:55Z,2023-03-24T14:15:00Z,1.8194210249841973e-05,0.0009047116025809824,0.0009229058128308244,0
2023-03-24T14:14:55Z,2023-03-24T14:15:00Z,1.777143064912506e-05,0.0008989856059903909,0.000916757036639516,0
2023-03-24T14:14:55Z,2023-03-24T14:15:00Z,2.007628828270538e-05,0.0008903164285612432,0.0009103927168439486,0
2023-03-24T14:15:55Z,2023-03-24T14:16:00Z,2.0574040032819165e-05,0.0008839099809002258,0.000904484020933045,0
2023-03-24T14:15:55Z,2023-03-24T14:16:00Z,1.1027969013926542e-05,0.0008869765766969457,0.0008980045457108722,0
2023-03-24T14:15:55Z,2023-03-24T14:16:00Z,2.5297863466269485e-06,0.0008885408854706596,0.0008910706718172866,0
2023-03-24T14:15:55Z,2023-03-24T14:16:00Z,9.098331893080212e-07,0.0008879774952421129,0.0008870676620528049,0
2023-03-24T14:15:55Z,2023-03-24T14:16:00Z,9.376141180606336e-06,0.0008958519555365501,0.0008864758143559437,0
2023-03-24T14:15:55Z,2023-03-24T14:16:00Z,1.2379717940016327e-05,0.0009002113704099224,0.0008878316524699061,0
2023-03-24T14:15:55Z,2023-03-24T14:16:00Z,8.123916288742977e-06,0.0008989140283718504,0.0008907901120831075,0
2023-03-24T14:15:55Z,2023-03-24T14:16:00Z,4.953336643735923e-06,0.0008996336103732644,0.0008946802737295284,0
2023-03-24T14:15:55Z,2023-03-24T14:16:00Z,4.834348462506464e-06,0.0009031601332352808,0.0008983257847727744,0
2023-03-24T14:15:55Z,2023-03-24T14:16:00Z,5.138205589213856e-06,0.0009047245419742262,0.0008995863363850124,0
2023-03-24T14:15:55Z,2023-03-24T14:16:00Z,8.553788027158729e-06,0.0009091230453539573,0.0009005692573267986,0
2023-03-24T14:16:55Z,2023-03-24T14:17:00Z,8.598324105213223e-06,0.0009111044192994703,0.0009025060951942571,0
2023-03-24T14:16:55Z,2023-03-24T14:17:00Z,7.4901938699924045e-06,0.0009131594340578139,0.0009056692401878215,0
2023-03-24T14:16:55Z,2023-03-24T14:17:00Z,3.641579516618478e-06,0.0009119589150591698,0.0009083173355425513,0
2023-03-24T14:16:55Z,2023-03-24T14:17:00Z,1.6188172912836056e-05,0.0009273171391499165,0.0009111289662370805,0
2023-03-24T14:16:55Z,2023-03-24T14:17:00Z,7.799165883265197e-06,0.0009198734220220831,0.0009120742561388179,0
2023-03-24T14:16:55Z,2023-03-24T14:17:00Z,8.550027705580198e-06,0.0009089284683833865,0.0009174784960889667,0
2023-03-24T14:16:55Z,2023-03-24T14:17:00Z,2.3245448312758524e-06,0.0009173919472457806,0.0009197164920770564,0
2023-03-24T14:16:55Z,2023-03-24T14:17:00Z,5.213363297705618e-06,0.0009239197064828343,0.0009187063431851287,0
2023-03-24T14:16:55Z,2023-03-24T14:17:00Z,1.037315899525494e-05,0.0009257711048790049,0.00091539794588375,0
2023-03-24T14:16:55Z,2023-03-24T14:17:00Z,2.0033511526353857e-05,0.000936780218897021,0.0009167467073706671,0
2023-03-24T14:16:55Z,2023-03-24T14:17:00Z,1.6470249893432427e-05,0.0009388311694293058,0.0009223609195358733,0
2023-03-24T14:16:55Z,2023-03-24T14:17:00Z,1.4351110144720288e-05,0.0009431747868976736,0.0009288236767529533,0
2023-03-24T14:16:55Z,2023-03-24T14:17:00Z,1.104728203307542e-05,0.0009448414464348527,0.0009337941644017773,0
2023-03-24T14:17:55Z,2023-03-24T14:18:00Z,7.4106525504697264e-06,0.0009470060442918032,0.0009395953917413335,0
2023-03-24T14:17:55Z,2023-03-24T14:18:00Z,3.7680155346915024e-06,0.0009460504831219689,0.0009422824675872774,0
2023-03-24T14:17:55Z,2023-03-24T14:18:00Z,1.1950940773195612e-07,0.0009451269352825084,0.0009450074258747764,0
2023-03-24T14:17:55Z,2023-03-24T14:18:00Z,3.46328748271796e-07,0.0009463123200311467,0.0009459659912828749,0
2023-03-24T14:17:55Z,2023-03-24T14:18:00Z,7.952158587233387e-06,0.0009540133128193268,0.0009460611542320935,0
2023-03-24T14:17:55Z,2023-03-24T14:18:00Z,1.0910293720413702e-05,0.0009567402065322883,0.0009458299128118746,0
2023-03-24T14:17:55Z,2023-03-24T14:18:00Z,1.5474016691445665e-05,0.0009639582060691063,0.0009484841893776607,0
2023-03-24T14:17:55Z,2023-03-24T14:18:00Z,1.6738686258139807e-05,0.0009690939660523938,0.000952355279794254,0
2023-03-24T14:17:55Z,2023-03-24T14:18:00Z,1.6178241683544536e-05,0.0009744154834904517,0.0009582372418069072,0
2023-03-24T14:17:55Z,2023-03-24T14:18:00Z,1.817687516777653e-05,0.000981441001385706,0.0009632641262179295,0
2023-03-24T14:17:55Z,2023-03-24T14:18:00Z,1.7345163160426024e-05,0.00098650104836441,0.000969155885203984,0
2023-03-24T14:17:55Z,2023-03-24T14:18:00Z,1.0903956627797743e-05,0.0009858874402706482,0.0009749834836428505,0
2023-03-24T14:18:55Z,2023-03-24T14:19:00Z,1.2515614326057958e-05,0.0009933014587395804,0.0009807858444135225,0
2023-03-24T14:18:55Z,2023-03-24T14:19:00Z,1.8022919541902608e-05,0.001002632749548824,0.0009846098300069215,0
2023-03-24T14:18:55Z,2023-03-24T14:19:00Z,1.663964733070438e-05,0.0010052029631222505,0.0009885633157915462,0
2023-03-24T14:18:55Z,2023-03-24T14:19:00Z,1.7004939305502887e-05,0.0010109454888251872,0.0009939405495196843,0
2023-03-24T14:18:55Z,2023-03-24T14:19:00Z,1.4956339960681998e-05,0.0010153353970975669,0.0010003790571368849,0
2023-03-24T14:18:55Z,2023-03-24T14:19:00Z,9.574196995159592e-06,0.0010158345974939135,0.0010062604004987539,0
2023-03-24T14:18:55Z,2023-03-24T14:19:00Z,1.3216155558893813e-05,0.0010237107719072286,0.0010104946163483348,0
2023-03-24T14:18:55Z,2023-03-24T14:19:00Z,1.5505409298590973e-05,0.0010295439037708136,0.0010140384944722226,0
2023-03-24T14:18:55Z,2023-03-24T14:19:00Z,1.682833213982409e-05,0.0010351219209727273,0.0010182935888329032,0
2023-03-24T14:18:55Z,2023-03-24T14:19:00Z,1.7416012116344736e-05,0.0010404457698403298,0.001023029757723985,0
2023-03-24T14:18:55Z,2023-03-24T14:19:00Z,1.5025182860061619e-05,0.0010444840484103181,0.0010294588655502565,0
2023-03-24T14:18:55Z,2023-03-24T14:19:00Z,1.3735332843800227e-05,0.0010487725310384239,0.0010350371981946236,0
2023-03-24T14:19:55Z,2023-03-24T14:20:00Z,1.3021859704219485e-05,0.0010530391061120113,0.0010400172464077918,0
2023-03-24T14:19:55Z,2023-03-24T14:20:00Z,5.832975204652377e-06,0.0010504004249676764,0.001044567449763024,0
2023-03-24T14:19:55Z,2023-03-24T14:20:00Z,1.5524898816653317e-06,0.0010503177184019166,0.0010487652285202512,0
2023-03-24T14:19:55Z,2023-03-24T14:20:00Z,3.334301898049114e-06,0.0010474030521413213,0.0010507373540393705,0
2023-03-24T14:19:55Z,2023-03-24T14:20:00Z,1.3358729866793295e-05,0.0010378936866270747,0.001051252416493868,0
2023-03-24T14:19:55Z,2023-03-24T14:20:00Z,2.6035658799823712e-05,0.0010233380730371477,0.0010493737318369714,0
2023-03-24T14:19:55Z,2023-03-24T14:20:00Z,2.3489076831695755e-05,0.0010217157422250749,0.0010452048190567706,0
2023-03-24T14:19:55Z,2023-03-24T14:20:00Z,2.076880774071069e-05,0.0010154427961944705,0.0010362116039351812,0
2023-03-24T14:19:55Z,2023-03-24T14:20:00Z,2.0521493007095775e-05,0.0010071276742893366,0.0010276491672964324,0
2023-03-24T14:19:55Z,2023-03-24T14:20:00Z,1.5040708760335596e-05,0.0010051248283918953,0.0010201655371522309,0
2023-03-24T14:19:55Z,2023-03-24T14:20:00Z,1.746333371720611e-05,0.0009972987371857545,0.0010147620709029606,0
2023-03-24T14:19:55Z,2023-03-24T14:20:00Z,1.383114076948023e-05,0.0009954006255224206,0.0010092317662919008,0
2023-03-24T14:20:55Z,2023-03-24T14:21:00Z,1.721299941068958e-05,0.0009859707472116392,0.0010031837466223288,0
2023-03-24T14:20:55Z,2023-03-24T14:21:00Z,1.81045997277409e-05,0.0009811701306389493,0.0009992747303666902,0
2023-03-24T14:20:55Z,2023-03-24T14:21:00Z,1.6848183393530368e-05,0.0009760418532464076,0.000992890036639938,0
2023-03-24T14:20:55Z,2023-03-24T14:21:00Z,1.1725403777289138e-05,0.0009757884306803805,0.0009875138344576696,0
2023-03-24T14:20:55Z,2023-03-24T14:21:00Z,4.319992893264809e-06,0.0009767409174724004,0.0009810609103656652,0
2023-03-24T14:20:55Z,2023-03-24T14:21:00Z,6.890838715561585e-06,0.0009707759661396843,0.000977666804855246,0
2023-03-24T14:20:55Z,2023-03-24T14:21:00Z,1.0996521251883224e-05,0.000965193879214513,0.0009761904004663962,0
2023-03-24T14:20:55Z,2023-03-24T14:21:00Z,9.975890181518191e-06,0.0009644592145826368,0.000974435104764155,0
2023-03-24T14:20:55Z,2023-03-24T14:21:00Z,1.0812222526359336e-05,0.0009600913650825066,0.0009709035876088659,0
2023-03-24T14:20:55Z,2023-03-24T14:21:00Z,5.3927676608761695e-06,0.0009614169189847352,0.0009668096866456114,0
2023-03-24T14:20:55Z,2023-03-24T14:21:00Z,6.941910576739986e-06,0.0009563062423831454,0.0009632481529598854,0
2023-03-24T14:20:55Z,2023-03-24T14:21:00Z,1.0592924610449425e-05,0.0009513962416061768,0.0009619891662166262,0
2023-03-24T14:21:55Z,2023-03-24T14:22:00Z,7.078946287972666e-06,0.000952192562528823,0.0009592715088167957,0
2023-03-24T14:21:55Z,2023-03-24T14:22:00Z,3.023076470104447e-06,0.0009533500578545813,0.0009563731343246858,0
2023-03-24T14:21:55Z,2023-03-24T14:22:00Z,1.1326899444846165e-06,0.0009521656588948971,0.0009532983488393817,0
2023-03-24T14:21:55Z,2023-03-24T14:22:00Z,9.073940798182264e-07,0.0009514055599167088,0.000952312953996527,0
2023-03-24T14:21:55Z,2023-03-24T14:22:00Z,1.0168250581372128e-06,0.0009535862514842377,0.0009525694264261005,0
2023-03-24T14:21:55Z,2023-03-24T14:22:00Z,9.563571457140915e-06,0.0009618706636792033,0.0009523070922220623,0
2023-03-24T14:21:55Z,2023-03-24T14:22:00Z,1.0747006597369973e-05,0.000963132830029318,0.000952385823431948,0
2023-03-24T14:21:55Z,2023-03-24T14:22:00Z,7.50748279312592e-06,0.0009631283078198425,0.0009556208250267166,0
2023-03-24T14:21:55Z,2023-03-24T14:22:00Z,1.2026970125691744e-05,0.0009715568851899447,0.000959529915064253,0
2023-03-24T14:21:55Z,2023-03-24T14:22:00Z,2.5409507447922332e-06,0.0009601696497646624,0.0009627106005094546,0
2023-03-24T14:21:55Z,2023-03-24T14:22:00Z,3.198008131132966e-06,0.0009627413328819021,0.000965939341013035,0
2023-03-24T14:21:55Z,2023-03-24T14:22:00Z,1.473058893114226e-06,0.0009634785553650357,0.0009649516142581499,0
2023-03-24T14:22:55Z,2023-03-24T14:23:00Z,1.7366589983054811e-06,0.0009630859636138643,0.0009648226226121698,0
2023-03-24T14:22:55Z,2023-03-24T14:23:00Z,1.878796913772681e-07,0.000962317725695244,0.0009621298460038667,0
2023-03-24T14:22:55Z,2023-03-24T14:23:00Z,9.042282355151534e-07,0.0009640061788557825,0.0009631019506202674,0
2023-03-24T14:22:55Z,2023-03-24T14:23:00Z,2.597832984338965e-06,0.0009655585812090536,0.0009629607482247146,0
2023-03-24T14:22:55Z,2023-03-24T14:23:00Z,1.7449436173856475e-06,0.0009613916791042445,0.0009631366227216302,0
2023-03-24T14:22:55Z,2023-03-24T14:23:00Z,1.2015577249499271e-06,0.0009627592708617434,0.0009639608285866933,0
2023-03-24T14:22:55Z,2023-03-24T14:23:00Z,5.867164750258686e-06,0.0009695193111399522,0.0009636521463896935,0
2023-03-24T14:22:55Z,2023-03-24T14:23:00Z,5.498482573317834e-06,0.0009687349929649983,0.0009632365103916804,0
2023-03-24T14:22:55Z,2023-03-24T14:23:00Z,1.4050789468051522e-06,0.0009631516747551748,0.0009645567537019799,0
2023-03-24T14:22:55Z,2023-03-24T14:23:00Z,7.02661183213534e-06,0.0009599779131567625,0.0009670045249888979,0
2023-03-24T14:22:55Z,2023-03-24T14:23:00Z,3.5314376655218565e-06,0.0009636038886211865,0.0009671353262867083,0
2023-03-24T14:23:55Z,2023-03-24T14:24:00Z,6.624227919895843e-07,0.0009646172830843014,0.0009639548602923118,0
2023-03-24T14:23:55Z,2023-03-24T14:24:00Z,5.826280621117714e-06,0.0009680707727988257,0.000962244492177708,0
2023-03-24T14:23:55Z,2023-03-24T14:24:00Z,4.078049517742687e-06,0.0009668110778051594,0.0009627330282874167,0
2023-03-24T14:23:55Z,2023-03-24T14:24:00Z,4.470484474903571e-06,0.0009699011326430081,0.0009654306481681046,0
2023-03-24T14:23:55Z,2023-03-24T14:24:00Z,6.422584492429568e-06,0.0009729222957218585,0.000966499711229429,0
2023-03-24T14:23:55Z,2023-03-24T14:24:00Z,6.295877133539107e-06,0.0009745568715492035,0.0009682609944156644,0
2023-03-24T14:23:55Z,2023-03-24T14:24:00Z,3.752900345962919e-06,0.0009736310690693049,0.000969878168723342,0
2023-03-24T14:23:55Z,2023-03-24T14:24:00Z,2.2946936741291123e-07,0.0009726895693387697,0.0009724600999713568,0
2023-03-24T14:23:55Z,2023-03-24T14:24:00Z,4.608826940194618e-06,0.0009783122390536502,0.0009737034121134556,0
2023-03-24T14:23:55Z,2023-03-24T14:24:00Z,9.131032627203786e-07,0.0009745389399151465,0.0009736258366524261,0
2023-03-24T14:23:55Z,2023-03-24T14:24:00Z,2.3887087268835384e-05,0.0009987647130894103,0.0009748776258205749,0
2023-03-24T14:23:55Z,2023-03-24T14:24:00Z,2.2220329223786024e-05,0.0009974005786596415,0.0009751802494358555,0
2023-03-24T14:24:55Z,2023-03-24T14:25:00Z,1.7415504534343566e-05,0.001001287468553746,0.0009838719640194024,0
2023-03-24T14:24:55Z,2023-03-24T14:25:00Z,8.540574242398664e-06,0.0009987753181304648,0.0009902347438880662,0
2023-03-24T14:24:55Z,2023-03-24T14:25:00Z,5.204393879923008e-07,0.000999671359488925,0.0009991509201009326,0
2023-03-24T14:24:55Z,2023-03-24T14:25:00Z,3.3365783961676002e-06,0.0009958178767184498,0.0009991544551146174,0
2023-03-24T14:24:55Z,2023-03-24T14:25:00Z,1.2825908605719255e-05,0.0009870854734519926,0.0009999113820577119,0
2023-03-24T14:24:55Z,2023-03-24T14:25:00Z,1.6016966140255896e-05,0.000982071218639024,0.0009980881847792798,0
2023-03-24T14:24:55Z,2023-03-24T14:25:00Z,1.2808850850845946e-05,0.0009813827190356097,0.0009941915698864557,0
2023-03-24T14:24:55Z,2023-03-24T14:25:00Z,1.1253417424427837e-05,0.0009770714388453942,0.000988324856269822,0
2023-03-24T14:24:55Z,2023-03-24T14:25:00Z,7.525807437455201e-06,0.0009759873296047534,0.0009835131370422086,0
2023-03-24T14:24:55Z,2023-03-24T14:25:00Z,1.5749263312114532e-06,0.0009786001991754646,0.000980175125506676,0
2023-03-24T14:24:55Z,2023-03-24T14:25:00Z,1.712872689516639e-07,0.0009779758752263008,0.0009781471624952525,0
2023-03-24T14:24:55Z,2023-03-24T14:25:00Z,8.264707801464914e-06,0.0009689549480737392,0.000977219655875204,0
2023-03-24T14:24:55Z,2023-03-24T14:25:00Z,2.634454778903373e-05,0.000951176586879806,0.0009775211346688397,0
2023-03-24T14:25:55Z,2023-03-24T14:26:00Z,2.709477968966935e-05,0.0009480822278021654,0.0009751770074918348,0
2023-03-24T14:25:55Z,2023-03-24T14:26:00Z,1.9141004446831113e-05,0.000946894798946451,0.0009660358033932821,0
2023-03-24T14:25:55Z,2023-03-24T14:26:00Z,7.3543475975104515e-06,0.0009487169066543931,0.0009560712542519036,0
2023-03-24T14:25:55Z,2023-03-24T14:26:00Z,1.0897842199162353e-06,0.0009498076554293904,0.0009487178712094742,0
2023-03-24T14:25:55Z,2023-03-24T14:26:00Z,2.773259320159715e-06,0.0009506712371211628,0.0009478979778010031,0
2023-03-24T14:25:55Z,2023-03-24T14:26:00Z,2.4275127111173184e-06,0.0009509006330545288,0.0009484731203434115,0
2023-03-24T14:25:55Z,2023-03-24T14:26:00Z,4.348967194608413e-07,0.0009492970363488546,0.0009497319330683154,0
2023-03-24T14:25:55Z,2023-03-24T14:26:00Z,4.638828398131727e-06,0.0009458210134702288,0.0009504598418683606,0
2023-03-24T14:25:55Z,2023-03-24T14:26:00Z,1.8298781887654807e-06,0.0009484597573194166,0.0009502896355081821,0
2023-03-24T14:25:55Z,2023-03-24T14:26:00Z,1.918822040416048e-06,0.0009505917163316202,0.0009486728942912041,0
2023-03-24T14:25:55Z,2023-03-24T14:26:00Z,3.6967187972434873e-06,0.0009515559878434101,0.0009478592690461666,0
2023-03-24T14:25:55Z,2023-03-24T14:26:00Z,1.8862482755723983e-07,0.0009484794538679791,0.0009482908290404219,0
2023-03-24T14:26:55Z,2023-03-24T14:27:00Z,1.2908062808073472e-06,0.000951493293445623,0.0009502024871648157,0
2023-03-24T14:26:55Z,2023-03-24T14:27:00Z,2.138276824578721e-06,0.0009523473295055819,0.0009502090526810032,0
2023-03-24T14:26:55Z,2023-03-24T14:27:00Z,2.5908530213935525e-06,0.0009531004314070644,0.0009505095783856708,0
2023-03-24T14:26:55Z,2023-03-24T14:27:00Z,6.903031893363545e-06,0.0009576763908330916,0.000950773358939728,0
2023-03-24T14:26:55Z,2023-03-24T14:27:00Z,7.942731481344503e-06,0.0009602564162674342,0.0009523136847860897,0
2023-03-24T14:26:55Z,2023-03-24T14:27:00Z,5.9784664310110185e-06,0.0009603531836795903,0.0009543747172485792,0
2023-03-24T14:26:55Z,2023-03-24T14:27:00Z,3.3312620235539762e-06,0.0009603423415260841,0.0009570110795025301,0
2023-03-24T14:26:55Z,2023-03-24T14:27:00Z,8.662498477832788e-07,0.0009602949134411553,0.000959428663593372,0
2023-03-24T14:26:55Z,2023-03-24T14:27:00Z,2.236894211753008e-06,0.0009580804196126166,0.0009603173138243696,0
2023-03-24T14:26:55Z,2023-03-24T14:27:00Z,1.091524415948778e-05,0.0009494149020561222,0.00096033014621561,0
2023-03-24T14:26:55Z,2023-03-24T14:27:00Z,8.499670616122774e-06,0.0009510728875771624,0.0009595725581932852,0
2023-03-24T14:26:55Z,2023-03-24T14:27:00Z,9.777461541572523e-06,0.0009657075399115372,0.0009559300783699647,0
2023-03-24T14:27:55Z,2023-03-24T14:28:00Z,1.7064066060570003e-05,0.0009699201358092038,0.0009528560697486338,0
2023-03-24T14:27:55Z,2023-03-24T14:28:00Z,1.837927904625638e-05,0.0009737777222278638,0.0009553984431816074,0
2023-03-24T14:27:55Z,2023-03-24T14:28:00Z,1.5768271441175515e-05,0.0009780017925404766,0.0009622335210993011,0
2023-03-24T14:27:55Z,2023-03-24T14:28:00Z,5.444374112887436e-06,0.000975246173429089,0.0009698017993162016,0
2023-03-24T14:27:55Z,2023-03-24T14:28:00Z,4.81994196358795e-07,0.0009734178893294891,0.0009738998835258479,0
2023-03-24T14:27:55Z,2023-03-24T14:28:00Z,5.03757321019269e-08,0.000975725605131245,0.0009756752293991431,0
2023-03-24T14:27:55Z,2023-03-24T14:28:00Z,4.676449054469181e-06,0.0009802317341541542,0.000975555285099685,0
2023-03-24T14:27:55Z,2023-03-24T14:28:00Z,1.145562283924996e-05,0.0009862521788025244,0.0009747965559632744,0
2023-03-24T14:27:55Z,2023-03-24T14:28:00Z,1.6892821698438797e-05,0.0009933512312367348,0.000976458409538296,0
2023-03-24T14:27:55Z,2023-03-24T14:28:00Z,4.973977598794798e-06,0.0009857104836281027,0.000980736506029308,0
2023-03-24T14:27:55Z,2023-03-24T14:28:00Z,6.976721667615107e-09,0.0009866186914528055,0.0009866117147311379,0
2023-03-24T14:27:55Z,2023-03-24T14:28:00Z,2.1041885351507673e-06,0.0009905421530909382,0.0009884379645557875,0
2023-03-24T14:28:55Z,2023-03-24T14:29:00Z,7.3060441991856535e-06,0.0009958661796383998,0.0009885601354392142,0
2023-03-24T14:28:55Z,2023-03-24T14:29:00Z,1.4624505403522826e-05,0.0010022482814608048,0.000987623776057282,0
2023-03-24T14:28:55Z,2023-03-24T14:29:00Z,1.7120114582184045e-05,0.0010081291226428984,0.0009910090080607144,0
2023-03-24T14:28:55Z,2023-03-24T14:29:00Z,1.3485096721253115e-05,0.0010097039681179676,0.0009962188713967144,0
2023-03-24T14:28:55Z,2023-03-24T14:29:00Z,7.526753124222161e-06,0.001009607947704923,0.0010020811945807009,0
2023-03-24T14:28:55Z,2023-03-24T14:29:00Z,8.54262607712401e-06,0.001015236416817681,0.001006693790740557,0
2023-03-24T14:28:55Z,2023-03-24T14:29:00Z,1.3627321656717968e-05,0.0010227743344786476,0.0010091470128219297,0
2023-03-24T14:28:55Z,2023-03-24T14:29:00Z,1.4743592522989228e-05,0.00102625970340318,0.0010115161108801907,0
2023-03-24T14:28:55Z,2023-03-24T14:29:00Z,1.2079952468708414e-05,0.0010279528521357922,0.0010158728996670838,0
2023-03-24T14:28:55Z,2023-03-24T14:29:00Z,1.2523674641819367e-05,0.0010339471595416556,0.0010214234848998362,0
2023-03-24T14:28:55Z,2023-03-24T14:29:00Z,3.1945408182662387e-06,0.0010288568374908062,0.00102566229667254,0
2023-03-24T14:28:55Z,2023-03-24T14:29:00Z,6.699783875622383e-06,0.001036086355569165,0.0010293865716935425,0
2023-03-24T14:29:55Z,2023-03-24T14:30:00Z,4.727223819665435e-06,0.00103497950687575,0.0010302522830560846,0
2023-03-24T14:29:55Z,2023-03-24T14:30:00Z,5.14407177337273e-07,0.0010324490436898716,0.0010329634508672088,0
2023-03-24T14:29:55Z,2023-03-24T14:30:00Z,3.116402277493057e-07,0.0010336192068729896,0.0010333075666452403,0
2023-03-24T14:29:55Z,2023-03-24T14:30:00Z,1.3562445461542602e-06,0.0010331487241654412,0.0010345049687115954,0
2023-03-24T14:29:55Z,2023-03-24T14:30:00Z,3.6460548118138862e-06,0.0010373286406246843,0.0010336825858128704,0
2023-03-24T14:29:55Z,2023-03-24T14:30:00Z,7.570813293256238e-06,0.0010406431382026903,0.001033072324909434,0
2023-03-24T14:29:55Z,2023-03-24T14:30:00Z,6.567875628776809e-07,0.001035355644783916,0.0010346988572210384,0
2023-03-24T14:29:55Z,2023-03-24T14:30:00Z,1.1164682374749293e-05,0.0010258754852895226,0.001037040167664272,0
2023-03-24T14:29:55Z,2023-03-24T14:30:00Z,2.124390293059054e-05,0.0010165319049398398,0.0010377758078704304,0
2023-03-24T14:29:55Z,2023-03-24T14:30:00Z,2.1517967281593992e-05,0.0010124401221437824,0.0010339580894253764,0
2023-03-24T14:29:55Z,2023-03-24T14:30:00Z,1.9390871250648438e-05,0.0010065301404204444,0.0010259210116710929,0
2023-03-24T14:29:55Z,2023-03-24T14:30:00Z,1.5136805801763218e-05,0.0010031456983226183,0.0010182825041243815,0
2023-03-24T14:30:55Z,2023-03-24T14:31:00Z,5.896817830154102e-06,0.0010059372380045349,0.001011834055834689,0
2023-03-24T14:30:55Z,2023-03-24T14:31:00Z,2.1501048855145782e-06,0.001005221882076767,0.0010073719869622816,0
2023-03-24T14:30:55Z,2023-03-24T14:31:00Z,6.679464191982915e-06,0.0009985248947238829,0.0010052043589158658,0
2023-03-24T14:30:55Z,2023-03-24T14:31:00Z,5.260417856528445e-06,0.0009995078549447781,0.0010047682728013066,0
2023-03-24T14:30:55Z,2023-03-24T14:31:00Z,8.753095552803966e-06,0.0009944749093822576,0.0010032280049350616,0
2023-03-24T14:30:55Z,2023-03-24T14:31:00Z,6.9874713569543015e-06,0.0009940974058915218,0.001001084877248476,0
2023-03-24T14:30:55Z,2023-03-24T14:31:00Z,2.813265309767809e-06,0.0009946892877072048,0.0009975025530169726,0
2023-03-24T14:30:55Z,2023-03-24T14:31:00Z,3.936386443837607e-06,0.0009920903369623484,0.000996026723406186,0
2023-03-24T14:30:55Z,2023-03-24T14:31:00Z,2.4055325839496267e-06,0.0009920150017430451,0.0009944205343269947,0
2023-03-24T14:30:55Z,2023-03-24T14:31:00Z,5.023045179018129e-06,0.0009886026316746734,0.0009936256768536915,0
2023-03-24T14:30:55Z,2023-03-24T14:31:00Z,1.0373337017690817e-06,0.000993968875839302,0.0009929315421375328,0
2023-03-24T14:30:55Z,2023-03-24T14:31:00Z,3.859888240281828e-08,0.0009909412556757585,0.0009909026567933557,0
2023-03-24T14:31:55Z,2023-03-24T14:32:00Z,4.606642361761103e-06,0.0009869221940572459,0.000991528836419007,0
2023-03-24T14:31:55Z,2023-03-24T14:32:00Z,8.107565743341316e-06,0.0009830633553199032,0.0009911709210632445,0
2023-03-24T14:31:55Z,2023-03-24T14:32:00Z,7.65936613700822e-06,0.0009829514090537606,0.0009906107751907688,0
2023-03-24T14:31:55Z,2023-03-24T14:32:00Z,6.777647199678093e-06,0.0009801979544846243,0.0009869756016843024,0
2023-03-24T14:31:55Z,2023-03-24T14:32:00Z,3.256427654194918e-06,0.0009810558918227751,0.00098431231947697,0
2023-03-24T14:31:55Z,2023-03-24T14:32:00Z,2.3458292896744257e-06,0.0009844167355757705,0.0009820709062860961,0
2023-03-24T14:31:55Z,2023-03-24T14:32:00Z,2.314063123089226e-06,0.0009837158149101426,0.0009814017517870534,0
2023-03-24T14:31:55Z,2023-03-24T14:32:00Z,7.880467092612458e-06,0.0009897706610536691,0.0009818901939610567,0
2023-03-24T14:31:55Z,2023-03-24T14:32:00Z,6.575469661471807e-06,0.0009896382837643678,0.000983062814102896,0
2023-03-24T14:31:55Z,2023-03-24T14:32:00Z,3.0842717132005364e-06,0.0009890520088930612,0.0009859677371798607,0
2023-03-24T14:31:55Z,2023-03-24T14:32:00Z,4.982364820271378e-07,0.0009872100167606995,0.0009877082532427266,0
2023-03-24T14:31:55Z,2023-03-24T14:32:00Z,3.5131671671092754e-06,0.0009930001517374752,0.000989486984570366,0
2023-03-24T14:32:55Z,2023-03-24T14:33:00Z,1.4454940579209687e-06,0.0009900789305306306,0.0009886334364727096,0
2023-03-24T14:32:55Z,2023-03-24T14:33:00Z,5.679412835963519e-06,0.0009840746462944484,0.000989754059130412,0
2023-03-24T14:32:55Z,2023-03-24T14:33:00Z,4.710243532477388e-06,0.0009853861228104578,0.0009900963663429351,0
2023-03-24T14:32:55Z,2023-03-24T14:33:00Z,1.018262090113917e-06,0.0009900695049442987,0.0009890512428541848,0
2023-03-24T14:32:55Z,2023-03-24T14:33:00Z,9.269863905268403e-06,0.000995783097117114,0.0009865132332118455,0
2023-03-24T14:32:55Z,2023-03-24T14:33:00Z,9.46581346561253e-06,0.0009959759048153475,0.000986510091349735,0
2023-03-24T14:32:55Z,2023-03-24T14:33:00Z,5.3519576874634135e-06,0.0009957648659780869,0.0009904129082906235,0
2023-03-24T14:32:55Z,2023-03-24T14:33:00Z,2.088483122766969e-06,0.0009960313187483535,0.0009939428356255866,0
2023-03-24T14:32:55Z,2023-03-24T14:33:00Z,2.685340017244929e-06,0.000993155949286271,0.000995841289303516,0
2023-03-24T14:32:55Z,2023-03-24T14:33:00Z,3.2362571936454983e-06,0.000999160287040908,0.0009959240298472625,0
2023-03-24T14:32:55Z,2023-03-24T14:33:00Z,8.095907837639329e-06,0.0010030799525085432,0.0009949840446709039,0
2023-03-24T14:32:55Z,2023-03-24T14:33:00Z,1.81634771532302e-05,0.0010142793288450745,0.0009961158516918443,0
2023-03-24T14:33:55Z,2023-03-24T14:34:00Z,1.4135931023393769e-05,0.0010126013273019678,0.000998465396278574,0
2023-03-24T14:33:55Z,2023-03-24T14:34:00Z,1.9179170672249364e-05,0.0010246856934704245,0.0010055065227981752,0
2023-03-24T14:33:55Z,2023-03-24T14:34:00Z,1.561664910311694e-05,0.0010256035186549787,0.0010099868695518618,0
2023-03-24T14:33:55Z,2023-03-24T14:34:00Z,9.769311216872552e-06,0.0010269580944226946,0.001017188783205822,0
2023-03-24T14:33:55Z,2023-03-24T14:34:00Z,7.168076560101679e-06,0.0010281315897025585,0.0010209635131424569,0
2023-03-24T14:33:55Z,2023-03-24T14:34:00Z,7.285262054922571e-06,0.001033034364237622,0.0010257491021826994,0
2023-03-24T14:33:55Z,2023-03-24T14:34:00Z,8.012860961516006e-06,0.0010349105952215931,0.0010268977342600771,0
2023-03-24T14:33:55Z,2023-03-24T14:34:00Z,1.4802048305732418e-05,0.0010441767310933577,0.0010293746827876253,0
2023-03-24T14:33:55Z,2023-03-24T14:34:00Z,6.479032190250889e-06,0.001038504548577509,0.001032025516387258,0
2023-03-24T14:33:55Z,2023-03-24T14:34:00Z,3.1209563919052438e-06,0.0010342529404589523,0.0010373738968508575,0
2023-03-24T14:33:55Z,2023-03-24T14:34:00Z,1.2185065847621687e-05,0.0010270122257831982,0.00103919729163082,0
2023-03-24T14:33:55Z,2023-03-24T14:34:00Z,1.1894893381470288e-05,0.001027083179995136,0.0010389780733766063,0
2023-03-24T14:34:55Z,2023-03-24T14:35:00Z,2.500952414310944e-06,0.0010307556191922424,0.0010332565716065533,0
2023-03-24T14:34:55Z,2023-03-24T14:35:00Z,4.229412434218847e-07,0.001029872389989184,0.0010294494487457621,0
2023-03-24T14:34:55Z,2023-03-24T14:35:00Z,3.242355603665526e-06,0.0010315260305938576,0.001028283674990192,0
2023-03-24T14:34:55Z,2023-03-24T14:35:00Z,1.6935475401565377e-06,0.0010275435155186975,0.001029237063058854,0
2023-03-24T14:34:55Z,2023-03-24T14:35:00Z,1.2970634330786851e-05,0.0010177473789276413,0.0010307180132584281,0
2023-03-24T14:34:55Z,2023-03-24T14:35:00Z,1.2600008535406304e-05,0.0010170473034985068,0.001029647312033913,0
2023-03-24T14:34:55Z,2023-03-24T14:35:00Z,7.933069986214639e-06,0.0010176725716938507,0.0010256056416800654,0
2023-03-24T14:34:55Z,2023-03-24T14:35:00Z,1.0569578966076673e-06,0.001019722441418341,0.0010207793993149486,0
2023-03-24T14:34:55Z,2023-03-24T14:35:00Z,4.882379617586821e-07,0.0010170008467449076,0.0010174890847066663,0
2023-03-24T14:34:55Z,2023-03-24T14:35:00Z,5.985619448805419e-06,0.0010121618194214275,0.001018147438870233,0
2023-03-24T14:34:55Z,2023-03-24T14:35:00Z,1.1204819831351362e-05,0.0010069271334543484,0.0010181319532856998,0
2023-03-24T14:34:55Z,2023-03-24T14:35:00Z,2.1349766293379162e-05,0.0009949452695681795,0.0010162950358615587,0
2023-03-24T14:35:55Z,2023-03-24T14:36:00Z,1.2137156109621496e-05,0.000999892777097273,0.0010120299332068946,0
2023-03-24T14:35:55Z,2023-03-24T14:36:00Z,1.0462373354160016e-05,0.0009942157007938252,0.0010046780741479852,0
2023-03-24T14:35:55Z,2023-03-24T14:36:00Z,4.3927236318954885e-06,0.0009961956697413716,0.001000588393373267,0
2023-03-24T14:35:55Z,2023-03-24T14:36:00Z,3.5137108434848963e-06,0.0009928375383096077,0.0009963512491530926,0
2023-03-24T14:35:55Z,2023-03-24T14:36:00Z,1.2743165086667166e-05,0.000984024884124156,0.0009967680492108232,0
2023-03-24T14:35:55Z,2023-03-24T14:36:00Z,1.670600142136998e-05,0.0009777103015268982,0.0009944163029482682,0
2023-03-24T14:35:55Z,2023-03-24T14:36:00Z,1.64806473229417e-05,0.0009745387167354367,0.0009910193640583784,0
2023-03-24T14:35:55Z,2023-03-24T14:36:00Z,1.9259019410989946e-05,0.000965598555242564,0.000984857574653554,0
2023-03-24T14:35:55Z,2023-03-24T14:36:00Z,1.1353819435628589e-05,0.0009674041480265352,0.0009787579674621638,0
2023-03-24T14:35:55Z,2023-03-24T14:36:00Z,4.123574121274801e-06,0.000976739431956241,0.0009726158578349663,0
2023-03-24T14:35:55Z,2023-03-24T14:36:00Z,1.0153356952677427e-05,0.0009793338302875227,0.0009691804733348453,0
2023-03-24T14:36:55Z,2023-03-24T14:37:00Z,1.2980686638005027e-05,0.0009828947317131185,0.0009699140450751135,0
2023-03-24T14:36:55Z,2023-03-24T14:37:00Z,1.004591868758052e-05,0.0009845383887776803,0.0009744924700900997,0
2023-03-24T14:36:55Z,2023-03-24T14:37:00Z,8.781191506554778e-06,0.0009884371894921824,0.0009796559979856276,0
2023-03-24T14:36:55Z,2023-03-24T14:37:00Z,7.1551005503993955e-06,0.00098941075080984,0.0009822556502594405,0
2023-03-24T14:36:55Z,2023-03-24T14:37:00Z,2.558537668186393e-06,0.0009878486409958468,0.0009852901033276604,0
2023-03-24T14:36:55Z,2023-03-24T14:37:00Z,9.650372028359878e-07,0.0009884271468960702,0.0009874621096932342,0
2023-03-24T14:36:55Z,2023-03-24T14:37:00Z,7.995340457107392e-06,0.0009965608675563972,0.0009885655270992898,0
2023-03-24T14:36:55Z,2023-03-24T14:37:00Z,9.308460522567535e-06,0.00099787064008982,0.0009885621795672525,0
2023-03-24T14:36:55Z,2023-03-24T14:37:00Z,4.035143736965145e-06,0.00099498069555307,0.0009909455518161048,0
2023-03-24T14:36:55Z,2023-03-24T14:37:00Z,1.165183400143508e-05,0.0010059380521821974,0.0009942862181807623,0
2023-03-24T14:36:55Z,2023-03-24T14:37:00Z,1.2207768110184588e-05,0.001008678502509947,0.0009964707343997623,0
2023-03-24T14:36:55Z,2023-03-24T14:37:00Z,1.4493363824801854e-05,0.0010140898264331642,0.0009995964626083624,0
2023-03-24T14:36:55Z,2023-03-24T14:37:00Z,1.607203847124334e-05,0.0010192711218863148,0.0010031990834150715,0
2023-03-24T14:37:55Z,2023-03-24T14:38:00Z,6.358789641574929e-06,0.0010159275833500111,0.0010095687937084362,0
2023-03-24T14:37:55Z,2023-03-24T14:38:00Z,4.643738007833152e-06,0.0010186568882843085,0.0010140131502764753,0
2023-03-24T14:37:55Z,2023-03-24T14:38:00Z,8.041849551252995e-06,0.0010244713601077497,0.0010164295105564967,0
2023-03-24T14:37:55Z,2023-03-24T14:38:00Z,6.697097554843497e-06,0.0010246489620617217,0.0010179518645068782,0
2023-03-24T14:37:55Z,2023-03-24T14:38:00Z,1.0432199268001511e-05,0.0010301174765153579,0.0010196852772473564,0
2023-03-24T14:37:55Z,2023-03-24T14:38:00Z,1.2817989355896073e-05,0.0010354103928404894,0.0010225924034845933,0
2023-03-24T14:37:55Z,2023-03-24T14:38:00Z,6.089510920318777e-06,0.0010325021104819285,0.0010264125995616098,0
2023-03-24T14:37:55Z,2023-03-24T14:38:00Z,5.362457248142853e-06,0.0010354214010539992,0.0010300589438058563,0
2023-03-24T14:37:55Z,2023-03-24T14:38:00Z,1.4439369823522272e-06,0.0010341205969282773,0.0010326766599459251,0
2023-03-24T14:37:55Z,2023-03-24T14:38:00Z,5.255519241768305e-06,0.0010397001540339073,0.001034444634792139,0
2023-03-24T14:37:55Z,2023-03-24T14:38:00Z,6.0878118903773e-06,0.0010401025147117788,0.0010340147028214015,0
2023-03-24T14:37:55Z,2023-03-24T14:38:00Z,5.0793512635933635e-06,0.0010313346994084678,0.0010364140506720612,0
2023-03-24T14:38:55Z,2023-03-24T14:39:00Z,2.3736974860584514e-06,0.0010356007244052626,0.001037974421891321,0
2023-03-24T14:38:55Z,2023-03-24T14:39:00Z,3.584286294372376e-06,0.0010406300756790902,0.0010370457893847179,0
2023-03-24T14:38:55Z,2023-03-24T14:39:00Z,2.159009768523939e-06,0.0010335203030733123,0.0010356793128418363,0
2023-03-24T14:38:55Z,2023-03-24T14:39:00Z,3.081769264081302e-06,0.0010327733972335257,0.001035855166497607,0
2023-03-24T14:38:55Z,2023-03-24T14:39:00Z,5.072401095429068e-06,0.0010315112999571261,0.0010365837010525552,0
2023-03-24T14:38:55Z,2023-03-24T14:39:00Z,5.30072492096567e-06,0.0010303405337410104,0.001035641258661976,0
2023-03-24T14:38:55Z,2023-03-24T14:39:00Z,1.3391911125454348e-06,0.0010339408578672001,0.0010326016667546547,0
2023-03-24T14:38:55Z,2023-03-24T14:39:00Z,2.0929538534679784e-06,0.0010336346974973555,0.0010315417436438875,0
2023-03-24T14:38:55Z,2023-03-24T14:39:00Z,4.3304798886677383e-07,0.0010314978491995789,0.0010319308971884456,0
2023-03-24T14:38:55Z,2023-03-24T14:39:00Z,2.0928773463635073e-06,0.0010347315737148854,0.0010326386963685219,0
2023-03-24T14:38:55Z,2023-03-24T14:39:00Z,2.4341678807413697e-07,0.0010332678849761191,0.001033024468188045,0
2023-03-24T14:39:55Z,2023-03-24T14:40:00Z,9.287264644860897e-07,0.001032359313672787,0.001033288040137273,0
2023-03-24T14:39:55Z,2023-03-24T14:40:00Z,2.037320973324614e-07,0.0010333695013941937,0.0010331657692968612,0
2023-03-24T14:39:55Z,2023-03-24T14:40:00Z,1.122063911197812e-05,0.0010222322850092858,0.001033452924121264,0
2023-03-24T14:39:55Z,2023-03-24T14:40:00Z,1.3508686121544095e-05,0.0010194902138928224,0.0010329989000143665,0
2023-03-24T14:39:55Z,2023-03-24T14:40:00Z,1.0046858245756681e-05,0.0010192735084463321,0.0010293203666920888,0
2023-03-24T14:39:55Z,2023-03-24T14:40:00Z,3.476564612150306e-06,0.0010215541021532837,0.001025030666765434,0
2023-03-24T14:39:55Z,2023-03-24T14:40:00Z,1.154300913563987e-05,0.0010087889933138403,0.0010203320024494802,0
2023-03-24T14:39:55Z,2023-03-24T14:40:00Z,1.713604186839206e-05,0.0010029698996290874,0.0010201059414974795,0
2023-03-24T14:39:55Z,2023-03-24T14:40:00Z,1.1331811438915684e-05,0.0010052070565322365,0.0010165388679711522,0
2023-03-24T14:39:55Z,2023-03-24T14:40:00Z,5.565939262026356e-06,0.001005538392436711,0.0010111043316987374,0
2023-03-24T14:39:55Z,2023-03-24T14:40:00Z,4.439305389158802e-06,0.0010012160111025625,0.0010056553164917213,0
2023-03-24T14:39:55Z,2023-03-24T14:40:00Z,2.5592131038623157e-06,0.001007130995969874,0.0010045717828660117,0
2023-03-24T14:39:55Z,2023-03-24T14:40:00Z,8.067649015461656e-06,0.0010120548023726317,0.00100398715335717,0
2023-03-24T14:40:55Z,2023-03-24T14:41:00Z,3.380172467270159e-06,0.0010080086389703193,0.0010046284665030491,0
2023-03-24T14:40:55Z,2023-03-24T14:41:00Z,7.363182851604765e-07,0.0010060642848631956,0.001006800603148356,0
2023-03-24T14:40:55Z,2023-03-24T14:41:00Z,3.945981994226376e-07,0.0010086702142381857,0.0010090648124376083,0
2023-03-24T14:40:55Z,2023-03-24T14:41:00Z,1.0088018553627495e-07,0.0010088101222542518,0.0010087092420687155,0
2023-03-24T14:40:55Z,2023-03-24T14:41:00Z,2.7953517973879766e-07,0.0010073015108441614,0.0010075810460239002,0
2023-03-24T14:40:55Z,2023-03-24T14:41:00Z,5.720369424806575e-07,0.001008420244061025,0.0010078482071185443,0
2023-03-24T14:40:55Z,2023-03-24T14:41:00Z,2.1481945073973784e-06,0.001006112421271469,0.0010082606157788665,0
2023-03-24T14:40:55Z,2023-03-24T14:41:00Z,2.696980207284646e-06,0.0010108742725937641,0.0010081772923864795,0
2023-03-24T14:40:55Z,2023-03-24T14:41:00Z,6.198537943515048e-08,0.0010072160733461167,0.0010072780587255519,0
2023-03-24T14:40:55Z,2023-03-24T14:41:00Z,4.880296798331863e-06,0.001003588682510421,0.0010084689793087528,0
2023-03-24T14:40:55Z,2023-03-24T14:41:00Z,7.830137366289036e-06,0.001000237451704161,0.00100806758907045,0
2023-03-24T14:40:55Z,2023-03-24T14:41:00Z,1.2144296698551101e-05,0.0009950820461182162,0.0010072263428167673,0
2023-03-24T14:41:55Z,2023-03-24T14:42:00Z,1.065751036408288e-05,0.0009930232254894834,0.0010036807358535663,0
2023-03-24T14:41:55Z,2023-03-24T14:42:00Z,3.8137147608107314e-06,0.000995822345350122,0.0009996360601109327,0
2023-03-24T14:41:55Z,2023-03-24T14:42:00Z,1.7334715550535416e-06,0.0009943807695489,0.0009961142411039536,0
2023-03-24T14:41:55Z,2023-03-24T14:42:00Z,5.833046403730478e-06,0.001000475585389671,0.0009946425389859405,0
2023-03-24T14:41:55Z,2023-03-24T14:42:00Z,5.831072513481743e-06,0.0010002398526429833,0.0009944087801295016,0
2023-03-24T14:41:55Z,2023-03-24T14:42:00Z,7.539243362431969e-06,0.001004432143458663,0.000996892900096231,0
2023-03-24T14:41:55Z,2023-03-24T14:42:00Z,1.638638149640539e-05,0.0010147517840235901,0.0009983654025271847,0
2023-03-24T14:41:55Z,2023-03-24T14:42:00Z,6.7545124829422425e-06,0.0010084703729800481,0.0010017158604971059,0
2023-03-24T14:41:55Z,2023-03-24T14:42:00Z,1.9336718564695165e-06,0.0010084082652315482,0.0010064745933750787,0
2023-03-24T14:41:55Z,2023-03-24T14:42:00Z,6.678716796622471e-06,0.0010158968169507229,0.0010092181001541004,0
2023-03-24T14:41:55Z,2023-03-24T14:42:00Z,3.0955163019842896e-06,0.0010136389903803798,0.0010105434740783955,0
2023-03-24T14:42:55Z,2023-03-24T14:43:00Z,5.446905590227903e-06,0.001016372057311001,0.001010925151720773,0
2023-03-24T14:42:55Z,2023-03-24T14:43:00Z,2.0248309579333143e-07,0.0010128505072833436,0.0010126480241875503,0
2023-03-24T14:42:55Z,2023-03-24T14:43:00Z,5.214170446554136e-06,0.001010088451100814,0.001015302621547368,0
2023-03-24T14:42:55Z,2023-03-24T14:43:00Z,7.89308000083205e-06,0.0010063941049907427,0.0010142871849915748,0
2023-03-24T14:42:55Z,2023-03-24T14:43:00Z,1.1567714207379306e-05,0.0010015359576910068,0.0010131036718983861,0
2023-03-24T14:42:55Z,2023-03-24T14:43:00Z,1.052198889346526e-05,0.0009992556988981682,0.0010097776877916334,0
2023-03-24T14:42:55Z,2023-03-24T14:43:00Z,2.514941401681337e-06,0.0010034912298591732,0.0010060061712608545,0
2023-03-24T14:42:55Z,2023-03-24T14:43:00Z,2.1062426226075345e-06,0.00100450149648258,0.0010023952538599724,0
2023-03-24T14:42:55Z,2023-03-24T14:43:00Z,5.527736526357227e-06,0.000995899892289759,0.0010014276288161162,0
2023-03-24T14:42:55Z,2023-03-24T14:43:00Z,7.2747655729284415e-06,0.0009951413761737121,0.0010024161417466406,0
2023-03-24T14:42:55Z,2023-03-24T14:43:00Z,4.632470831764709e-06,0.0009966650687120728,0.0010012975395438375,0
2023-03-24T14:42:55Z,2023-03-24T14:43:00Z,3.6944614725125963e-06,0.0009948197935095043,0.0009985142549820169,0
2023-03-24T14:42:55Z,2023-03-24T14:43:00Z,8.932942832605949e-07,0.0009967954066751085,0.000995902112391848,0
2023-03-24T14:43:55Z,2023-03-24T14:44:00Z,1.134094498282624e-05,0.0010068830244479227,0.0009955420794650965,0
2023-03-24T14:43:55Z,2023-03-24T14:44:00Z,1.8559037236917783e-05,0.0010146524602024796,0.0009960934229655619,0
2023-03-24T14:43:55Z,2023-03-24T14:44:00Z,2.1063245242945727e-05,0.001020562653453791,0.0009994994082108452,0
2023-03-24T14:43:55Z,2023-03-24T14:44:00Z,1.0355527191114417e-05,0.0010164658242996182,0.0010061102971085038,0
2023-03-24T14:43:55Z,2023-03-24T14:44:00Z,4.301986077641807e-06,0.0010097307266237559,0.0010140327127013977,0
2023-03-24T14:43:55Z,2023-03-24T14:44:00Z,4.322552444337418e-06,0.001012904426874292,0.0010172269793186294,0
2023-03-24T14:43:55Z,2023-03-24T14:44:00Z,3.59836650172681e-06,0.0010119880349573282,0.001015586401459055,0
2023-03-24T14:43:55Z,2023-03-24T14:44:00Z,3.3807592731685196e-07,0.0010133717351932055,0.0010130336592658886,0
2023-03-24T14:43:55Z,2023-03-24T14:44:00Z,4.339901197586947e-06,0.0010158809640160454,0.0010115410628184585,0
2023-03-24T14:43:55Z,2023-03-24T14:44:00Z,4.912335422090205e-06,0.0010078423969195184,0.0010127547323416086,0
2023-03-24T14:43:55Z,2023-03-24T14:44:00Z,3.6858792565131002e-06,0.0010100610321323465,0.0010137469113888596,0
2023-03-24T14:43:55Z,2023-03-24T14:44:00Z,7.857835253791915e-06,0.001020222867296715,0.001012365032042923,0
2023-03-24T14:44:55Z,2023-03-24T14:45:00Z,3.984367394756607e-06,0.0010152458317507266,0.00101126146435597,0
2023-03-24T14:44:55Z,2023-03-24T14:45:00Z,2.519521917223287e-07,0.001012960717641249,0.0010127087654495266,0
2023-03-24T14:44:55Z,2023-03-24T14:45:00Z,4.196907191407646e-06,0.0010109796698685217,0.0010151765770599294,0
2023-03-24T14:44:55Z,2023-03-24T14:45:00Z,3.817022645438836e-06,0.0010123261162507914,0.0010161431388962302,0
2023-03-24T14:44:55Z,2023-03-24T14:45:00Z,2.223328514299513e-06,0.001010838744572533,0.0010130620730868325,0
2023-03-24T14:44:55Z,2023-03-24T14:45:00Z,6.342648478352289e-06,0.0010057461861085017,0.001012088834586854,0
2023-03-24T14:44:55Z,2023-03-24T14:45:00Z,1.0677293909531864e-05,0.0010007042163210835,0.0010113815102306154,0
2023-03-24T14:44:55Z,2023-03-24T14:45:00Z,4.716318141516698e-06,0.0010049206975024253,0.001009637015643942,0
2023-03-24T14:44:55Z,2023-03-24T14:45:00Z,9.955949966319877e-07,0.001004767454004074,0.001005763049000706,0
2023-03-24T14:44:55Z,2023-03-24T14:45:00Z,6.837575347947008e-06,0.0009969527912960564,0.0010037903666440034,0
2023-03-24T14:44:55Z,2023-03-24T14:45:00Z,6.876257864771697e-06,0.0009965878647444225,0.0010034641226091942,0
2023-03-24T14:44:55Z,2023-03-24T14:45:00Z,1.2784551191326581e-05,0.0009894290964095251,0.0010022136476008517,0
2023-03-24T14:45:55Z,2023-03-24T14:46:00Z,2.1965122406315644e-05,0.000977470914275202,0.0009994360366815177,0
2023-03-24T14:45:55Z,2023-03-24T14:46:00Z,8.412979408528197e-06,0.0009859102714081399,0.000994323250816668,0
2023-03-24T14:45:55Z,2023-03-24T14:46:00Z,6.619636256585855e-06,0.0009944489280663022,0.0009878292918097163,0
2023-03-24T14:45:55Z,2023-03-24T14:46:00Z,1.1168740135372897e-05,0.0009954388341663286,0.0009842700940309557,0
2023-03-24T14:45:55Z,2023-03-24T14:46:00Z,1.5649554658863935e-05,0.0010015929259087452,0.0009859433712498813,0
2023-03-24T14:45:55Z,2023-03-24T14:46:00Z,6.793947498274014e-06,0.000998726625378531,0.000991932677880257,0
2023-03-24T14:45:55Z,2023-03-24T14:46:00Z,2.4041850802554963e-06,0.000999564414460714,0.0009971602293804586,0
2023-03-24T14:45:55Z,2023-03-24T14:46:00Z,2.1525541248311464e-06,0.0009964335743597038,0.000998586128484535,0
2023-03-24T14:45:55Z,2023-03-24T14:46:00Z,6.842502193636895e-06,0.00099311881972236,0.0009999613219159968,0
2023-03-24T14:45:55Z,2023-03-24T14:46:00Z,5.74098158419474e-06,0.0009925005564821213,0.000998241538066316,0
2023-03-24T14:45:55Z,2023-03-24T14:46:00Z,9.198496425292342e-06,0.000987173773088967,0.0009963722695142594,0
2023-03-24T14:45:55Z,2023-03-24T14:46:00Z,1.0369950026126867e-05,0.000983647700161935,0.0009940176501880618,0
2023-03-24T14:46:55Z,2023-03-24T14:47:00Z,8.794056451355428e-06,0.0009821369933131273,0.0009909310497644827,0
2023-03-24T14:46:55Z,2023-03-24T14:47:00Z,2.206851267840546e-06,0.0009899808611788484,0.0009877740099110079,0
2023-03-24T14:46:55Z,2023-03-24T14:47:00Z,1.2080544752108256e-05,0.0009964000336067848,0.0009843194888546766,0
2023-03-24T14:46:55Z,2023-03-24T14:47:00Z,9.969434844000731e-06,0.0009952246197286376,0.0009852551848846369,0
2023-03-24T14:46:55Z,2023-03-24T14:47:00Z,9.033368697857272e-06,0.000998539331397444,0.0009895059626995868,0
2023-03-24T14:46:55Z,2023-03-24T14:47:00Z,1.3037379353155257e-06,0.0009951722427734057,0.0009938685048380901,0
2023-03-24T14:46:55Z,2023-03-24T14:47:00Z,6.163233525693793e-06,0.0010028845617699824,0.0009967213282442886,0
2023-03-24T14:46:55Z,2023-03-24T14:47:00Z,7.420999000955046e-06,0.0010037330636341174,0.0009963120646331624,0
2023-03-24T14:46:55Z,2023-03-24T14:47:00Z,1.215269816469606e-05,0.0010110180768116402,0.0009988653786469441,0
2023-03-24T14:46:55Z,2023-03-24T14:47:00Z,1.6448660548037562e-05,0.001017045283273873,0.0010005966227258354,0
2023-03-24T14:46:55Z,2023-03-24T14:47:00Z,1.9585258856386544e-05,0.0010254638262616332,0.0010058785674052467,0
2023-03-24T14:46:55Z,2023-03-24T14:47:00Z,2.1784294882027386e-05,0.001032383102788571,0.0010105988079065437,0
2023-03-24T14:47:55Z,2023-03-24T14:48:00Z,2.68689315637209e-05,0.0010447113270127698,0.0010178423954490489,0
2023-03-24T14:47:55Z,2023-03-24T14:48:00Z,1.7897531308464897e-05,0.0010428616020831574,0.0010249640707746925,0
2023-03-24T14:47:55Z,2023-03-24T14:48:00Z,1.5854797794808122e-06,0.0010357715651338054,0.0010341860853543246,0
2023-03-24T14:47:55Z,2023-03-24T14:48:00Z,1.3668604548228852e-06,0.0010386184835066766,0.0010399853439614995,0
2023-03-24T14:47:55Z,2023-03-24T14:48:00Z,1.6762228131593504e-06,0.0010427910542230702,0.0010411148314099109,0
2023-03-24T14:47:55Z,2023-03-24T14:48:00Z,9.989836691673372e-06,0.00104907372026622,0.0010390838835745465,0
2023-03-24T14:47:55Z,2023-03-24T14:48:00Z,7.057393485370355e-06,0.0010461177611065544,0.001039060367621184,0
2023-03-24T14:47:55Z,2023-03-24T14:48:00Z,5.003141193122033e-06,0.001048497560525111,0.001043494419331989,0
2023-03-24T14:47:55Z,2023-03-24T14:48:00Z,6.823596641399466e-06,0.0010528177751733478,0.0010459941785319483,0
2023-03-24T14:47:55Z,2023-03-24T14:48:00Z,7.926137435565646e-06,0.0010558224847348606,0.001047896347299295,0
2023-03-24T14:47:55Z,2023-03-24T14:48:00Z,1.1333168883236478e-05,0.0010604775344849073,0.0010491443656016708,0
2023-03-24T14:47:55Z,2023-03-24T14:48:00Z,1.3932089860947596e-05,0.0010663113633387208,0.0010523792734777732,0
2023-03-24T14:48:55Z,2023-03-24T14:49:00Z,2.601781626219296e-05,0.0010823904143932314,0.0010563725981310385,0
2023-03-24T14:48:55Z,2023-03-24T14:49:00Z,1.9007894490151575e-05,0.001079878355342981,0.0010608704608528294,0
2023-03-24T14:48:55Z,2023-03-24T14:49:00Z,7.100285914203239e-06,0.001076826723319823,0.0010697264374056198,0
2023-03-24T14:48:55Z,2023-03-24T14:49:00Z,5.5819498266179105e-06,0.0010706114278650264,0.0010761933776916443,0
2023-03-24T14:48:55Z,2023-03-24T14:49:00Z,1.5963156702025185e-05,0.0010637353409833198,0.001079698497685345,0
2023-03-24T14:48:55Z,2023-03-24T14:49:00Z,1.2839944919601715e-05,0.0010629322239230083,0.00107577216884261,0
2023-03-24T14:48:55Z,2023-03-24T14:49:00Z,1.3323253041883868e-05,0.0010570679110141724,0.0010703911640560562,0
2023-03-24T14:48:55Z,2023-03-24T14:49:00Z,1.4490241212821884e-05,0.0010512694230442963,0.0010657596642571182,0
2023-03-24T14:48:55Z,2023-03-24T14:49:00Z,9.929309248827818e-06,0.0010513158493913389,0.0010612451586401667,0
2023-03-24T14:48:55Z,2023-03-24T14:49:00Z,4.34899191189414e-06,0.0010527408607485982,0.0010570898526604923,0
2023-03-24T14:48:55Z,2023-03-24T14:49:00Z,9.3232426201103e-06,0.0010625409704367128,0.0010532177278166025,0
2023-03-24T14:49:55Z,2023-03-24T14:50:00Z,1.0408932680593293e-05,0.001062184310408671,0.0010517753777280778,1
2023-03-24T14:49:55Z,2023-03-24T14:50:00Z,5.636370977455838e-06,0.0010611689311696725,0.0010555325601922167,1
2023-03-24T14:49:55Z,2023-03-24T14:50:00Z,2.899990660859336e-06,0.0010620553711921865,0.0010591553805313271,1
2023-03-24T14:49:55Z,2023-03-24T14:50:00Z,2.1318186644030297e-06,0.0010598329186739491,0.0010619647373383521,1
2023-03-24T14:49:55Z,2023-03-24T14:50:00Z,1.3112412393619707e-06,0.001063114112162872,0.00106180287092351,1
2023-03-24T14:49:55Z,2023-03-24T14:50:00Z,5.182273908317962e-06,0.0010662013475869207,0.0010610190736786028,1
2023-03-24T14:49:55Z,2023-03-24T14:50:00Z,3.746237553117369e-06,0.0010654137048961199,0.0010616674673430025,1
2023-03-24T14:49:55Z,2023-03-24T14:50:00Z,1.31823703451283e-05,0.0010762318298197088,0.0010630494594745805,1
2023-03-24T14:49:55Z,2023-03-24T14:50:00Z,1.1586035625313525e-05,0.0010764957571739512,0.0010649097215486376,1
2023-03-24T14:49:55Z,2023-03-24T14:50:00Z,8.035855549320828e-06,0.0010773181496502374,0.0010692822941009165,1
2023-03-24T14:49:55Z,2023-03-24T14:50:00Z,1.0799783614657893e-05,0.0010835135475779178,0.00107271376396326,1
2023-03-24T14:49:55Z,2023-03-24T14:50:00Z,9.3048055939942e-06,0.0010859867178086267,0.0010766819122146325,1
2023-03-24T14:49:55Z,2023-03-24T14:50:00Z,8.00257656981382e-06,0.0010871117280371826,0.0010791091514673688,1
2023-03-24T14:50:55Z,2023-03-24T14:51:00Z,1.7846356461627758e-06,0.0010804881693660979,0.0010822728050122606,1
2023-03-24T14:50:55Z,2023-03-24T14:51:00Z,8.354128155729215e-06,0.0010771832029855132,0.0010855373311412424,1
2023-03-24T14:50:55Z,2023-03-24T14:51:00Z,1.9495350969366e-06,0.0010825793366403657,0.0010845288717373023,1
2023-03-24T14:50:55Z,2023-03-24T14:51:00Z,7.181744361251224e-06,0.0010887761111575158,0.0010815943667962645,1
2023-03-24T14:50:55Z,2023-03-24T14:51:00Z,1.5829312149791882e-05,0.0010959128818137842,0.0010800835696639923,1
2023-03-24T14:50:55Z,2023-03-24T14:51:00Z,1.4841459827855293e-05,0.0010976876767556534,0.0010828462169277981,1
2023-03-24T14:50:55Z,2023-03-24T14:51:00Z,1.588754621129323e-05,0.0011049769894151816,0.0010890894432038884,1
2023-03-24T14:50:55Z,2023-03-24T14:51:00Z,1.0675467792282045e-05,0.0011048010243679333,0.0010941255565756513,1
2023-03-24T14:50:55Z,2023-03-24T14:51:00Z,1.209513650445612e-05,0.0011116209858326625,0.0010995258493282064,1
2023-03-24T14:50:55Z,2023-03-24T14:51:00Z,1.7484826415880943e-05,0.0011199733899288037,0.0011024885635129227,1
2023-03-24T14:50:55Z,2023-03-24T14:51:00Z,9.766423541767441e-06,0.0011168994234136934,0.001107132999871926,1
2023-03-24T14:51:55Z,2023-03-24T14:52:00Z,1.4027985988055314e-06,0.0011135345986419385,0.001112131800043133,1
2023-03-24T14:51:55Z,2023-03-24T14:52:00Z,6.355981405724688e-06,0.0011098086183193284,0.001116164599725053,1
2023-03-24T14:51:55Z,2023-03-24T14:52:00Z,4.910077997517413e-06,0.0011118923926639612,0.0011168024706614786,1
2023-03-24T14:51:55Z,2023-03-24T14:52:00Z,8.25329900954277e-06,0.0011216675124678629,0.00111341421345832,1
2023-03-24T14:51:55Z,2023-03-24T14:52:00Z,1.2250879696908525e-05,0.0011239960829053177,0.0011117452032084092,1
2023-03-24T14:51:55Z,2023-03-24T14:52:00Z,1.653505495420593e-05,0.0011309912294379233,0.0011144561744837174,1
2023-03-24T14:51:55Z,2023-03-24T14:52:00Z,1.5280007545180737e-05,0.0011344653368908946,0.0011191853293457139,1
2023-03-24T14:51:55Z,2023-03-24T14:52:00Z,1.1789810428052905e-05,0.0011373414186984208,0.001125551608270368,1
2023-03-24T14:51:55Z,2023-03-24T14:52:00Z,6.73663511423098e-06,0.0011365541848589427,0.0011298175497447117,1
2023-03-24T14:51:55Z,2023-03-24T14:52:00Z,1.2121754142822546e-05,0.001146387749151902,0.0011342659950090794,1
2023-03-24T14:51:55Z,2023-03-24T14:52:00Z,1.5453909879970104e-05,0.001151574223362723,0.0011361203134827528,1
2023-03-24T14:51:55Z,2023-03-24T14:52:00Z,1.3803858137388571e-05,0.001153898309040477,0.0011400944509030884,1
2023-03-24T14:51:55Z,2023-03-24T14:52:00Z,1.0390824613173413e-05,0.001155229543737696,0.0011448387191245225,1
2023-03-24T14:52:55Z,2023-03-24T14:53:00Z,1.0559486547073076e-05,0.0011611795803987736,0.0011506200938517005,1
2023-03-24T14:52:55Z,2023-03-24T14:53:00Z,5.9253961936693925e-06,0.0011594927549073014,0.001153567358713632,1
2023-03-24T14:52:55Z,2023-03-24T14:53:00Z,4.532095172859844e-06,0.0011613012395651752,0.0011567691443923154,1
2023-03-24T14:52:55Z,2023-03-24T14:53:00Z,6.675665505739099e-06,0.0011653096251869961,0.001158633959681257,1
2023-03-24T14:52:55Z,2023-03-24T14:53:00Z,9.278794897539869e-07,0.0011615857377801706,0.0011606578582904167,1
2023-03-24T14:52:55Z,2023-03-24T14:53:00Z,4.157097445877831e-06,0.0011661916373323688,0.001162034539886491,1
2023-03-24T14:52:55Z,2023-03-24T14:53:00Z,2.841998925987672e-06,0.0011655741997701019,0.0011627322008441142,1
2023-03-24T14:52:55Z,2023-03-24T14:53:00Z,4.140871910913177e-06,0.0011685032053440915,0.0011643623334331784,1
2023-03-24T14:52:55Z,2023-03-24T14:53:00Z,9.351307095931908e-07,0.0011653856556704738,0.0011644505249608806,1
2023-03-24T14:52:55Z,2023-03-24T14:53:00Z,1.788315194128573e-06,0.001168544662676316,0.0011667563474821875,1
2023-03-24T14:52:55Z,2023-03-24T14:53:00Z,2.8631026133736116e-06,0.001169350789541596,0.0011664876869282223,1
2023-03-24T14:53:55Z,2023-03-24T14:54:00Z,2.64094941408808e-06,0.0011648368918162058,0.0011674778412302939,1
2023-03-24T14:53:55Z,2023-03-24T14:54:00Z,2.9111606478981686e-06,0.0011648492086482303,0.0011677603692961285,1
2023-03-24T14:53:55Z,2023-03-24T14:54:00Z,4.31876082351932e-06,0.0011718962088348918,0.0011675774480113725,1
2023-03-24T14:53:55Z,2023-03-24T14:54:00Z,6.737923134823723e-06,0.0011730835531368344,0.0011663456300020107,1
2023-03-24T14:53:55Z,2023-03-24T14:54:00Z,4.0850709772156674e-06,0.0011631090321225603,0.001167194103099776,1
2023-03-24T14:53:55Z,2023-03-24T14:54:00Z,1.2070279298911999e-05,0.0011578727109077401,0.0011699429902066521,1
2023-03-24T14:53:55Z,2023-03-24T14:54:00Z,5.455281859179572e-06,0.0011639076495055826,0.0011693629313647622,1
2023-03-24T14:53:55Z,2023-03-24T14:54:00Z,8.822476878554133e-06,0.0011558659551771575,0.0011646884320557116,1
2023-03-24T14:53:55Z,2023-03-24T14:54:00Z,1.841251136379743e-06,0.0011597885463755812,0.001161629797511961,1
2023-03-24T14:53:55Z,2023-03-24T14:54:00Z,4.961899891485488e-06,0.0011542535386386745,0.00115921543853016,1
2023-03-24T14:53:55Z,2023-03-24T14:54:00Z,3.351452190268481e-06,0.0011565025981625054,0.001159854050352774,1
2023-03-24T14:53:55Z,2023-03-24T14:54:00Z,5.112244292566903e-06,0.0011515237691045708,0.0011566360133971377,1
2023-03-24T14:53:55Z,2023-03-24T14:54:00Z,1.5583671668525922e-05,0.0011412645560570612,0.0011568482277255871,1
2023-03-24T14:54:55Z,2023-03-24T14:55:00Z,3.2229206697628136e-05,0.0011218640952709556,0.0011540933019685837,0
2023-03-24T14:54:55Z,2023-03-24T14:55:00Z,3.601220657992112e-05,0.0011137514345281247,0.0011497636411080458,0
2023-03-24T14:54:55Z,2023-03-24T14:55:00Z,3.0281437114801444e-05,0.0011079360363627278,0.0011382174734775293,0
2023-03-24T14:54:55Z,2023-03-24T14:55:00Z,2.7339688727730802e-05,0.0010982870065576497,0.0011256266952853805,0
2023-03-24T14:54:55Z,2023-03-24T14:55:00Z,2.00911946729341e-05,0.0010944259940476686,0.0011145171887206027,0
2023-03-24T14:54:55Z,2023-03-24T14:55:00Z,1.1081118122126905e-05,0.0010955770410273737,0.0011066581591495006,0
2023-03-24T14:54:55Z,2023-03-24T14:55:00Z,1.5072555729082199e-05,0.0010851437899269331,0.0011002163456560153,0
2023-03-24T14:54:55Z,2023-03-24T14:55:00Z,1.1845089916249054e-05,0.0010842515906279817,0.0010960966805442307,0
2023-03-24T14:54:55Z,2023-03-24T14:55:00Z,1.2513373289040975e-05,0.0010792022350449508,0.0010917156083339917,0
2023-03-24T14:54:55Z,2023-03-24T14:55:00Z,1.3824444362925967e-05,0.0010744996961645037,0.0010883241405274296,0
2023-03-24T14:54:55Z,2023-03-24T14:55:00Z,9.546444047861015e-06,0.001073319427818761,0.001082865871866622,0
2023-03-24T14:54:55Z,2023-03-24T14:55:00Z,1.5589557058558884e-05,0.0010637282835539198,0.0010793178406124787,0
2023-03-24T14:55:55Z,2023-03-24T14:56:00Z,2.0788963740853064e-05,0.0010548848226018853,0.0010756737863427384,0
2023-03-24T14:55:55Z,2023-03-24T14:56:00Z,2.1441383994425748e-05,0.001049074418517969,0.0010705158025123948,0
2023-03-24T14:55:55Z,2023-03-24T14:56:00Z,2.7526579594602286e-05,0.001036450931730253,0.0010639775113248553,0
2023-03-24T14:55:55Z,2023-03-24T14:56:00Z,2.416882579092455e-05,0.0010317270157670002,0.0010558958415579247,0
2023-03-24T14:55:55Z,2023-03-24T14:56:00Z,2.5330933960145607e-05,0.0010214724569898902,0.0010468033909500358,0
2023-03-24T14:55:55Z,2023-03-24T14:56:00Z,3.0823935867172955e-05,0.0010082601861379013,0.0010390841220050742,0
2023-03-24T14:55:55Z,2023-03-24T14:56:00Z,2.66192146467629e-05,0.0010032642535156182,0.0010298834681623811,0
2023-03-24T14:55:55Z,2023-03-24T14:56:00Z,2.8050350950850145e-05,0.0009924362020140806,0.0010204865529649307,0
2023-03-24T14:55:55Z,2023-03-24T14:56:00Z,2.0652310713253647e-05,0.0009903466548345497,0.0010109989655478033,0
2023-03-24T14:55:55Z,2023-03-24T14:56:00Z,1.2757483579067808e-05,0.0009885627303101322,0.0010013202138892,0
2023-03-24T14:55:55Z,2023-03-24T14:56:00Z,3.213930747333329e-06,0.000998562967535416,0.0009953490367880828,0
2023-03-24T14:56:55Z,2023-03-24T14:57:00Z,1.7042106089564316e-06,0.0009921527396618772,0.0009904485290529207,0
2023-03-24T14:56:55Z,2023-03-24T14:57:00Z,8.921920669200225e-06,0.0010014127048958996,0.0009924907842266994,0
2023-03-24T14:56:55Z,2023-03-24T14:57:00Z,3.327405042662839e-06,0.000996420217545138,0.0009930928125024751,0
2023-03-24T14:56:55Z,2023-03-24T14:57:00Z,7.47607192986134e-06,0.001004852209294259,0.0009973761373643978,0
2023-03-24T14:56:55Z,2023-03-24T14:57:00Z,1.3685186224735545e-05,0.0010103470735923737,0.0009966618873676382,0
2023-03-24T14:56:55Z,2023-03-24T14:57:00Z,8.543050403841436e-06,0.0010094380943156068,0.0010008950439117654,0
2023-03-24T14:56:55Z,2023-03-24T14:57:00Z,1.8038275896897944e-06,0.00100567699440028,0.0010038731668105903,0
2023-03-24T14:56:55Z,2023-03-24T14:57:00Z,4.864528272539468e-06,0.0010130769873399528,0.0010082124590674133,0
2023-03-24T14:56:55Z,2023-03-24T14:57:00Z,1.5462244712491097e-05,0.001023949632148578,0.0010084873874360869,0
2023-03-24T14:56:55Z,2023-03-24T14:57:00Z,1.4372186871788786e-05,0.0010237695455570686,0.0010093973586852798,0
2023-03-24T14:56:55Z,2023-03-24T14:57:00Z,1.1414764232121552e-05,0.0010256493021950585,0.001014234537962937,0
2023-03-24T14:56:55Z,2023-03-24T14:57:00Z,1.971815602937253e-05,0.0010399835443779056,0.001020265388348533,0
2023-03-24T14:56:55Z,2023-03-24T14:57:00Z,2.4241456428444885e-05,0.0010486976163953466,0.0010244561599669017,0
2023-03-24T14:57:55Z,2023-03-24T14:58:00Z,3.849783379034663e-05,0.001068298631167024,0.0010298007973766775,0
2023-03-24T14:57:55Z,2023-03-24T14:58:00Z,3.1200859106268655e-05,0.0010693110134290388,0.0010381101543227701,0
2023-03-24T14:57:55Z,2023-03-24T14:58:00Z,2.9504445458866484e-05,0.001081831042772292,0.0010523265973134254,0
2023-03-24T14:57:55Z,2023-03-24T14:58:00Z,2.6013452656469893e-05,0.0010881158729869396,0.0010621024203304697,0
2023-03-24T14:57:55Z,2023-03-24T14:58:00Z,2.5890520343634267e-05,0.0010990374161330859,0.0010731468957894516,0
2023-03-24T14:57:55Z,2023-03-24T14:58:00Z,2.1499544117266995e-05,0.0011012521871800237,0.0010797526430627567,0
2023-03-24T14:57:55Z,2023-03-24T14:58:00Z,1.7021737602440374e-05,0.001106683181566546,0.0010896614439641057,0
2023-03-24T14:57:55Z,2023-03-24T14:58:00Z,2.1687568038517967e-05,0.001117822726805201,0.001096135158766683,0
2023-03-24T14:57:55Z,2023-03-24T14:58:00Z,1.4203638984445826e-05,0.0011165279006109979,0.001102324261626552,0
2023-03-24T14:57:55Z,2023-03-24T14:58:00Z,9.244048315430265e-06,0.0010993419835351602,0.0011085860318505905,0
2023-03-24T14:57:55Z,2023-03-24T14:58:00Z,2.8315075850150924e-05,0.0010853628604774307,0.0011136779363275816,0
2023-03-24T14:57:55Z,2023-03-24T14:58:00Z,5.2760827601231255e-05,0.0010584700427158885,0.0011112308703171197,0
2023-03-24T14:58:55Z,2023-03-24T14:59:00Z,4.289581168602594e-05,0.0010575151031885037,0.0011004109148745297,0
2023-03-24T14:58:55Z,2023-03-24T14:59:00Z,2.0759882064884643e-05,0.0010602984135112752,0.0010810582955761599,0
2023-03-24T14:58:55Z,2023-03-24T14:59:00Z,7.026872928536784e-06,0.0010600891291987374,0.0010671160021272742,0
2023-03-24T14:58:55Z,2023-03-24T14:59:00Z,9.799667438091129e-06,0.0010685608539099804,0.0010587611864718892,0
2023-03-24T14:58:55Z,2023-03-24T14:59:00Z,6.648280294327402e-06,0.0010659491622604996,0.0010593008819661722,0
2023-03-24T14:58:55Z,2023-03-24T14:59:00Z,3.9103454678231665e-06,0.001059072453405508,0.001062982798873331,0
2023-03-24T14:58:55Z,2023-03-24T14:59:00Z,7.207229254481461e-06,0.0010576591525352575,0.001064866381789739,0
2023-03-24T14:58:55Z,2023-03-24T14:59:00Z,6.715854431295701e-07,0.0010651990753017921,0.0010645274898586625,0
2023-03-24T14:58:55Z,2023-03-24T14:59:00Z,7.787014354272096e-07,0.001061672290835849,0.0010608935894004217,0
2023-03-24T14:58:55Z,2023-03-24T14:59:00Z,1.0715303556126099e-05,0.0010713588639703119,0.0010606435604141858,0
2023-03-24T14:58:55Z,2023-03-24T14:59:00Z,5.462665027208152e-05,0.0011161368231630477,0.0010615101728909662,0
2023-03-24T14:58:55Z,2023-03-24T14:59:00Z,6.662809458566157e-05,0.001132704837954979,0.0010660767433693175,0
2023-03-24T14:59:55Z,2023-03-24T15:00:00Z,7.108966147125156e-05,0.0011541456541276543,0.0010830559926564027,0
2023-03-24T14:59:55Z,2023-03-24T15:00:00Z,6.123030129268157e-05,0.0011679638096554611,0.0011067335083627795,0
2023-03-24T14:59:55Z,2023-03-24T15:00:00Z,1.3082597954798504e-05,0.001147411703036692,0.0011343291050818936,0
2023-03-24T14:59:55Z,2023-03-24T15:00:00Z,1.2035028008108503e-05,0.0011636397952541398,0.0011516047672460313,0
2023-03-24T14:59:55Z,2023-03-24T15:00:00Z,1.0812220497779341e-05,0.001167319276104382,0.0011565070556066026,0
2023-03-24T14:59:55Z,2023-03-24T15:00:00Z,9.877372017654679e-06,0.0011695491413330856,0.001159671769315431,0
2023-03-24T14:59:55Z,2023-03-24T15:00:00Z,1.2824222310809123e-05,0.0011722811471092138,0.0011594569247984046,0
2023-03-24T14:59:55Z,2023-03-24T15:00:00Z,2.7732240737445533e-06,0.001164062846823458,0.0011668360708972025,0
2023-03-24T14:59:55Z,2023-03-24T15:00:00Z,1.2966026520472339e-05,0.0011567504949950881,0.0011697165215155605,0
2023-03-24T14:59:55Z,2023-03-24T15:00:00Z,2.5774789344136604e-05,0.001142856255744449,0.0011686310450885857,0
2023-03-24T14:59:55Z,2023-03-24T15:00:00Z,3.421888922742209e-05,0.0011301459404151645,0.0011643648296425866,0
2023-03-24T14:59:55Z,2023-03-24T15:00:00Z,3.597189948459909e-05,0.0011185846330363995,0.0011545565325209986,0
2023-03-24T15:00:55Z,2023-03-24T15:01:00Z,4.454017746061004e-05,0.0010987107195909573,0.0011432508970515673,0
2023-03-24T15:00:55Z,2023-03-24T15:01:00Z,3.886840146572726e-05,0.0010916605415996104,0.0011305289430653376,0
2023-03-24T15:00:55Z,2023-03-24T15:01:00Z,3.3269050597907425e-05,0.0010825447137495997,0.0011158137643475072,0
2023-03-24T15:00:55Z,2023-03-24T15:01:00Z,2.4303930881280737e-05,0.0010786813671943751,0.0011029852980756559,0
2023-03-24T15:00:55Z,2023-03-24T15:01:00Z,1.1456754566477843e-05,0.0010795152370802446,0.0010909719916467225,0
2023-03-24T15:00:55Z,2023-03-24T15:01:00Z,1.3148903302828956e-06,0.0010856104311781447,0.0010842955408478618,0
2023-03-24T15:00:55Z,2023-03-24T15:01:00Z,8.64573496571052e-06,0.0010888928409737838,0.0010802471060080733,0
2023-03-24T15:00:55Z,2023-03-24T15:01:00Z,8.721478061532364e-06,0.0010899904898791204,0.001081269011817588,0
2023-03-24T15:00:55Z,2023-03-24T15:01:00Z,6.042114690151413e-06,0.0010907149511008758,0.0010846728364107244,0
2023-03-24T15:00:55Z,2023-03-24T15:01:00Z,4.744137513517169e-06,0.0010929087248572002,0.001088164587343683,0
2023-03-24T15:00:55Z,2023-03-24T15:01:00Z,2.985439027570645e-06,0.001092851533012164,0.0010898660939845934,0
2023-03-24T15:00:55Z,2023-03-24T15:01:00Z,1.0137090284624084e-05,0.0011013418122303564,0.0010912047219457323,0
2023-03-24T15:01:55Z,2023-03-24T15:02:00Z,9.761908572433493e-06,0.0011019203115625136,0.00109215840299008,1
2023-03-24T15:01:55Z,2023-03-24T15:02:00Z,7.993595138848985e-06,0.0011036942851720892,0.0010957006900332402,1
2023-03-24T15:01:55Z,2023-03-24T15:02:00Z,1.452624349373142e-05,0.001113230795762076,0.0010987045522683446,1
2023-03-24T15:01:55Z,2023-03-24T15:02:00Z,1.2528832258000512e-05,0.0011148476352463204,0.0011023188029883199,1
2023-03-24T15:01:55Z,2023-03-24T15:02:00Z,1.4520555626277264e-05,0.0011208023531251701,0.0011062817974988929,1
2023-03-24T15:01:55Z,2023-03-24T15:02:00Z,1.1924943435485296e-05,0.0011225158488289806,0.0011105909053934953,1
2023-03-24T15:01:55Z,2023-03-24T15:02:00Z,1.3792242207707334e-05,0.0011300858369188962,0.001116293594711189,1
2023-03-24T15:01:55Z,2023-03-24T15:02:00Z,1.1618328325254052e-05,0.0011310069407254111,0.001119388612400157,1
2023-03-24T15:01:55Z,2023-03-24T15:02:00Z,5.35598978848909e-06,0.0011298240027461715,0.0011244680129576824,1
2023-03-24T15:01:55Z,2023-03-24T15:02:00Z,1.3626145978574804e-05,0.0011414956881363374,0.0011278695421577626,1
2023-03-24T15:01:55Z,2023-03-24T15:02:00Z,1.3866902155793177e-05,0.0011441724956192862,0.001130305593463493,1
2023-03-24T15:01:55Z,2023-03-24T15:02:00Z,1.259459719186182e-05,0.001146703474394502,0.0011341088772026402,1
2023-03-24T15:02:55Z,2023-03-24T15:03:00Z,1.8080591460273732e-05,0.0011565779869608722,0.0011384973955005985,1
2023-03-24T15:02:55Z,2023-03-24T15:03:00Z,1.2994222531171988e-05,0.0011571181085812138,0.0011441238860500419,1
2023-03-24T15:02:55Z,2023-03-24T15:03:00Z,2.0563892028470322e-05,0.001169715211020024,0.0011491513189915536,1
2023-03-24T15:02:55Z,2023-03-24T15:03:00Z,1.6828325320294556e-06,0.0011551493558442255,0.001153466523312196,1
2023-03-24T15:02:55Z,2023-03-24T15:03:00Z,1.6767125284328915e-05,0.001144369976903041,0.00116113710218737,1
2023-03-24T15:02:55Z,2023-03-24T15:03:00Z,1.4813615963381668e-05,0.0011458472758517728,0.0011606608918151545,1
2023-03-24T15:02:55Z,2023-03-24T15:03:00Z,1.0872952133874876e-05,0.001145538562455222,0.0011564115145890968,1
2023-03-24T15:02:55Z,2023-03-24T15:03:00Z,2.1959265476194194e-06,0.0011462596096520603,0.0011484555361996798,1
2023-03-24T15:02:55Z,2023-03-24T15:03:00Z,7.62159632226346e-07,0.0011460140980355715,0.0011452519384033452,1
2023-03-24T15:02:55Z,2023-03-24T15:03:00Z,4.4305655176946675e-06,0.001141451250468657,0.0011458818159863517,1
2023-03-24T15:02:55Z,2023-03-24T15:03:00Z,8.253661955026333e-06,0.001137683761425925,0.0011459374233809513,1
2023-03-24T15:03:55Z,2023-03-24T15:04:00Z,1.368101607257771e-05,0.0011308939699795186,0.0011445749860520963,1
2023-03-24T15:03:55Z,2023-03-24T15:04:00Z,1.3702700660432653e-05,0.0011280136693162853,0.001141716369976718,1
2023-03-24T15:03:55Z,2023-03-24T15:04:00Z,9.303746193986594e-06,0.0011273725810973803,0.0011366763272913668,1
2023-03-24T15:03:55Z,2023-03-24T15:04:00Z,1.11815550350254e-05,0.0011210155785388843,0.0011321971335739097,1
2023-03-24T15:03:55Z,2023-03-24T15:04:00Z,1.4038263227945805e-05,0.0011147218102364488,0.0011287600734643946,1
2023-03-24T15:03:55Z,2023-03-24T15:04:00Z,1.570534245878808e-05,0.0011097619338587285,0.0011254672763175166,1
2023-03-24T15:03:55Z,2023-03-24T15:04:00Z,8.559588086904692e-06,0.0011124770685373333,0.001121036656624238,1
2023-03-24T15:03:55Z,2023-03-24T15:04:00Z,3.925674674566757e-06,0.0011112407662034536,0.0011151664408780204,1
2023-03-24T15:03:55Z,2023-03-24T15:04:00Z,3.0484833938584314e-06,0.001115368754271362,0.0011123202708775036,1
2023-03-24T15:03:55Z,2023-03-24T15:04:00Z,1.3175484660373719e-06,0.0011124774713325424,0.001111159922866505,1
2023-03-24T15:03:55Z,2023-03-24T15:04:00Z,2.319814650768911e-06,0.0011107090483532807,0.0011130288630040496,1
2023-03-24T15:03:55Z,2023-03-24T15:04:00Z,1.7272778315596034e-06,0.0011113017194375597,0.0011130289972691193,1
2023-03-24T15:03:55Z,2023-03-24T15:04:00Z,7.052087981495583e-06,0.001119903845967224,0.0011128517579857284,1
2023-03-24T15:04:55Z,2023-03-24T15:05:00Z,1.1930176318526026e-05,0.0011234262560263204,0.0011114960797077944,1
2023-03-24T15:04:55Z,2023-03-24T15:05:00Z,4.6122055451713537e-07,0.0011144327584738719,0.0011139715379193547,1
2023-03-24T15:04:55Z,2023-03-24T15:05:00Z,7.877858703194806e-07,0.0011189983930140208,0.0011182106071437013,1
2023-03-24T15:04:55Z,2023-03-24T15:05:00Z,2.687119208642655e-06,0.0011219414060311148,0.001119254286822472,1
2023-03-24T15:04:55Z,2023-03-24T15:05:00Z,9.010394631217078e-06,0.0011279628638026214,0.0011189524691714043,1
2023-03-24T15:04:55Z,2023-03-24T15:05:00Z,5.1903582305255075e-06,0.0011236478774035278,0.0011184575191730023,1
2023-03-24T15:04:55Z,2023-03-24T15:05:00Z,7.017398050355051e-06,0.0011299849523329407,0.0011229675542825856,1
2023-03-24T15:04:55Z,2023-03-24T15:05:00Z,4.462409451720358e-06,0.0011289797918641418,0.0011245173824124214,1
2023-03-24T15:04:55Z,2023-03-24T15:05:00Z,2.971258506765523e-06,0.0011301698230197956,0.0011271985645130301,1
2023-03-24T15:04:55Z,2023-03-24T15:05:00Z,3.211396913519772e-06,0.0011307489374470566,0.0011275375405335368,1
2023-03-24T15:04:55Z,2023-03-24T15:05:00Z,2.6027224644847077e-06,0.0011271087999411413,0.001129711522405626,1
2023-03-24T15:04:55Z,2023-03-24T15:05:00Z,9.518762040220015e-07,0.0011290143079063094,0.0011299661841103314,1
2023-03-24T15:05:55Z,2023-03-24T15:06:00Z,2.874389264551731e-06,0.001126468130871446,0.0011293425201359978,1
2023-03-24T15:05:55Z,2023-03-24T15:06:00Z,3.5632587433037394e-06,0.001132520607174806,0.0011289573484315023,1
2023-03-24T15:05:55Z,2023-03-24T15:06:00Z,1.3140664966145759e-05,0.0011406710778724448,0.001127530412906299,1
2023-03-24T15:05:55Z,2023-03-24T15:06:00Z,1.765293836134842e-05,0.0011469872870122023,0.001129334348650854,1
2023-03-24T15:05:55Z,2023-03-24T15:06:00Z,1.731072879232443e-05,0.00115053066743189,0.0011332199386395656,1
2023-03-24T15:05:55Z,2023-03-24T15:06:00Z,1.131545184673453e-05,0.0011513751091998855,0.001140059657353151,1
2023-03-24T15:05:55Z,2023-03-24T15:06:00Z,8.866718848119003e-06,0.001154929729620298,0.001146063010772179,1
2023-03-24T15:05:55Z,2023-03-24T15:06:00Z,2.9629282034193075e-06,0.0011525939494180786,0.0011496310212146593,1
2023-03-24T15:05:55Z,2023-03-24T15:06:00Z,8.530040666017945e-06,0.0011608085427500423,0.0011522785020840244,1
2023-03-24T15:05:55Z,2023-03-24T15:06:00Z,3.898322388647254e-06,0.0011568645851347346,0.0011529662627460873,1
2023-03-24T15:05:55Z,2023-03-24T15:06:00Z,2.460715782900318e-06,0.0011585714563790398,0.0011561107405961394,1
2023-03-24T15:05:55Z,2023-03-24T15:06:00Z,1.4044084040729186e-06,0.0011553512840302123,0.0011567556924342852,1
2023-03-24T15:06:55Z,2023-03-24T15:07:00Z,5.5216328129757165e-06,0.0011642698275675812,0.0011587481947546055,1
2023-03-24T15:06:55Z,2023-03-24T15:07:00Z,1.2064890055442324e-05,0.0011689939985701045,0.0011569291085146622,1
2023-03-24T15:06:55Z,2023-03-24T15:07:00Z,8.404022815093398e-06,0.001167801545474038,0.0011593975226589445,1
2023-03-24T15:06:55Z,2023-03-24T15:07:00Z,1.686645249786788e-05,0.0011797381558871672,0.0011628717033892993,1
2023-03-24T15:06:55Z,2023-03-24T15:07:00Z,1.2832341221183851e-05,0.001179854131758425,0.0011670217905372412,1
2023-03-24T15:06:55Z,2023-03-24T15:07:00Z,8.303359988239608e-06,0.0011804812599653428,0.0011721778999771032,1
2023-03-24T15:06:55Z,2023-03-24T15:07:00Z,1.1772073833257821e-05,0.001187570018206468,0.0011757979443732102,1
2023-03-24T15:06:55Z,2023-03-24T15:07:00Z,1.2907071316439886e-05,0.0011929315871867514,0.0011800245158703115,1
2023-03-24T15:06:55Z,2023-03-24T15:07:00Z,1.5616114209078373e-05,0.0011982512508524905,0.001182635136643412,1
2023-03-24T15:06:55Z,2023-03-24T15:07:00Z,8.616963681831518e-06,0.0011956112521346856,0.001186994288452854,1
2023-03-24T15:06:55Z,2023-03-24T15:07:00Z,7.32183714881882e-07,0.001192185435033688,0.00119291761874857,1
2023-03-24T15:06:55Z,2023-03-24T15:07:00Z,5.619973138624047e-07,0.0011950360327441134,0.0011955980300579758,1
2023-03-24T15:07:55Z,2023-03-24T15:08:00Z,7.538642535199168e-06,0.0012028879552088206,0.0011953493126736214,1
2023-03-24T15:07:55Z,2023-03-24T15:08:00Z,1.136402757019009e-05,0.0012056416008743524,0.0011942775733041623,1
2023-03-24T15:07:55Z,2023-03-24T15:08:00Z,2.3991104368533897e-08,0.0011966791498911721,0.0011967031409955407,1
2023-03-24T15:07:55Z,2023-03-24T15:08:00Z,8.013581515752292e-06,0.0011931749480933432,0.0012011885296090955,1
2023-03-24T15:07:55Z,2023-03-24T15:08:00Z,1.7963333521372592e-05,0.0011837729018034091,0.0012017362353247817,1
2023-03-24T15:07:55Z,2023-03-24T15:08:00Z,3.0218766205933594e-06,0.001195476689665696,0.0011984985662862894,1
2023-03-24T15:07:55Z,2023-03-24T15:08:00Z,4.07845458053383e-06,0.0011871305453487742,0.001191208999929308,1
2023-03-24T15:07:55Z,2023-03-24T15:08:00Z,1.0624757861705776e-05,0.0011801834219924436,0.0011908081798541494,1
2023-03-24T15:07:55Z,2023-03-24T15:08:00Z,7.737753475274209e-07,0.0011895671542868206,0.0011887933789392932,1
2023-03-24T15:07:55Z,2023-03-24T15:08:00Z,6.857492954940626e-06,0.001194454378623912,0.0011875968856689713,1
2023-03-24T15:07:55Z,2023-03-24T15:08:00Z,2.0184102756819894e-05,0.0012058111432994994,0.0011856270405426795,1
2023-03-24T15:08:55Z,2023-03-24T15:09:00Z,1.9633913505163244e-05,0.001207702231806222,0.0011880683183010587,0
2023-03-24T15:08:55Z,2023-03-24T15:09:00Z,1.3693689551374502e-05,0.001210304581621452,0.0011966108920700774,0
2023-03-24T15:08:55Z,2023-03-24T15:09:00Z,1.0544703282866106e-05,0.0012132006211927437,0.0012026559179098776,0
2023-03-24T15:08:55Z,2023-03-24T15:09:00Z,1.4712125468554875e-05,0.0012226514443776128,0.001207939318909058,0
2023-03-24T15:08:55Z,2023-03-24T15:09:00Z,2.2540052920923866e-05,0.0012329425311277296,0.0012104024782068057,0
2023-03-24T15:08:55Z,2023-03-24T15:09:00Z,8.541451906325659e-06,0.0012239270009702617,0.001215385549063936,0
2023-03-24T15:08:55Z,2023-03-24T15:09:00Z,2.61020622692649e-06,0.001220321326005769,0.0012229315322326954,0
2023-03-24T15:08:55Z,2023-03-24T15:09:00Z,7.046919436416027e-06,0.0012194600727221186,0.0012265069921585346,0
2023-03-24T15:08:55Z,2023-03-24T15:09:00Z,2.6314264659653072e-06,0.0012230988595686215,0.0012257302860345868,0
2023-03-24T15:08:55Z,2023-03-24T15:09:00Z,2.3070248849951097e-06,0.0012235431581177115,0.0012212361332327164,0
2023-03-24T15:08:55Z,2023-03-24T15:09:00Z,1.2081039314310862e-05,0.0012330411254131474,0.0012209600860988365,0
2023-03-24T15:08:55Z,2023-03-24T15:09:00Z,1.6654095264700053e-05,0.0012386881254008507,0.0012220340301361506,0
2023-03-24T15:08:55Z,2023-03-24T15:09:00Z,1.6213174568437995e-05,0.0012427742222682649,0.0012265610476998269,0
2023-03-24T15:09:55Z,2023-03-24T15:10:00Z,1.1545061874936773e-05,0.00124330253151884,0.0012317574696439032,0
2023-03-24T15:09:55Z,2023-03-24T15:10:00Z,1.0353319010140841e-05,0.0012278145053506134,0.0012381678243607542,0
2023-03-24T15:09:55Z,2023-03-24T15:10:00Z,2.9844695868780574e-05,0.0012117435971938711,0.0012415882930626517,0
2023-03-24T15:09:55Z,2023-03-24T15:10:00Z,4.676865231739019e-05,0.001191195100728516,0.0012379637530459061,0
2023-03-24T15:09:55Z,2023-03-24T15:10:00Z,4.90106177369208e-05,0.0011786095936175208,0.0012276202113544416,0
2023-03-24T15:09:55Z,2023-03-24T15:10:00Z,5.640693144678423e-05,0.0011538441363108825,0.0012102510677576667,0
2023-03-24T15:09:55Z,2023-03-24T15:10:00Z,4.684886161156611e-05,0.0011470005689017365,0.0011938494305133026,0
2023-03-24T15:09:55Z,2023-03-24T15:10:00Z,3.2178623570756773e-05,0.0011423709866482164,0.0011745496102189732,0
2023-03-24T15:09:55Z,2023-03-24T15:10:00Z,3.797367987512989e-05,0.0011218444197349166,0.0011598180996100465,0
2023-03-24T15:09:55Z,2023-03-24T15:10:00Z,1.7499353276819937e-05,0.0011302392106767919,0.0011477385639536118,0
2023-03-24T15:09:55Z,2023-03-24T15:10:00Z,7.955287088353769e-06,0.001145027278849977,0.0011370719917616233,0
2023-03-24T15:09:55Z,2023-03-24T15:10:00Z,2.6222310644734986e-05,0.0011577071829980432,0.0011314848723533082,0
2023-03-24T15:10:55Z,2023-03-24T15:11:00Z,2.869717438084532e-05,0.0011610674774680738,0.0011323703030872284,0
2023-03-24T15:10:55Z,2023-03-24T15:11:00Z,7.709914245890206e-06,0.0011520344717541608,0.0011443245575082706,0
2023-03-24T15:10:55Z,2023-03-24T15:11:00Z,1.3193187171934738e-05,0.0011677938336106326,0.001154600646438698,0
2023-03-24T15:10:55Z,2023-03-24T15:11:00Z,1.1980024144463966e-05,0.0011689164015512231,0.0011569363774067592,0
2023-03-24T15:10:55Z,2023-03-24T15:11:00Z,2.515678395199417e-06,0.0011628142726728217,0.0011602985942776223,0
2023-03-24T15:10:55Z,2023-03-24T15:11:00Z,7.098759547547991e-06,0.0011700136618528869,0.0011629149023053389,0
2023-03-24T15:10:55Z,2023-03-24T15:11:00Z,2.3642065784805705e-05,0.0011901502350630316,0.001166508169278226,0
2023-03-24T15:10:55Z,2023-03-24T15:11:00Z,3.502684528543438e-05,0.0012022749573110782,0.0011672481120256438,0
2023-03-24T15:10:55Z,2023-03-24T15:11:00Z,2.9104127820318414e-05,0.0012034301843498985,0.0011743260565295801,0
2023-03-24T15:10:55Z,2023-03-24T15:11:00Z,2.8731937269173887e-05,0.0012162115553448394,0.0011874796180756655,0
2023-03-24T15:10:55Z,2023-03-24T15:11:00Z,2.8450779920359374e-05,0.0012270692388283622,0.0011986184589080028,0
2023-03-24T15:11:55Z,2023-03-24T15:12:00Z,1.9065377905201023e-05,0.0012263709435738064,0.0012073055656686054,1
2023-03-24T15:11:55Z,2023-03-24T15:12:00Z,1.2432948450706149e-05,0.001228003274625073,0.0012155703261743668,1
2023-03-24T15:11:55Z,2023-03-24T15:12:00Z,1.0752208658886117e-05,0.0012339694545745554,0.0012232172459156693,1
2023-03-24T15:11:55Z,2023-03-24T15:12:00Z,3.448844146497574e-06,0.0012236989748625829,0.0012271478190090804,1
2023-03-24T15:11:55Z,2023-03-24T15:12:00Z,1.3150604643949026e-05,0.0012162972862805293,0.0012294478909244783,1
2023-03-24T15:11:55Z,2023-03-24T15:12:00Z,2.265039590138647e-05,0.0012059068387860173,0.0012285572346874038,1
2023-03-24T15:11:55Z,2023-03-24T15:12:00Z,2.9142827127203548e-05,0.0011955124114453523,0.0012246552385725559,1
2023-03-24T15:11:55Z,2023-03-24T15:12:00Z,1.987795170102372e-05,0.001195423081608686,0.0012153010333097098,1
2023-03-24T15:11:55Z,2023-03-24T15:12:00Z,1.2591860598207228e-05,0.0011933136515724257,0.001205905512170633,1
2023-03-24T15:11:55Z,2023-03-24T15:12:00Z,2.0423909869898707e-05,0.0011785235340767866,0.0011989474439466853,1
2023-03-24T15:11:55Z,2023-03-24T15:12:00Z,2.1522790133133565e-05,0.0011732269247423544,0.001194749714875488,1
2023-03-24T15:11:55Z,2023-03-24T15:12:00Z,8.609193074945272e-06,0.0011804775626776875,0.0011890867557526328,1
2023-03-24T15:11:55Z,2023-03-24T15:12:00Z,6.833025219755897e-06,0.0011748550115774328,0.0011816880367971887,1
2023-03-24T15:12:55Z,2023-03-24T15:13:00Z,7.160748045817542e-06,0.0011702485924531254,0.001177409340498943,1
2023-03-24T15:12:55Z,2023-03-24T15:13:00Z,1.1600872360527197e-05,0.0011645856273052976,0.0011761864996658248,1
2023-03-24T15:12:55Z,2023-03-24T15:13:00Z,1.250624620432214e-05,0.00116268747603176,0.001175193722236082,1
2023-03-24T15:12:55Z,2023-03-24T15:13:00Z,1.6546733453616947e-05,0.0011533496769916684,0.0011698964104452853,1
2023-03-24T15:12:55Z,2023-03-24T15:13:00Z,1.3619746663761072e-05,0.0011522208185996334,0.0011658405652633945,1
2023-03-24T15:12:55Z,2023-03-24T15:13:00Z,1.1964479161377401e-06,0.0011614040413590464,0.0011602075934429087,1
2023-03-24T15:12:55Z,2023-03-24T15:13:00Z,4.2710289330223465e-06,0.0011603570194740427,0.0011560859905410204,1
2023-03-24T15:12:55Z,2023-03-24T15:13:00Z,4.2729296226783585e-06,0.0011599311086061277,0.0011556581789834493,1
2023-03-24T15:12:55Z,2023-03-24T15:13:00Z,1.0738051963824023e-05,0.0011687320117747316,0.0011579939598109076,1
2023-03-24T15:12:55Z,2023-03-24T15:13:00Z,1.625625726807108e-05,0.00117682031374781,0.0011605640564797389,1
2023-03-24T15:12:55Z,2023-03-24T15:13:00Z,1.4489059555771898e-05,0.001177495772840739,0.0011630067132849672,1
2023-03-24T15:13:55Z,2023-03-24T15:14:00Z,1.5075543833427537e-05,0.0011835700218763173,0.0011684944780428897,0
2023-03-24T15:13:55Z,2023-03-24T15:14:00Z,2.4034862874469393e-06,0.0011767528524085405,0.0011743493661210936,0
2023-03-24T15:13:55Z,2023-03-24T15:14:00Z,8.803505665986667e-06,0.0011880988751542755,0.0011792953694882888,0
2023-03-24T15:13:55Z,2023-03-24T15:14:00Z,1.697380894687757e-05,0.0011962466913220766,0.001179272882375199,0
2023-03-24T15:13:55Z,2023-03-24T15:14:00Z,2.023999314425826e-05,0.0012030472429573028,0.0011828072498130445,0
2023-03-24T15:13:55Z,2023-03-24T15:14:00Z,1.6041015334246084e-05,0.0012030738216292102,0.0011870328062949641,0
2023-03-24T15:13:55Z,2023-03-24T15:14:00Z,1.1789595076881982e-05,0.0012075871982214336,0.0011957976031445516,0
2023-03-24T15:13:55Z,2023-03-24T15:14:00Z,6.923205607050741e-06,0.0012077124575765807,0.00120078925196953,0
2023-03-24T15:13:55Z,2023-03-24T15:14:00Z,3.4795910891841347e-06,0.0012080490120251663,0.0012045694209359822,0
2023-03-24T15:13:55Z,2023-03-24T15:14:00Z,2.841685396370256e-06,0.001208966177872112,0.0012061244924757417,0
2023-03-24T15:13:55Z,2023-03-24T15:14:00Z,1.6224673581163515e-07,0.001207620642538582,0.0012077828892743936,0
2023-03-24T15:13:55Z,2023-03-24T15:14:00Z,5.318341081514844e-06,0.001202924208076438,0.0012082425491579528,0
2023-03-24T15:13:55Z,2023-03-24T15:14:00Z,3.955323918973606e-06,0.0012121672680642603,0.0012082119441452867,0
2023-03-24T15:14:55Z,2023-03-24T15:15:00Z,1.2288140788714944e-05,0.0011942155353736623,0.0012065036761623772,0
2023-03-24T15:14:55Z,2023-03-24T15:15:00Z,1.709283122819545e-05,0.0011904778749982313,0.0012075707062264268,0
2023-03-24T15:14:55Z,2023-03-24T15:15:00Z,1.2048983656174706e-05,0.0011910533535152788,0.0012031023371714535,0
2023-03-24T15:14:55Z,2023-03-24T15:15:00Z,5.203126855774648e-07,0.0011984332467931404,0.001198953559478718,0
2023-03-24T15:14:55Z,2023-03-24T15:15:00Z,1.3206096952161775e-05,0.0012051216849145526,0.0011919155879623908,0
2023-03-24T15:14:55Z,2023-03-24T15:15:00Z,1.6548160430382214e-05,0.0012098696521992656,0.0011933214917688834,0
2023-03-24T15:14:55Z,2023-03-24T15:15:00Z,1.4547999841538943e-05,0.0012127507615825295,0.0011982027617409906,0
2023-03-24T15:14:55Z,2023-03-24T15:15:00Z,1.55195639369905e-05,0.0012199944252393102,0.0012044748613023197,0
2023-03-24T15:14:55Z,2023-03-24T15:15:00Z,1.8112040984174854e-05,0.0012273594072162908,0.001209247366232116,0
2023-03-24T15:14:55Z,2023-03-24T15:15:00Z,2.225694686577048e-05,0.001236461893206139,0.0012142049463403685,0
2023-03-24T15:14:55Z,2023-03-24T15:15:00Z,2.222720962098408e-05,0.0012422620743003608,0.0012200348646793768,0
2023-03-24T15:14:55Z,2023-03-24T15:15:00Z,1.4905882291361885e-05,0.0012428444575119419,0.00122793857522058,0
2023-03-24T15:15:55Z,2023-03-24T15:16:00Z,1.8617210205588465e-05,0.0012539783351131855,0.001235361124907597,0
2023-03-24T15:15:55Z,2023-03-24T15:16:00Z,1.0053626005751678e-05,0.0012505764343452323,0.0012405228083394806,0
2023-03-24T15:15:55Z,2023-03-24T15:16:00Z,2.349602581660148e-06,0.0012487112248901562,0.001246361622308496,0
2023-03-24T15:15:55Z,2023-03-24T15:16:00Z,3.3976425713741834e-06,0.0012525307182281607,0.0012491330756567865,0
2023-03-24T15:15:55Z,2023-03-24T15:16:00Z,2.0115806403020334e-05,0.0012712044711858785,0.0012510886647828581,0
2023-03-24T15:15:55Z,2023-03-24T15:16:00Z,1.6053134948555182e-05,0.0012666592607697383,0.0012506061258211831,0
2023-03-24T15:15:55Z,2023-03-24T15:16:00Z,7.3895332040547004e-06,0.0012648716713054532,0.0012574821381013985,0
2023-03-24T15:15:55Z,2023-03-24T15:16:00Z,2.8298486617456785e-06,0.0012662946653896714,0.0012634648167279257,0
2023-03-24T15:15:55Z,2023-03-24T15:16:00Z,2.6049135891964992e-06,0.0012649735541644936,0.00126757846775369,0
2023-03-24T15:15:55Z,2023-03-24T15:16:00Z,4.526158038772529e-07,0.0012654892500177436,0.0012659418658216208,0
2023-03-24T15:15:55Z,2023-03-24T15:16:00Z,1.3516721023666646e-05,0.0012788966846435394,0.0012653799636198728,0
2023-03-24T15:16:55Z,2023-03-24T15:17:00Z,1.1801363527768954e-05,0.0012773871867184051,0.0012655858231906362,0
2023-03-24T15:16:55Z,2023-03-24T15:17:00Z,1.619326631623389e-05,0.0012859797625914928,0.001269786496275259,0
2023-03-24T15:16:55Z,2023-03-24T15:17:00Z,1.1606792192003345e-05,0.0012855311659852326,0.0012739243737932293,0
2023-03-24T15:16:55Z,2023-03-24T15:17:00Z,1.2466015625686765e-05,0.0012932205602768326,0.0012807545446511458,0
2023-03-24T15:16:55Z,2023-03-24T15:17:00Z,1.710330913789397e-05,0.0013000693475696042,0.0012829660384317103,0
2023-03-24T15:16:55Z,2023-03-24T15:17:00Z,8.86577388027718e-06,0.0012971096034981298,0.0012882438296178526,0
2023-03-24T15:16:55Z,2023-03-24T15:17:00Z,2.175295392003269e-06,0.0012907650625518866,0.0012929403579438898,0
2023-03-24T15:16:55Z,2023-03-24T15:17:00Z,4.4793803992144565e-06,0.00130127921751407,0.0012967998371148555,0
2023-03-24T15:16:55Z,2023-03-24T15:17:00Z,3.7363027101584324e-06,0.0012997176405833654,0.001295981337873207,0
2023-03-24T15:16:55Z,2023-03-24T15:17:00Z,1.9867824107332524e-06,0.0012983714102654286,0.0012963846278546954,0
2023-03-24T15:16:55Z,2023-03-24T15:17:00Z,1.7187682895989861e-06,0.001298972741839373,0.001297253973549774,0
2023-03-24T15:16:55Z,2023-03-24T15:17:00Z,3.632831315532629e-06,0.0013034222541031541,0.0012997894227876215,0
2023-03-24T15:16:55Z,2023-03-24T15:17:00Z,1.6044864808828713e-05,0.001315065462371551,0.0012990205975627223,0
2023-03-24T15:17:55Z,2023-03-24T15:18:00Z,2.1753534014091417e-05,0.0013220090027500767,0.0013002554687359853,0
2023-03-24T15:17:55Z,2023-03-24T15:18:00Z,2.3551654139966063e-05,0.0013293718069113257,0.0013058201527713597,0
2023-03-24T15:17:55Z,2023-03-24T15:18:00Z,1.5212218483474493e-05,0.0013287111248917352,0.0013134989064082607,0
2023-03-24T15:17:55Z,2023-03-24T15:18:00Z,2.208745966961233e-06,0.0013199400113773567,0.0013221487573443179,0
2023-03-24T15:17:55Z,2023-03-24T15:18:00Z,5.00873812871519e-06,0.0013216885733889974,0.0013266973115177126,0
2023-03-24T15:17:55Z,2023-03-24T15:18:00Z,1.2413940031837274e-06,0.0013247662537236222,0.001326007647726806,0
2023-03-24T15:17:55Z,2023-03-24T15:18:00Z,1.8839897925929886e-06,0.0013215625800934367,0.0013234465698860297,0
2023-03-24T15:17:55Z,2023-03-24T15:18:00Z,2.4335256925028022e-06,0.0013196980871374895,0.0013221316128299923,0
2023-03-24T15:17:55Z,2023-03-24T15:18:00Z,1.2400962826231588e-06,0.0013214323727860622,0.0013226724690686854,0
2023-03-24T15:17:55Z,2023-03-24T15:18:00Z,1.5185196318361982e-05,0.001306823777333154,0.001322008973651516,0
2023-03-24T15:17:55Z,2023-03-24T15:18:00Z,2.8404057026625712e-05,0.001292493622979037,0.0013208976800056628,0
2023-03-24T15:17:55Z,2023-03-24T15:18:00Z,3.642358899782626e-05,0.001279561156754409,0.0013159847457522352,0
2023-03-24T15:18:55Z,2023-03-24T15:19:00Z,3.205038315950417e-05,0.001274866207873247,0.0013069165910327511,0
2023-03-24T15:18:55Z,2023-03-24T15:19:00Z,1.998174396958133e-05,0.0012729777750526187,0.0012929595190222,0
2023-03-24T15:18:55Z,2023-03-24T15:19:00Z,1.625345554402886e-05,0.0012660535403248687,0.0012823069958688975,0
2023-03-24T15:18:55Z,2023-03-24T15:19:00Z,1.660524768445958e-05,0.0012591964655422987,0.0012758017132267583,0
2023-03-24T15:18:55Z,2023-03-24T15:19:00Z,1.7915025771498725e-05,0.0012533841486454128,0.0012712991744169115,0
2023-03-24T15:18:55Z,2023-03-24T15:19:00Z,1.1540538368067562e-05,0.0012545353886051944,0.001266075926973262,0
2023-03-24T15:18:55Z,2023-03-24T15:19:00Z,4.532650118189985e-07,0.001259091453159041,0.00125954471817086,0
2023-03-24T15:18:55Z,2023-03-24T15:19:00Z,1.8225197741046813e-06,0.0012575278540384067,0.001255705334264302,0
2023-03-24T15:18:55Z,2023-03-24T15:19:00Z,1.3556964723578438e-06,0.0012570260266089072,0.0012556703301365494,0
2023-03-24T15:18:55Z,2023-03-24T15:19:00Z,1.7206437523933828e-06,0.0012587722090199407,0.0012570515652675473,0
2023-03-24T15:18:55Z,2023-03-24T15:19:00Z,5.093321435584381e-06,0.0012527884564998673,0.0012578817779354517,0
2023-03-24T15:18:55Z,2023-03-24T15:19:00Z,1.5535503310580828e-05,0.0012422398599118373,0.0012577753632224181,0
2023-03-24T15:19:55Z,2023-03-24T15:20:00Z,2.990809641461147e-05,0.0012262874676282935,0.001256195564042905,0
2023-03-24T15:19:55Z,2023-03-24T15:20:00Z,4.172550415721017e-05,0.0012095413376533382,0.0012512668418105484,0
2023-03-24T15:19:55Z,2023-03-24T15:20:00Z,3.131269062876265e-05,0.0012091259040512368,0.0012404385946799994,0
2023-03-24T15:19:55Z,2023-03-24T15:20:00Z,1.5936027146840797e-05,0.0012100868612509822,0.001226022888397823,0
2023-03-24T15:19:55Z,2023-03-24T15:20:00Z,4.448878796183822e-06,0.0012105360243147723,0.0012149849031109561,0
2023-03-24T15:19:55Z,2023-03-24T15:20:00Z,9.626729923094398e-06,0.00121921143090828,0.0012095847009851856,0
2023-03-24T15:19:55Z,2023-03-24T15:20:00Z,1.3443394257698455e-05,0.0012233596574633622,0.0012099162632056638,0
2023-03-24T15:19:55Z,2023-03-24T15:20:00Z,9.634146293811168e-06,0.001222912251785156,0.0012132781054913448,0
2023-03-24T15:19:55Z,2023-03-24T15:20:00Z,3.260431137375522e-07,0.001218028414009209,0.0012177023708954714,0
2023-03-24T15:19:55Z,2023-03-24T15:20:00Z,5.059806462617139e-08,0.0012218783781168922,0.001221827780052266,0
2023-03-24T15:19:55Z,2023-03-24T15:20:00Z,1.4892722304707222e-06,0.00122292271331638,0.0012214334410859092,0
2023-03-24T15:19:55Z,2023-03-24T15:20:00Z,1.944801989044653e-06,0.0012228844832927969,0.0012209396813037522,0
2023-03-24T15:20:55Z,2023-03-24T15:21:00Z,7.708025862243704e-06,0.0012132351426185834,0.001220943168480827,0
2023-03-24T15:20:55Z,2023-03-24T15:21:00Z,5.761230567018346e-06,0.0012168006276750047,0.001222561858242023,0
2023-03-24T15:20:55Z,2023-03-24T15:21:00Z,6.624537402436133e-06,0.0012130562423401505,0.0012196807797425866,0
2023-03-24T15:20:55Z,2023-03-24T15:21:00Z,6.086294789963906e-06,0.001223726379318759,0.001217640084528795,0
2023-03-24T15:20:55Z,2023-03-24T15:21:00Z,7.01478978439138e-06,0.0012213787939956374,0.001214364004211246,0
2023-03-24T15:20:55Z,2023-03-24T15:21:00Z,6.4760214860432475e-06,0.0012113850616252615,0.0012178610831113047,0
2023-03-24T15:20:55Z,2023-03-24T15:21:00Z,1.315420371601479e-05,0.001206232934835501,0.0012193871385515157,0
2023-03-24T15:20:55Z,2023-03-24T15:21:00Z,2.5685993161055033e-05,0.0011931440851521641,0.0012188300783132191,0
2023-03-24T15:20:55Z,2023-03-24T15:21:00Z,2.4635898576405623e-05,0.0011883630315757277,0.0012129989301521333,0
2023-03-24T15:20:55Z,2023-03-24T15:21:00Z,2.175153121537158e-05,0.0011818358293222706,0.0012035873605376422,0
2023-03-24T15:20:55Z,2023-03-24T15:21:00Z,1.3526060353785587e-05,0.0011823872901673453,0.0011959133505211308,0
2023-03-24T15:20:55Z,2023-03-24T15:21:00Z,5.267742421620264e-06,0.0011825132395951005,0.0011877809820167208,0
2023-03-24T15:21:55Z,2023-03-24T15:22:00Z,4.687711542990941e-06,0.001179507672145457,0.0011841953836884478,0
2023-03-24T15:21:55Z,2023-03-24T15:22:00Z,2.5156594829023413e-06,0.001184761112511141,0.0011822454530282386,0
2023-03-24T15:21:55Z,2023-03-24T15:22:00Z,8.87250116643739e-06,0.0011903419018024048,0.0011814694006359674,0
2023-03-24T15:21:55Z,2023-03-24T15:22:00Z,1.144431979423731e-05,0.0011937049945448034,0.001182260674750566,0
2023-03-24T15:21:55Z,2023-03-24T15:22:00Z,1.4396060891587632e-05,0.001199266289711255,0.0011848702288196674,0
2023-03-24T15:21:55Z,2023-03-24T15:22:00Z,8.447796675801469e-06,0.0011980504662952513,0.0011896026696194498,0
2023-03-24T15:21:55Z,2023-03-24T15:22:00Z,2.3350333173638525e-06,0.0011967727620035183,0.0011944377286861544,0
2023-03-24T15:21:55Z,2023-03-24T15:22:00Z,9.914998163518826e-06,0.001206922248347289,0.0011970072501837701,0
2023-03-24T15:21:55Z,2023-03-24T15:22:00Z,1.972234162594933e-05,0.0012177521809626241,0.0011980298393366748,0
2023-03-24T15:21:55Z,2023-03-24T15:22:00Z,2.106007882719525e-05,0.0012216419043758813,0.001200581825548686,0
2023-03-24T15:21:55Z,2023-03-24T15:22:00Z,1.4851758245711631e-05,0.0012220008220168554,0.0012071490637711438,0
2023-03-24T15:21:55Z,2023-03-24T15:22:00Z,1.1235366783231455e-05,0.0012266741446784963,0.0012154387778952648,0
2023-03-24T15:22:55Z,2023-03-24T15:23:00Z,8.305245848586832e-06,0.0012287702149670406,0.0012204649691184538,0
2023-03-24T15:22:55Z,2023-03-24T15:23:00Z,3.7314596621003567e-06,0.0012271704166858448,0.0012234389570237444,0
2023-03-24T15:22:55Z,2023-03-24T15:23:00Z,7.930306799072001e-06,0.0012337453673532028,0.0012258150605541308,0
2023-03-24T15:22:55Z,2023-03-24T15:23:00Z,4.8473257495736805e-06,0.0012323855845267008,0.0012275382587771271,0
2023-03-24T15:22:55Z,2023-03-24T15:23:00Z,1.1632511692012898e-05,0.0012415278446940424,0.0012298953330020295,0
2023-03-24T15:22:55Z,2023-03-24T15:23:00Z,2.8510106561515725e-05,0.0012596105627500985,0.0012311004561885827,0
2023-03-24T15:22:55Z,2023-03-24T15:23:00Z,2.8697183992178318e-05,0.0012645834495168269,0.0012358862655246486,0
2023-03-24T15:22:55Z,2023-03-24T15:23:00Z,3.3649490118771485e-05,0.0012781574874423855,0.001244507997323614,0
2023-03-24T15:22:55Z,2023-03-24T15:23:00Z,2.144307828253248e-05,0.0012766836972695219,0.0012552406189869894,0
2023-03-24T15:22:55Z,2023-03-24T15:23:00Z,9.562651707157276e-06,0.001277013151610261,0.0012674504999031038,0
2023-03-24T15:22:55Z,2023-03-24T15:23:00Z,8.719026323791585e-07,0.0012722696421105322,0.0012731415447429114,0
2023-03-24T15:22:55Z,2023-03-24T15:23:00Z,6.160332613644806e-06,0.0012711244461604116,0.0012772847787740564,0
2023-03-24T15:23:55Z,2023-03-24T15:24:00Z,8.476899045342396e-06,0.0012668452646180958,0.0012753221636634382,0
2023-03-24T15:23:55Z,2023-03-24T15:24:00Z,3.2432842530963173e-07,0.001273144751535092,0.0012734690799604015,0
2023-03-24T15:23:55Z,2023-03-24T15:24:00Z,4.569642176965958e-07,0.001270536748514043,0.0012700797842963463,0
2023-03-24T15:23:55Z,2023-03-24T15:24:00Z,8.372442901424066e-06,0.0012787439303392906,0.0012703714874378665,0
2023-03-24T15:23:55Z,2023-03-24T15:24:00Z,7.660332889467773e-06,0.0012778359211118781,0.0012701755882224104,0
2023-03-24T15:23:55Z,2023-03-24T15:24:00Z,8.767815184463788e-06,0.001282909625313939,0.0012741418101294751,0
2023-03-24T15:23:55Z,2023-03-24T15:24:00Z,5.134128737415214e-06,0.0012808396620591523,0.001275705533321737,0
2023-03-24T15:23:55Z,2023-03-24T15:24:00Z,1.1609237458477676e-05,0.0012682205881298916,0.0012798298255883693,0
2023-03-24T15:23:55Z,2023-03-24T15:24:00Z,2.273819341163893e-05,0.0012577902094166842,0.0012805284028283232,0
2023-03-24T15:23:55Z,2023-03-24T15:24:00Z,1.6382550228720774e-05,0.001260940741605607,0.0012773232918343277,0
2023-03-24T15:23:55Z,2023-03-24T15:24:00Z,1.0774973113802716e-05,0.0012581751800881066,0.0012689501532019093,0
2023-03-24T15:23:55Z,2023-03-24T15:24:00Z,3.4731915553489878e-06,0.0012588439881620454,0.0012623171797173944,0
2023-03-24T15:24:55Z,2023-03-24T15:25:00Z,3.981373873474404e-06,0.0012549873364966582,0.0012589687103701326,0
2023-03-24T15:24:55Z,2023-03-24T15:25:00Z,1.2883291934759561e-05,0.0012464366780171598,0.0012593199699519194,0
2023-03-24T15:24:55Z,2023-03-24T15:25:00Z,3.094732587468024e-05,0.0012263881757075899,0.0012573355015822701,0
2023-03-24T15:24:55Z,2023-03-24T15:25:00Z,1.9763607334546702e-05,0.0012336590602240744,0.0012534226675586211,0
2023-03-24T15:24:55Z,2023-03-24T15:25:00Z,1.4536441135461382e-05,0.0012280676222716745,0.001242604063407136,0
2023-03-24T15:24:55Z,2023-03-24T15:25:00Z,1.7097333453331342e-05,0.0012183973045296103,0.0012354946379829416,0
2023-03-24T15:24:55Z,2023-03-24T15:25:00Z,2.2242186997634833e-06,0.0012271474007013495,0.001229371619401113,0
2023-03-24T15:24:55Z,2023-03-24T15:25:00Z,7.82388880923965e-06,0.0012188841068658802,0.0012267079956751199,0
2023-03-24T15:24:55Z,2023-03-24T15:25:00Z,1.3248555623406218e-06,0.0012232125869385375,0.001224537442500878,0
2023-03-24T15:24:55Z,2023-03-24T15:25:00Z,2.5105251542643144e-06,0.0012189657455446822,0.0012214762706989465,0
2023-03-24T15:24:55Z,2023-03-24T15:25:00Z,4.615305622092652e-06,0.001218466059213163,0.0012230813648352558,0
2023-03-24T15:24:55Z,2023-03-24T15:25:00Z,3.927263388278342e-06,0.0012242814098379785,0.0012203541464497001,0
2023-03-24T15:25:55Z,2023-03-24T15:26:00Z,4.280456861990899e-06,0.0012244952540941185,0.0012202147972321276,0
2023-03-24T15:25:55Z,2023-03-24T15:26:00Z,5.67424570822395e-06,0.0012148968258237174,0.0012205710715319413,0
2023-03-24T15:25:55Z,2023-03-24T15:26:00Z,8.517429179075294e-06,0.0012138968118693447,0.00122241424104842,0
2023-03-24T15:25:55Z,2023-03-24T15:26:00Z,1.601062956096467e-05,0.0012052138670243066,0.0012212244965852713,0
2023-03-24T15:25:55Z,2023-03-24T15:26:00Z,8.130125952015383e-06,0.0012096328379770447,0.00121776296392906,0
2023-03-24T15:25:55Z,2023-03-24T15:26:00Z,8.989870664368122e-06,0.0012023459642414214,0.0012113358349057895,0
2023-03-24T15:25:55Z,2023-03-24T15:26:00Z,1.0654051691544623e-05,0.0011989271205986873,0.001209581172290232,0
2023-03-24T15:25:55Z,2023-03-24T15:26:00Z,4.990131608656771e-06,0.0012107210213562478,0.001205730889747591,0
2023-03-24T15:25:55Z,2023-03-24T15:26:00Z,2.51327792060883e-06,0.0012061485855263266,0.0012036353076057178,0
2023-03-24T15:25:55Z,2023-03-24T15:26:00Z,1.0369144964479096e-05,0.0012143671803632647,0.0012039980353987856,0
2023-03-24T15:25:55Z,2023-03-24T15:26:00Z,1.838175507303994e-05,0.0012236473309001272,0.0012052655758270873,0
2023-03-24T15:25:55Z,2023-03-24T15:26:00Z,2.989670450193136e-05,0.001240308966917211,0.0012104122624152797,0
2023-03-24T15:26:55Z,2023-03-24T15:27:00Z,2.873686919691986e-05,0.0012434579014601592,0.0012147210322632394,0
2023-03-24T15:26:55Z,2023-03-24T15:27:00Z,2.3548132330436945e-05,0.001249655958390638,0.001226107826060201,0
2023-03-24T15:26:55Z,2023-03-24T15:27:00Z,2.1651966670671813e-05,0.001257456699763171,0.001235804733092499,0
2023-03-24T15:26:55Z,2023-03-24T15:27:00Z,2.1995588864618656e-05,0.0012664698644539547,0.001244474275589336,0
2023-03-24T15:26:55Z,2023-03-24T15:27:00Z,2.2204966112716797e-05,0.001272395152650706,0.0012501901865379892,0
2023-03-24T15:26:55Z,2023-03-24T15:27:00Z,2.088383309782095e-05,0.0012787446739670756,0.0012578608408692546,0
2023-03-24T15:26:55Z,2023-03-24T15:27:00Z,1.5144491228667907e-05,0.0012805850635179451,0.0012654405722892772,0
2023-03-24T15:26:55Z,2023-03-24T15:27:00Z,2.487432226941236e-05,0.0012974108859599913,0.001272536563690579,0
2023-03-24T15:26:55Z,2023-03-24T15:27:00Z,2.5723924612885887e-05,0.0013029655546581281,0.0012772416300452422,0
2023-03-24T15:26:55Z,2023-03-24T15:27:00Z,2.006934194258639e-05,0.0013056495497575905,0.001285580207815004,0
2023-03-24T15:26:55Z,2023-03-24T15:27:00Z,1.4917025022954987e-05,0.0013085708597349766,0.0012936538347120216,0
2023-03-24T15:26:55Z,2023-03-24T15:27:00Z,5.53117328987488e-06,0.0013075398367484448,0.0013020086634585699,0
2023-03-24T15:27:55Z,2023-03-24T15:28:00Z,5.2925984151237174e-06,0.0013110212531320222,0.0013057286547168985,0
2023-03-24T15:27:55Z,2023-03-24T15:28:00Z,2.012525098068151e-05,0.0013273786663943522,0.0013072534154136707,0
2023-03-24T15:27:55Z,2023-03-24T15:28:00Z,2.1729675505832323e-05,0.0013307736587109802,0.001309043983205148,0
2023-03-24T15:27:55Z,2023-03-24T15:28:00Z,2.5196515218150594e-05,0.0013405097673097571,0.0013153132520916065,0
2023-03-24T15:27:55Z,2023-03-24T15:28:00Z,1.294471418304688e-05,0.0013360025735954986,0.0013230578594124517,0
2023-03-24T15:27:55Z,2023-03-24T15:28:00Z,1.6494981959303294e-05,0.0013493823460976665,0.0013328873641383632,0
2023-03-24T15:27:55Z,2023-03-24T15:28:00Z,1.8753433800621335e-05,0.0013545154336727001,0.0013357619998720788,0
2023-03-24T15:27:55Z,2023-03-24T15:28:00Z,3.073774796863958e-06,0.0013388911208707768,0.0013419648956676407,0
2023-03-24T15:27:55Z,2023-03-24T15:28:00Z,6.012745530907743e-06,0.0013526461966528627,0.001346633451121955,0
2023-03-24T15:27:55Z,2023-03-24T15:28:00Z,1.7440756814564654e-06,0.001349340375895171,0.0013475963002137145,0
2023-03-24T15:27:55Z,2023-03-24T15:28:00Z,9.307395369483745e-06,0.001339376855029296,0.0013486842503987798,0
2023-03-24T15:27:55Z,2023-03-24T15:28:00Z,1.4521926454154907e-05,0.0013324373046854484,0.0013469592311396033,0
2023-03-24T15:28:55Z,2023-03-24T15:29:00Z,1.3659872664984613e-05,0.001333461269860792,0.0013471211425257765,0
2023-03-24T15:28:55Z,2023-03-24T15:29:00Z,1.219275194938238e-06,0.001339165570008367,0.0013403848452033052,0
2023-03-24T15:28:55Z,2023-03-24T15:29:00Z,2.3880056779449627e-06,0.0013327038041805672,0.0013350918098585121,0
2023-03-24T15:28:55Z,2023-03-24T15:29:00Z,3.033316287373621e-05,0.001304688218644466,0.0013350213815182023,0
2023-03-24T15:28:55Z,2023-03-24T15:29:00Z,4.0081353217237764e-05,0.0012950288614660042,0.001335110214683242,0
2023-03-24T15:28:55Z,2023-03-24T15:29:00Z,3.075096470401238e-05,0.0012947682329071209,0.0013255191976111332,0
2023-03-24T15:28:55Z,2023-03-24T15:29:00Z,3.0599500329107215e-05,0.0012802074611012384,0.0013108069614303456,0
2023-03-24T15:28:55Z,2023-03-24T15:29:00Z,3.142534646408601e-05,0.0012667364245417775,0.0012981617710058635,0
2023-03-24T15:28:55Z,2023-03-24T15:29:00Z,2.4535808512271247e-05,0.0012654657099791832,0.0012900015184914545,0
2023-03-24T15:28:55Z,2023-03-24T15:29:00Z,1.5322290342453327e-05,0.0012652484158409256,0.0012805707061833789,0
2023-03-24T15:28:55Z,2023-03-24T15:29:00Z,4.366989518079243e-06,0.001266436209022654,0.0012708031985407332,0
2023-03-24T15:28:55Z,2023-03-24T15:29:00Z,2.094872058365201e-06,0.001267911722178994,0.0012658168501206287,0
2023-03-24T15:29:55Z,2023-03-24T15:30:00Z,3.4487251963318845e-06,0.001262268053084589,0.001265716778280921,0
2023-03-24T15:29:55Z,2023-03-24T15:30:00Z,1.2675211145751894e-05,0.001253856904535106,0.0012665321156808578,0
2023-03-24T15:29:55Z,2023-03-24T15:30:00Z,7.964806206729258e-06,0.0012575738552220166,0.0012655386614287458,0
2023-03-24T15:29:55Z,2023-03-24T15:30:00Z,3.7387365681253778e-06,0.001257606823364771,0.0012613455599328964,0
2023-03-24T15:29:55Z,2023-03-24T15:30:00Z,4.282162658027873e-06,0.0012536174416225426,0.0012578996042805705,0
2023-03-24T15:29:55Z,2023-03-24T15:30:00Z,4.2058994537000696e-07,0.0012559252710952612,0.0012563458610406312,0
2023-03-24T15:29:55Z,2023-03-24T15:30:00Z,1.0509631173543678e-06,0.0012552150769524224,0.0012562660400697767,0
2023-03-24T15:29:55Z,2023-03-24T15:30:00Z,2.215770707835298e-06,0.0012579322827353603,0.001255716512027525,0
2023-03-24T15:29:55Z,2023-03-24T15:30:00Z,3.85731508161305e-06,0.0012587765783050218,0.0012549192632234087,0
2023-03-24T15:29:55Z,2023-03-24T15:30:00Z,7.8871578392608e-06,0.0012642447014336088,0.001256357543594348,0
2023-03-24T15:29:55Z,2023-03-24T15:30:00Z,1.0754892801387262e-05,0.001268062872132322,0.0012573079793309347,0
2023-03-24T15:29:55Z,2023-03-24T15:30:00Z,1.4817020732338891e-05,0.001275134874890336,0.001260317854157997,0
2023-03-24T15:30:55Z,2023-03-24T15:31:00Z,8.562474118973401e-06,0.001272257191409291,0.0012636947172903175,0
2023-03-24T15:30:55Z,2023-03-24T15:31:00Z,9.468823868249553e-06,0.0012786163066870052,0.0012691474828187557,0
2023-03-24T15:30:55Z,2023-03-24T15:31:00Z,1.2690288669205607e-05,0.0012845086014798552,0.0012718183128106496,0
2023-03-24T15:30:55Z,2023-03-24T15:31:00Z,1.3030511162888956e-05,0.0012883666354917664,0.0012753361243288774,0
2023-03-24T15:30:55Z,2023-03-24T15:31:00Z,2.1671532235644463e-05,0.0013001322320943616,0.0012784606998587171,0
2023-03-24T15:30:55Z,2023-03-24T15:31:00Z,1.6442213776569122e-05,0.0013002727283294446,0.0012838305145528755,0
2023-03-24T15:30:55Z,2023-03-24T15:31:00Z,1.8535000910717327e-05,0.0013095374905993786,0.0012910024896886612,0
2023-03-24T15:30:55Z,2023-03-24T15:31:00Z,1.8009094147240822e-05,0.001314266292785765,0.0012962571986385241,0
2023-03-24T15:30:55Z,2023-03-24T15:31:00Z,1.2415601263658649e-05,0.0013157297516047202,0.0013033141503410615,0
2023-03-24T15:30:55Z,2023-03-24T15:31:00Z,1.4684659870315558e-05,0.001322710163775178,0.0013080255039048625,0
2023-03-24T15:30:55Z,2023-03-24T15:31:00Z,1.3620590706474615e-05,0.0013267984357030957,0.001313177844996621,0
2023-03-24T15:31:55Z,2023-03-24T15:32:00Z,1.106575780367592e-05,0.001328634493858897,0.001317568736055221,0
2023-03-24T15:31:55Z,2023-03-24T15:32:00Z,2.251555306922613e-05,0.0013442616700968908,0.0013217461170276646,0
2023-03-24T15:31:55Z,2023-03-24T15:32:00Z,2.1023571427443996e-05,0.0013470712692065009,0.0013260476977790569,0
2023-03-24T15:31:55Z,2023-03-24T15:32:00Z,1.7035798316398327e-05,0.0013502673315360261,0.0013332315332196278,0
2023-03-24T15:31:55Z,2023-03-24T15:32:00Z,1.0768840292959322e-05,0.0013507579846803888,0.0013399891443874295,0
2023-03-24T15:31:55Z,2023-03-24T15:32:00Z,4.902129217199212e-06,0.0013521022194970052,0.001347200090279806,0
2023-03-24T15:31:55Z,2023-03-24T15:32:00Z,9.626976297077896e-06,0.0013397385521772274,0.0013493655284743053,0
2023-03-24T15:31:55Z,2023-03-24T15:32:00Z,1.3117003584302333e-05,0.001337925508320171,0.0013510425119044732,0
2023-03-24T15:31:55Z,2023-03-24T15:32:00Z,1.674793790203393e-05,0.00133078498088284,0.001347532918784874,0
2023-03-24T15:31:55Z,2023-03-24T15:32:00Z,5.218709254532468e-06,0.0013380367174102687,0.0013432554266648012,0
2023-03-24T15:31:55Z,2023-03-24T15:32:00Z,3.0085356949401034e-06,0.0013391582161550197,0.0013361496804600796,0
2023-03-24T15:31:55Z,2023-03-24T15:32:00Z,8.673065789094932e-07,0.0013364497087833362,0.0013355824022044268,0
2023-03-24T15:31:55Z,2023-03-24T15:32:00Z,8.996441429320878e-08,0.0013359033404017496,0.0013359933048160428,0
2023-03-24T15:32:55Z,2023-03-24T15:33:00Z,2.592342714139882e-06,0.0013404738901636813,0.0013378815474495414,0
2023-03-24T15:32:55Z,2023-03-24T15:33:00Z,4.6315464453765276e-07,0.0013367072671354974,0.001337170421780035,0
2023-03-24T15:32:55Z,2023-03-24T15:33:00Z,5.8448594997370824e-06,0.0013434538392826593,0.0013376089797829222,0
2023-03-24T15:32:55Z,2023-03-24T15:33:00Z,1.0463075337190748e-05,0.0013481579079041668,0.001337694832566976,0
2023-03-24T15:32:55Z,2023-03-24T15:33:00Z,2.8198040922537606e-06,0.001343031469619533,0.0013402116655272793,0
2023-03-24T15:32:55Z,2023-03-24T15:33:00Z,9.075836999040271e-08,0.0013426822464041174,0.0013427730047741078,0
2023-03-24T15:32:55Z,2023-03-24T15:33:00Z,2.927672512708073e-06,0.0013419533997560784,0.0013448810722687865,0
2023-03-24T15:32:55Z,2023-03-24T15:33:00Z,5.685813283623888e-06,0.0013503096879262295,0.0013446238746426056,0
2023-03-24T15:32:55Z,2023-03-24T15:33:00Z,1.2289552944360835e-05,0.0013548452582042702,0.0013425557052599093,0
2023-03-24T15:32:55Z,2023-03-24T15:33:00Z,7.263780634465897e-06,0.0013522455586632742,0.0013449817780288083,0
2023-03-24T15:32:55Z,2023-03-24T15:33:00Z,1.1486729317295146e-05,0.0013605228446128212,0.001349036115295526,0
2023-03-24T15:32:55Z,2023-03-24T15:33:00Z,1.709383701429222e-05,0.0013695606719455501,0.001352466834931258,0
2023-03-24T15:33:55Z,2023-03-24T15:34:00Z,2.869150815605734e-05,0.0013845627286495125,0.0013558712204934551,0
2023-03-24T15:33:55Z,2023-03-24T15:34:00Z,3.113176555169343e-05,0.0013919081239589088,0.0013607763584072153,0
2023-03-24T15:33:55Z,2023-03-24T15:34:00Z,2.618822589918186e-05,0.0013977369743018095,0.0013715487484026276,0
2023-03-24T15:33:55Z,2023-03-24T15:34:00Z,2.6561660367652087e-05,0.0014085721685523091,0.001382010508184657,0
2023-03-24T15:33:55Z,2023-03-24T15:34:00Z,1.3715935644354393e-05,0.0014051185446144311,0.0013914026089700768,0
2023-03-24T15:33:55Z,2023-03-24T15:34:00Z,1.37499916790598e-05,0.0014131557472834022,0.0013994057556043424,0
2023-03-24T15:33:55Z,2023-03-24T15:34:00Z,4.9894236142955e-06,0.0014087986527704787,0.0014038092291561832,0
2023-03-24T15:33:55Z,2023-03-24T15:34:00Z,3.9684662271458927e-07,0.0014093456667727622,0.0014089488201500476,0
2023-03-24T15:33:55Z,2023-03-24T15:34:00Z,7.863297152127871e-06,0.0014011610177373094,0.0014090243148894373,0
2023-03-24T15:33:55Z,2023-03-24T15:34:00Z,8.47752072638151e-06,0.0014019558348824996,0.001410433355608881,0
2023-03-24T15:33:55Z,2023-03-24T15:34:00Z,1.030007696236658e-05,0.0014167351893892167,0.00140643511242685,0
2023-03-24T15:33:55Z,2023-03-24T15:34:00Z,3.447731032805209e-06,0.0014076019041636624,0.0014041541731308572,0
2023-03-24T15:34:55Z,2023-03-24T15:35:00Z,2.065191680461747e-06,0.0014086825390168037,0.001406617347336342,0
2023-03-24T15:34:55Z,2023-03-24T15:35:00Z,5.239410740514499e-06,0.001414003720218974,0.0014087643094784594,0
2023-03-24T15:34:55Z,2023-03-24T15:35:00Z,2.324677679158612e-06,0.0014086818665107355,0.0014110065441898941,0
2023-03-24T15:34:55Z,2023-03-24T15:35:00Z,5.6011494608721075e-06,0.001404494905005608,0.0014100960544664802,0
2023-03-24T15:34:55Z,2023-03-24T15:35:00Z,3.857304927481174e-06,0.0014065987369880231,0.0014104560419155043,0
2023-03-24T15:34:55Z,2023-03-24T15:35:00Z,7.762451483266054e-06,0.0014012977124285063,0.0014090601639117723,0
2023-03-24T15:34:55Z,2023-03-24T15:35:00Z,1.7478698689907604e-05,0.0013891131374782146,0.0014065918361681222,0
2023-03-24T15:34:55Z,2023-03-24T15:35:00Z,9.708574595927028e-06,0.0013944218768781188,0.0014041304514740458,0
2023-03-24T15:34:55Z,2023-03-24T15:35:00Z,1.5305937363498633e-05,0.0013836972582680828,0.0013990031956315815,0
2023-03-24T15:34:55Z,2023-03-24T15:35:00Z,1.5212936351643265e-05,0.0013797313059099698,0.001394944242261613,0
2023-03-24T15:34:55Z,2023-03-24T15:35:00Z,4.025631997217963e-06,0.0013850517922109208,0.0013890774242081387,0
2023-03-24T15:34:55Z,2023-03-24T15:35:00Z,3.867949565159855e-06,0.0013898180965838836,0.0013859501470187237,0
2023-03-24T15:35:55Z,2023-03-24T15:36:00Z,1.085188705087425e-06,0.0013817415967579036,0.001382826785462991,0
2023-03-24T15:35:55Z,2023-03-24T15:36:00Z,1.7446158191740044e-06,0.0013866116807207654,0.0013848670649015914,0
2023-03-24T15:35:55Z,2023-03-24T15:36:00Z,2.4952661873919348e-06,0.0013830418956635108,0.0013855371618509027,0
2023-03-24T15:35:55Z,2023-03-24T15:36:00Z,3.0017096394562275e-06,0.0013830554150480615,0.0013860571246875177,0
2023-03-24T15:35:55Z,2023-03-24T15:36:00Z,5.795613216851708e-06,0.0013780027778305416,0.0013837983910473934,0
2023-03-24T15:35:55Z,2023-03-24T15:36:00Z,3.036188236667887e-06,0.0013812001422407781,0.001384236330477446,0
2023-03-24T15:35:55Z,2023-03-24T15:36:00Z,5.472466096390722e-06,0.0013868391622770954,0.0013813666961807046,0
2023-03-24T15:35:55Z,2023-03-24T15:36:00Z,4.85667327936967e-06,0.0013856094516524968,0.001380752778373127,0
2023-03-24T15:35:55Z,2023-03-24T15:36:00Z,2.6602518113716996e-06,0.0013846742792608434,0.0013820140274494717,0
2023-03-24T15:35:55Z,2023-03-24T15:36:00Z,1.7615953055250076e-06,0.0013827879900845984,0.0013845495853901234,0
2023-03-24T15:35:55Z,2023-03-24T15:36:00Z,1.411991254194364e-05,0.0013715877185215349,0.0013857076310634785,0
2023-03-24T15:35:55Z,2023-03-24T15:36:00Z,1.8005866349180954e-05,0.0013663513739834653,0.0013843572403326463,0
2023-03-24T15:36:55Z,2023-03-24T15:37:00Z,1.2255174393509911e-05,0.0013674281548954823,0.0013796833292889922,0
2023-03-24T15:36:55Z,2023-03-24T15:37:00Z,7.785255425399968e-06,0.001365790438771133,0.0013735756941965329,0
2023-03-24T15:36:55Z,2023-03-24T15:37:00Z,3.3351648158700797e-06,0.001365120584317624,0.0013684557491334941,0
2023-03-24T15:36:55Z,2023-03-24T15:37:00Z,3.442304410184978e-06,0.001363081018139842,0.001366523322550027,0
2023-03-24T15:36:55Z,2023-03-24T15:37:00Z,7.743654470528712e-06,0.0013583694048575508,0.0013661130593280795,0
2023-03-24T15:36:55Z,2023-03-24T15:37:00Z,2.577696813809696e-06,0.001367241710556676,0.0013646640137428662,0
2023-03-24T15:36:55Z,2023-03-24T15:37:00Z,2.1796809005132775e-05,0.0013839871447768053,0.0013621903357716725,0
2023-03-24T15:36:55Z,2023-03-24T15:37:00Z,2.1540851838290024e-05,0.0013844382296896462,0.0013628973778513562,0
2023-03-24T15:36:55Z,2023-03-24T15:37:00Z,3.236556540710364e-05,0.0014022316521374479,0.0013698660867303442,0
2023-03-24T15:36:55Z,2023-03-24T15:37:00Z,2.6506580250740177e-05,0.0014050622752584494,0.0013785556950077092,0
2023-03-24T15:36:55Z,2023-03-24T15:37:00Z,1.5086548030592353e-05,0.0014053055568985587,0.0013902190088679663,0
2023-03-24T15:36:55Z,2023-03-24T15:37:00Z,9.203583986135654e-06,0.0014064476363479835,0.0013972440523618479,0
2023-03-24T15:37:55Z,2023-03-24T15:38:00Z,1.0344466668403161e-05,0.0014145442947665551,0.001404199828098152,0
2023-03-24T15:37:55Z,2023-03-24T15:38:00Z,7.012537477980559e-06,0.001412617693646311,0.0014056051561683305,0
2023-03-24T15:37:55Z,2023-03-24T15:38:00Z,1.4822993433482668e-05,0.0014235888227711819,0.0014087658293376992,0
2023-03-24T15:37:55Z,2023-03-24T15:38:00Z,2.5315747251620536e-06,0.0014137347829787786,0.0014112032082536166,0
2023-03-24T15:37:55Z,2023-03-24T15:38:00Z,8.474270534847197e-06,0.0014253912075961966,0.0014169169370613494,0
2023-03-24T15:37:55Z,2023-03-24T15:38:00Z,6.006430159126658e-06,0.0014106406696396305,0.0014166470997987572,0
2023-03-24T15:37:55Z,2023-03-24T15:38:00Z,6.4763255732784575e-06,0.0014144286122087738,0.0014209049377820523,0
2023-03-24T15:37:55Z,2023-03-24T15:38:00Z,1.289809231602105e-06,0.001417878695969804,0.0014165888867382018,0
2023-03-24T15:37:55Z,2023-03-24T15:38:00Z,9.302118831352839e-08,0.0014169131843365136,0.0014168201631482,0
2023-03-24T15:37:55Z,2023-03-24T15:38:00Z,4.4588925594332e-06,0.0014187748851655028,0.0014143159926060696,0
2023-03-24T15:37:55Z,2023-03-24T15:38:00Z,1.0340176586679482e-06,0.0014174408484970316,0.0014164068308383636,0
2023-03-24T15:37:55Z,2023-03-24T15:38:00Z,2.2252250168686063e-05,0.0013956033383219206,0.0014178555884906067,0
2023-03-24T15:38:55Z,2023-03-24T15:39:00Z,2.5335243902423026e-05,0.001392374395430593,0.001417709639333016,0
2023-03-24T15:38:55Z,2023-03-24T15:39:00Z,2.6345445678781308e-05,0.0013842609116493704,0.0014106063573281517,0
2023-03-24T15:38:55Z,2023-03-24T15:39:00Z,2.1025407506628955e-05,0.0013807807865765529,0.0014018061940831818,0
2023-03-24T15:38:55Z,2023-03-24T15:39:00Z,1.232710522519327e-05,0.001378419109908768,0.0013907462151339612,0
2023-03-24T15:38:55Z,2023-03-24T15:39:00Z,9.346539053822767e-08,0.0013858988299427103,0.001385805364552172,0
2023-03-24T15:38:55Z,2023-03-24T15:39:00Z,7.104773297139828e-06,0.0013740488294144238,0.0013811536027115636,0
2023-03-24T15:38:55Z,2023-03-24T15:39:00Z,8.65825392789817e-06,0.0013730413215481123,0.0013816995754760105,0
2023-03-24T15:38:55Z,2023-03-24T15:39:00Z,3.939875578958191e-06,0.0013755157141763425,0.0013794555897553007,0
2023-03-24T15:38:55Z,2023-03-24T15:39:00Z,1.360951372396781e-05,0.0013640534799111144,0.0013776629936350822,0
2023-03-24T15:38:55Z,2023-03-24T15:39:00Z,1.255856325361451e-05,0.0013616433917926784,0.001374201955046293,0
2023-03-24T15:38:55Z,2023-03-24T15:39:00Z,9.395711254371521e-06,0.0013614744606241518,0.0013708701718785233,0
2023-03-24T15:39:55Z,2023-03-24T15:40:00Z,3.3845434422381977e-07,0.0013667324076158211,0.001367070861960045,0
2023-03-24T15:39:55Z,2023-03-24T15:40:00Z,3.5998582095515645e-07,0.00136203045828836,0.001362390444109315,0
2023-03-24T15:39:55Z,2023-03-24T15:40:00Z,8.85617867154632e-06,0.0013544272413393375,0.0013632834200108838,0
2023-03-24T15:39:55Z,2023-03-24T15:40:00Z,9.667011247970966e-06,0.0013537454309281401,0.001363412442176111,0
2023-03-24T15:39:55Z,2023-03-24T15:40:00Z,1.2205622051881517e-05,0.0013488577470292913,0.0013610633690811728,0
2023-03-24T15:39:55Z,2023-03-24T15:40:00Z,2.298538587868805e-05,0.0013337489909732577,0.0013567343768519458,0
2023-03-24T15:39:55Z,2023-03-24T15:40:00Z,1.7365932099038016e-05,0.0013349775409998849,0.0013523434730989229,0
2023-03-24T15:39:55Z,2023-03-24T15:40:00Z,7.924528498119482e-06,0.0013375261944787767,0.0013454507229768962,0
2023-03-24T15:39:55Z,2023-03-24T15:40:00Z,3.866190194480113e-06,0.0013353285694729976,0.0013391947596674777,0
2023-03-24T15:39:55Z,2023-03-24T15:40:00Z,2.0126149333739903e-06,0.0013334049605505992,0.0013354175754839732,0
2023-03-24T15:39:55Z,2023-03-24T15:40:00Z,4.3513846220703985e-06,0.0013315927170284825,0.001335944101650553,0
2023-03-24T15:39:55Z,2023-03-24T15:40:00Z,7.808322877976516e-06,0.0013276115852894814,0.001335419908167458,0
2023-03-24T15:39:55Z,2023-03-24T15:40:00Z,1.896575123837372e-06,0.0013315455072268555,0.001333442082350693,0
2023-03-24T15:40:55Z,2023-03-24T15:41:00Z,6.7753005114652015e-06,0.0013376450548009862,0.001330869754289521,1
2023-03-24T15:40:55Z,2023-03-24T15:41:00Z,9.966047886405052e-06,0.001340215984401345,0.00133024993651494,1
2023-03-24T15:40:55Z,2023-03-24T15:41:00Z,8.338130588158004e-06,0.0013406055130272658,0.0013322673824391078,1
2023-03-24T15:40:55Z,2023-03-24T15:41:00Z,8.49631006980987e-06,0.0013449651588795387,0.0013364688488097288,1
2023-03-24T15:40:55Z,2023-03-24T15:41:00Z,3.2396645704042826e-06,0.0013362491861727947,0.001339488850743199,1
2023-03-24T15:40:55Z,2023-03-24T15:41:00Z,1.192004093019121e-05,0.0013300088445058586,0.0013419288854360498,1
2023-03-24T15:40:55Z,2023-03-24T15:41:00Z,1.2924644925967326e-05,0.001327681974433899,0.0013406066193598664,1
2023-03-24T15:40:55Z,2023-03-24T15:41:00Z,1.0623986850630696e-06,0.0013381367952044602,0.0013370743965193971,1
2023-03-24T15:40:55Z,2023-03-24T15:41:00Z,7.682301107115978e-06,0.0013389956361446334,0.0013313133350375175,1
2023-03-24T15:40:55Z,2023-03-24T15:41:00Z,5.615755170340587e-06,0.0013375582932184135,0.001331942538048073,1
2023-03-24T15:40:55Z,2023-03-24T15:41:00Z,4.412861646822981e-06,0.0013393509969078206,0.0013349381352609976,1
2023-03-24T15:41:55Z,2023-03-24T15:42:00Z,9.185682070815939e-06,0.0013290445594516865,0.0013382302415225025,1
2023-03-24T15:41:55Z,2023-03-24T15:42:00Z,1.3408593775276686e-05,0.001325226381648346,0.0013386349754236227,1
2023-03-24T15:41:55Z,2023-03-24T15:42:00Z,1.7141512303613842e-05,0.001318176437555693,0.0013353179498593068,1
2023-03-24T15:41:55Z,2023-03-24T15:42:00Z,2.9717990415741675e-05,0.0013014893222535427,0.0013312073126692844,1
2023-03-24T15:41:55Z,2023-03-24T15:42:00Z,4.131892245419055e-05,0.0012828302037643845,0.001324149126218575,1
2023-03-24T15:41:55Z,2023-03-24T15:42:00Z,5.071571631137784e-05,0.0012642483308411495,0.0013149640471525274,1
2023-03-24T15:41:55Z,2023-03-24T15:42:00Z,5.838443444119426e-05,0.001242447553416679,0.0013008319878578733,1
2023-03-24T15:41:55Z,2023-03-24T15:42:00Z,5.8297990642112735e-05,0.001224557961644246,0.0012828559522863588,1
2023-03-24T15:41:55Z,2023-03-24T15:42:00Z,6.324823509305691e-05,0.001199927127581014,0.001263175362674071,1
2023-03-24T15:41:55Z,2023-03-24T15:42:00Z,6.44658974105147e-05,0.0011792853845568434,0.001243751281967358,1
2023-03-24T15:41:55Z,2023-03-24T15:42:00Z,5.6329893162350864e-05,0.0011659809877182954,0.0012223108808806463,1
2023-03-24T15:41:55Z,2023-03-24T15:42:00Z,1.6094652305459999e-06,0.0011996473593634885,0.0012012568245940345,1
2023-03-24T15:41:55Z,2023-03-24T15:42:00Z,3.34614628634117e-05,0.0012151926294821295,0.0011817311666187178,1
2023-03-24T15:42:55Z,2023-03-24T15:43:00Z,4.8462101725234774e-05,0.0012301000122714439,0.001181637910546209,1
2023-03-24T15:42:55Z,2023-03-24T15:43:00Z,4.275543683051968e-05,0.0012363624290184908,0.0011936069921879712,1
2023-03-24T15:42:55Z,2023-03-24T15:43:00Z,1.4558362889791586e-05,0.0012295383632621455,0.001214980000372354,1
2023-03-24T15:42:55Z,2023-03-24T15:43:00Z,1.047950166206289e-05,0.0012167388552619585,0.0012272183569240213,1
2023-03-24T15:42:55Z,2023-03-24T15:43:00Z,1.3155055784792521e-05,0.0012188452123992341,0.0012320002681840267,1
2023-03-24T15:42:55Z,2023-03-24T15:43:00Z,6.017145953984447e-06,0.0012215294032268805,0.001227546549180865,1
2023-03-24T15:42:55Z,2023-03-24T15:43:00Z,5.712478868838628e-06,0.0012159949981056075,0.001221707476974446,1
2023-03-24T15:42:55Z,2023-03-24T15:43:00Z,5.644220588163582e-06,0.0012133936030411941,0.0012190378236293577,1
2023-03-24T15:42:55Z,2023-03-24T15:43:00Z,7.105414006980913e-06,0.0012116844572369265,0.0012187898712439074,1
2023-03-24T15:42:55Z,2023-03-24T15:43:00Z,6.450560284395343e-06,0.0012105221078401655,0.0012169726681245609,1
2023-03-24T15:42:55Z,2023-03-24T15:43:00Z,2.4488713171869677e-06,0.0012161398907784297,0.0012136910194612428,1
2023-03-24T15:42:55Z,2023-03-24T15:43:00Z,7.629544722521746e-07,0.0012111037682338433,0.0012118667227060955,1
2023-03-24T15:43:55Z,2023-03-24T15:44:00Z,1.0978134873961855e-06,0.0012116843384644444,0.0012127821519518406,1
2023-03-24T15:43:55Z,2023-03-24T15:44:00Z,1.8739283351315323e-06,0.0012144625172859445,0.001212588588950813,1
2023-03-24T15:43:55Z,2023-03-24T15:44:00Z,1.421602449398025e-06,0.0012143976016083038,0.0012129759991589058,1
2023-03-24T15:43:55Z,2023-03-24T15:44:00Z,4.42049513777517e-06,0.001216837369799186,0.0012124168746614108,1
2023-03-24T15:43:55Z,2023-03-24T15:44:00Z,1.3558461859502786e-05,0.001227073280979067,0.0012135148191195642,1
2023-03-24T15:43:55Z,2023-03-24T15:44:00Z,2.503775212164762e-05,0.0012402702483527925,0.0012152324962311448,1
2023-03-24T15:43:55Z,2023-03-24T15:44:00Z,2.3799397976392855e-05,0.0012432354821052451,0.0012194360841288523,1
2023-03-24T15:43:55Z,2023-03-24T15:44:00Z,1.6887556235537383e-05,0.0012449478559458857,0.0012280602997103483,1
2023-03-24T15:43:55Z,2023-03-24T15:44:00Z,9.47231493172605e-06,0.0012463319854107608,0.0012368596704790348,1
2023-03-24T15:43:55Z,2023-03-24T15:44:00Z,6.9567309260393315e-06,0.0012497745930606804,0.001242817862134641,1
2023-03-24T15:43:55Z,2023-03-24T15:44:00Z,7.869977223929356e-06,0.0012527084183778933,0.001244838441153964,1
2023-03-24T15:44:55Z,2023-03-24T15:45:00Z,1.1523389290213392e-05,0.001258541534095989,0.0012470181448057756,1
2023-03-24T15:44:55Z,2023-03-24T15:45:00Z,9.005782865079701e-06,0.0012405992160846985,0.0012496049989497782,1
2023-03-24T15:44:55Z,2023-03-24T15:45:00Z,1.2427404844018953e-05,0.001241247443667502,0.001253674848511521,1
2023-03-24T15:44:55Z,2023-03-24T15:45:00Z,6.4741279833886636e-06,0.0012441422615361382,0.0012506163895195268,1
2023-03-24T15:44:55Z,2023-03-24T15:45:00Z,5.48547318278002e-06,0.0012413105914332832,0.0012467960646160633,1
2023-03-24T15:44:55Z,2023-03-24T15:45:00Z,6.30517546375579e-06,0.001235691131632357,0.0012419963070961128,1
2023-03-24T15:44:55Z,2023-03-24T15:45:00Z,7.73676574148687e-06,0.001234496666470821,0.001242233432212308,1
2023-03-24T15:44:55Z,2023-03-24T15:45:00Z,9.68230446711342e-06,0.0012306990237334794,0.0012403813282005928,1
2023-03-24T15:44:55Z,2023-03-24T15:45:00Z,1.416488403440633e-05,0.0012230012458110807,0.001237166129845487,1
2023-03-24T15:44:55Z,2023-03-24T15:45:00Z,1.7205571305907484e-05,0.0012164233693063116,0.001233628940612219,1
2023-03-24T15:44:55Z,2023-03-24T15:45:00Z,2.6040328153055254e-05,0.0012033586505187386,0.0012293989786717938,1
2023-03-24T15:44:55Z,2023-03-24T15:45:00Z,2.6275088908707736e-05,0.001197099457374916,0.0012233745462836238,1
2023-03-24T15:44:55Z,2023-03-24T15:45:00Z,1.5395841659778626e-05,0.0011988652468855982,0.0012142610885453769,1
2023-03-24T15:45:55Z,2023-03-24T15:46:00Z,5.249324925752025e-06,0.0012003778341409034,0.0012056271590666554,1
2023-03-24T15:45:55Z,2023-03-24T15:46:00Z,9.60584243459104e-06,0.001190168609158493,0.0011997744515930841,1
2023-03-24T15:45:55Z,2023-03-24T15:46:00Z,1.2202158659530395e-05,0.0011865786874742754,0.0011987808461338058,1
2023-03-24T15:45:55Z,2023-03-24T15:46:00Z,1.0099923318080588e-05,0.0011863706400769176,0.0011964705633949982,1
2023-03-24T15:45:55Z,2023-03-24T15:46:00Z,1.4775314723525093e-05,0.001177599728867699,0.001192375043591224,1
2023-03-24T15:45:55Z,2023-03-24T15:46:00Z,2.2606467704812264e-05,0.0011650995111984164,0.0011877059789032287,1
2023-03-24T15:45:55Z,2023-03-24T15:46:00Z,2.0238421782486438e-05,0.001163277930357144,0.0011835163521396305,1
2023-03-24T15:45:55Z,2023-03-24T15:46:00Z,1.5129597215478687e-05,0.0011612270294988657,0.0011763566267143444,1
2023-03-24T15:45:55Z,2023-03-24T15:46:00Z,8.86683129135992e-06,0.0011597922255163933,0.0011686590568077532,1
2023-03-24T15:45:55Z,2023-03-24T15:46:00Z,5.123824342034627e-06,0.001158077666009441,0.0011632014903514756,1
2023-03-24T15:45:55Z,2023-03-24T15:46:00Z,9.031242007213804e-06,0.0011524011531169206,0.0011614323951241344,1
2023-03-24T15:45:55Z,2023-03-24T15:46:00Z,1.138002993964003e-05,0.00114831894373526,0.0011596989736749,1
2023-03-24T15:46:55Z,2023-03-24T15:47:00Z,6.5875148417685655e-06,0.0011501695000391498,0.0011567570148809183,1
2023-03-24T15:46:55Z,2023-03-24T15:47:00Z,4.813486693794854e-07,0.001152451238951161,0.0011529325876205405,1
2023-03-24T15:46:55Z,2023-03-24T15:47:00Z,1.2094700875522587e-05,0.0011623912331726327,0.0011502965322971101,1
2023-03-24T15:46:55Z,2023-03-24T15:47:00Z,8.63135375453396e-06,0.0011589445813297242,0.0011503132275751903,1
2023-03-24T15:46:55Z,2023-03-24T15:47:00Z,7.853307929224593e-07,0.0011557893215139036,0.001155003990720981,1
2023-03-24T15:46:55Z,2023-03-24T15:47:00Z,1.7270882413367855e-05,0.0011406581354044714,0.0011579290178178393,1
2023-03-24T15:46:55Z,2023-03-24T15:47:00Z,3.0311714398597017e-05,0.001128729997606823,0.00115904171200542,1
2023-03-24T15:46:55Z,2023-03-24T15:47:00Z,3.177325301814216e-05,0.0011200240930645574,0.0011517973460826996,1
2023-03-24T15:46:55Z,2023-03-24T15:47:00Z,2.9951851108072757e-05,0.001111773967066993,0.0011417258181750658,1
2023-03-24T15:46:55Z,2023-03-24T15:47:00Z,4.6764706213707876e-05,0.0010830393691449096,0.0011298040753586174,1
2023-03-24T15:46:55Z,2023-03-24T15:47:00Z,1.7942777766249583e-05,0.001102233241479875,0.0011201760192461245,1
2023-03-24T15:46:55Z,2023-03-24T15:47:00Z,2.2732934263904004e-05,0.001127678744022724,0.00110494580975882,1
2023-03-24T15:47:55Z,2023-03-24T15:48:00Z,4.686716635179575e-05,0.001145882692249055,0.0010990155258972592,0
2023-03-24T15:47:55Z,2023-03-24T15:48:00Z,6.68818116451766e-05,0.0011711989298610129,0.0011043171182158363,0
2023-03-24T15:47:55Z,2023-03-24T15:48:00Z,6.861618159011412e-05,0.0011938810741739987,0.0011252648925838846,0
2023-03-24T15:47:55Z,2023-03-24T15:48:00Z,7.225896110876393e-05,0.0012205124164863612,0.0011482534553775973,0
2023-03-24T15:47:55Z,2023-03-24T15:48:00Z,8.216832018495437e-05,0.0012524892189463097,0.0011703208987613554,0
2023-03-24T15:47:55Z,2023-03-24T15:48:00Z,9.150930347904813e-05,0.0012867067769861723,0.0011951974735071242,0
2023-03-24T15:47:55Z,2023-03-24T15:48:00Z,8.632519287834193e-05,0.0013086194294138986,0.0012222942365355566,0
2023-03-24T15:47:55Z,2023-03-24T15:48:00Z,8.520609514379497e-05,0.0013384422326167427,0.0012532361374729478,0
2023-03-24T15:47:55Z,2023-03-24T15:48:00Z,7.420305936607272e-05,0.0013568082011481996,0.0012826051417821269,0
2023-03-24T15:47:55Z,2023-03-24T15:48:00Z,5.341117123119346e-05,0.0013646673175701312,0.0013112561463389377,0
2023-03-24T15:47:55Z,2023-03-24T15:48:00Z,3.368435716397632e-05,0.0013683076448902567,0.0013346232877262804,0
2023-03-24T15:47:55Z,2023-03-24T15:48:00Z,2.6048171378913534e-05,0.0013793540884906048,0.0013533059171116912,0
2023-03-24T15:48:55Z,2023-03-24T15:49:00Z,3.052517447800669e-06,0.0013663135719839965,0.0013632610545361958,0
2023-03-24T15:48:55Z,2023-03-24T15:49:00Z,1.6698482538249695e-07,0.0013706093654916151,0.0013707763503169976,0
2023-03-24T15:48:55Z,2023-03-24T15:49:00Z,9.422440684703822e-06,0.0013619026611035822,0.001371325101788286,0
2023-03-24T15:48:55Z,2023-03-24T15:49:00Z,4.515028011362618e-06,0.0013675773139773762,0.0013720923419887389,0
2023-03-24T15:48:55Z,2023-03-24T15:49:00Z,6.8289982912885655e-06,0.0013594462012351094,0.001366275199526398,0
2023-03-24T15:48:55Z,2023-03-24T15:49:00Z,1.0187421046809874e-05,0.0013768838679043343,0.0013666964468575244,0
2023-03-24T15:48:55Z,2023-03-24T15:49:00Z,7.297823168341943e-06,0.001370273215273698,0.001362975392105356,0
2023-03-24T15:48:55Z,2023-03-24T15:49:00Z,1.5135329458264377e-06,0.001369482660651433,0.0013679691277056066,0
2023-03-24T15:48:55Z,2023-03-24T15:49:00Z,1.5229107505276233e-06,0.0013673448507205196,0.0013688677614710472,0
2023-03-24T15:48:55Z,2023-03-24T15:49:00Z,2.1068602753904252e-05,0.0013511446451892509,0.001372213247943155,0
2023-03-24T15:48:55Z,2023-03-24T15:49:00Z,1.6528412091973855e-05,0.0013525051634565763,0.0013690335755485502,0
2023-03-24T15:48:55Z,2023-03-24T15:49:00Z,1.0623499445530692e-05,0.0013520338860748705,0.0013626573855204012,0
2023-03-24T15:49:55Z,2023-03-24T15:50:00Z,1.8841488867943432e-05,0.001338156730920839,0.0013569982197887823,0
2023-03-24T15:49:55Z,2023-03-24T15:50:00Z,6.044333282164208e-06,0.001345850231624735,0.0013518945649068992,0
2023-03-24T15:49:55Z,2023-03-24T15:50:00Z,1.6537245501973196e-05,0.0013310280146487889,0.001347565260150762,0
2023-03-24T15:49:55Z,2023-03-24T15:50:00Z,1.6141649044291518e-05,0.0013292053004958565,0.001345346949540148,0
2023-03-24T15:49:55Z,2023-03-24T15:50:00Z,8.399953561099953e-06,0.001329945038837021,0.001338344992398121,0
2023-03-24T15:49:55Z,2023-03-24T15:50:00Z,6.4956344129139375e-06,0.0013288655478435462,0.0013353611822564601,0
2023-03-24T15:49:55Z,2023-03-24T15:50:00Z,3.049505100060062e-06,0.001327009946227162,0.001330059451327222,0
2023-03-24T15:49:55Z,2023-03-24T15:50:00Z,5.512187488018868e-06,0.001323826441570789,0.0013293386290588079,0
2023-03-24T15:49:55Z,2023-03-24T15:50:00Z,3.13908339636456e-06,0.001331745927698941,0.0013286068443025764,0
2023-03-24T15:49:55Z,2023-03-24T15:50:00Z,7.477645875398177e-06,0.001334044957755897,0.001326567311880499,0
2023-03-24T15:49:55Z,2023-03-24T15:50:00Z,6.155850756927889e-07,0.0013269118534232711,0.001327527438498964,0
2023-03-24T15:49:55Z,2023-03-24T15:50:00Z,1.1287339992289763e-05,0.001318585102349586,0.0013298724423418758,0
2023-03-24T15:50:55Z,2023-03-24T15:51:00Z,9.053994204179672e-06,0.0013218469187551902,0.0013309009129593699,0
2023-03-24T15:50:55Z,2023-03-24T15:51:00Z,2.218362800669076e-06,0.0013287323339769203,0.0013265139711762513,0
2023-03-24T15:50:55Z,2023-03-24T15:51:00Z,1.1812243179835794e-05,0.0013342602013558516,0.0013224479581760158,0
2023-03-24T15:50:55Z,2023-03-24T15:51:00Z,1.948205976894015e-05,0.0013425368447961723,0.0013230547850272322,0
2023-03-24T15:50:55Z,2023-03-24T15:51:00Z,1.7062442367706465e-05,0.001345342260397027,0.0013282798180293206,0
2023-03-24T15:50:55Z,2023-03-24T15:51:00Z,5.884887868358533e-06,0.00134106134791134,0.0013351764600429816,0
2023-03-24T15:50:55Z,2023-03-24T15:51:00Z,9.029122113911672e-08,0.0013406228109618778,0.001340713102183017,0
2023-03-24T15:50:55Z,2023-03-24T15:51:00Z,1.730073236718907e-06,0.0013412500777981277,0.0013429801510348467,0
2023-03-24T15:50:55Z,2023-03-24T15:51:00Z,1.8317781540720928e-06,0.0013405103616026762,0.0013423421397567483,0
2023-03-24T15:50:55Z,2023-03-24T15:51:00Z,9.298290008679429e-07,0.0013419079078913164,0.0013409780788904485,0
2023-03-24T15:50:55Z,2023-03-24T15:51:00Z,8.49268370972699e-06,0.0013323017330778336,0.0013407944167875606,0
2023-03-24T15:51:55Z,2023-03-24T15:52:00Z,5.8987538638164815e-06,0.0013353240285668903,0.0013412227824307068,0
2023-03-24T15:51:55Z,2023-03-24T15:52:00Z,9.472135015990745e-06,0.0013477121358732662,0.0013382400008572755,0
2023-03-24T15:51:55Z,2023-03-24T15:52:00Z,1.2675366498408414e-05,0.0013491865896770885,0.00133651122317868,0
2023-03-24T15:51:55Z,2023-03-24T15:52:00Z,1.4600632238177856e-05,0.0013530465980775078,0.00133844596583933,0
2023-03-24T15:51:55Z,2023-03-24T15:52:00Z,8.170412637961613e-07,0.0013432572101086187,0.0013440742513724149,0
2023-03-24T15:51:55Z,2023-03-24T15:52:00Z,3.169453877780327e-07,0.0013496648291548429,0.001349981774542621,0
2023-03-24T15:51:55Z,2023-03-24T15:52:00Z,9.060142002572649e-06,0.0013394366572851658,0.0013484967992877385,0
2023-03-24T15:51:55Z,2023-03-24T15:52:00Z,3.0213874789254344e-06,0.0013456348249680642,0.0013486562124469896,0
2023-03-24T15:51:55Z,2023-03-24T15:52:00Z,1.001326609541297e-05,0.0013341062994207962,0.0013441195655162091,0
2023-03-24T15:51:55Z,2023-03-24T15:52:00Z,2.0996416948315623e-05,0.0013239156868543752,0.0013449121038026908,0
2023-03-24T15:51:55Z,2023-03-24T15:52:00Z,1.1326823011714423e-05,0.001328399104212961,0.0013397259272246755,0
2023-03-24T15:51:55Z,2023-03-24T15:52:00Z,2.6142437805445375e-06,0.0013319380266338672,0.0013345522704144117,0
2023-03-24T15:51:55Z,2023-03-24T15:52:00Z,1.519922157549214e-05,0.0013440062517382028,0.0013288070301627106,0
2023-03-24T15:52:55Z,2023-03-24T15:53:00Z,2.4376216996551802e-05,0.0013524604895636197,0.0013280842725670679,0
2023-03-24T15:52:55Z,2023-03-24T15:53:00Z,9.506079293606457e-06,0.0013442872068219502,0.0013347811275283437,0
2023-03-24T15:52:55Z,2023-03-24T15:53:00Z,1.2869978526768933e-05,0.0013299316107851275,0.0013428015893118964,0
2023-03-24T15:52:55Z,2023-03-24T15:53:00Z,2.722348492316482e-05,0.0013196944977847595,0.0013469179827079244,0
2023-03-24T15:52:55Z,2023-03-24T15:53:00Z,2.98221737891082e-05,0.0013124042619344577,0.001342226435723566,0
2023-03-24T15:52:55Z,2023-03-24T15:53:00Z,1.2753881658445583e-05,0.0013185505568055,0.0013313044384639457,0
2023-03-24T15:52:55Z,2023-03-24T15:53:00Z,1.3134941761997095e-06,0.001319363295991915,0.0013206767901681148,0
2023-03-24T15:52:55Z,2023-03-24T15:53:00Z,8.924947281283143e-06,0.0013258080527895223,0.0013168831055082391,0
2023-03-24T15:52:55Z,2023-03-24T15:53:00Z,4.5421617073625187e-07,0.001316318488739888,0.0013167727049106244,0
2023-03-24T15:52:55Z,2023-03-24T15:53:00Z,5.91635391168242e-06,0.0013153242812839632,0.0013212406351956456,0
2023-03-24T15:52:55Z,2023-03-24T15:53:00Z,4.126974880259765e-06,0.0013163696376268486,0.0013204966125071084,0
2023-03-24T15:53:55Z,2023-03-24T15:54:00Z,2.915182321862938e-06,0.0013162350919492618,0.0013191502742711247,0
2023-03-24T15:53:55Z,2023-03-24T15:54:00Z,1.0103086512178085e-05,0.0013059010493713884,0.0013160041358835665,0
2023-03-24T15:53:55Z,2023-03-24T15:54:00Z,1.377714571259756e-05,0.0013021991912407606,0.0013159763369533582,0
2023-03-24T15:53:55Z,2023-03-24T15:54:00Z,7.654706110453696e-06,0.0013051805535387124,0.0013128352596491661,0
2023-03-24T15:53:55Z,2023-03-24T15:54:00Z,2.758370683016457e-06,0.001305353406837454,0.0013081117775204704,0
2023-03-24T15:53:55Z,2023-03-24T15:54:00Z,7.3441757476346015e-06,0.001311771107131255,0.0013044269313836204,0
2023-03-24T15:53:55Z,2023-03-24T15:54:00Z,1.4106808645560943e-05,0.00131835119251787,0.0013042443838723091,0
2023-03-24T15:53:55Z,2023-03-24T15:54:00Z,3.465177159926074e-06,0.0013109001996624,0.0013074350225024739,0
2023-03-24T15:53:55Z,2023-03-24T15:54:00Z,2.1271470517373117e-06,0.0013139523825472638,0.0013118252354955265,0
2023-03-24T15:53:55Z,2023-03-24T15:54:00Z,4.221607455363787e-06,0.0013178957738925387,0.001313674166437175,0
2023-03-24T15:53:55Z,2023-03-24T15:54:00Z,8.235501024881839e-06,0.0013226367592673932,0.0013144012582425113,0
2023-03-24T15:53:55Z,2023-03-24T15:54:00Z,1.4858047014885446e-05,0.001329107499048953,0.0013142494520340675,0
2023-03-24T15:53:55Z,2023-03-24T15:54:00Z,8.659025172585641e-06,0.0013268206637416507,0.001318161638569065,0
2023-03-24T15:54:55Z,2023-03-24T15:55:00Z,1.6098826683904905e-06,0.0013248232267380187,0.0013232133440696282,0
2023-03-24T15:54:55Z,2023-03-24T15:55:00Z,1.0529371578274016e-05,0.0013156589357743915,0.0013261883073526655,0
2023-03-24T15:54:55Z,2023-03-24T15:55:00Z,4.657629578657145e-06,0.0013222595002642169,0.001326917129842874,0
2023-03-24T15:54:55Z,2023-03-24T15:55:00Z,1.7465792600947043e-06,0.0013241808546781148,0.0013224342754180201,0
2023-03-24T15:54:55Z,2023-03-24T15:55:00Z,5.398089314909843e-06,0.001326311976907119,0.001320913887592209,0
2023-03-24T15:54:55Z,2023-03-24T15:55:00Z,1.697218458831108e-05,0.0013376719481605522,0.001320699763572241,0
2023-03-24T15:54:55Z,2023-03-24T15:55:00Z,1.7470337668840487e-05,0.0013417211149519906,0.00132425077728315,0
2023-03-24T15:54:55Z,2023-03-24T15:55:00Z,1.294654770236936e-05,0.0013423348076176313,0.001329388259915262,0
2023-03-24T15:54:55Z,2023-03-24T15:55:00Z,4.515267897445404e-06,0.0013397502812373325,0.001335235013339887,0
2023-03-24T15:54:55Z,2023-03-24T15:55:00Z,8.716542047395876e-07,0.0013414476111147976,0.001340575956910058,0
2023-03-24T15:54:55Z,2023-03-24T15:55:00Z,2.9197788789972045e-06,0.0013441885134813153,0.001341268734602318,0
2023-03-24T15:54:55Z,2023-03-24T15:55:00Z,8.22123393112717e-07,0.0013419996900496999,0.0013411775666565871,0
2023-03-24T15:55:55Z,2023-03-24T15:56:00Z,1.130913345719943e-05,0.0013304863351539492,0.0013417954686111486,0
2023-03-24T15:55:55Z,2023-03-24T15:56:00Z,1.2655167961528454e-05,0.0013298901035870758,0.0013425452715486042,0
2023-03-24T15:55:55Z,2023-03-24T15:56:00Z,1.7200607458376553e-05,0.0013216909054366115,0.001338891512894988,0
2023-03-24T15:55:55Z,2023-03-24T15:56:00Z,8.886410407904109e-06,0.001325238965855671,0.001334125376263575,0
2023-03-24T15:55:55Z,2023-03-24T15:56:00Z,7.450134261467603e-06,0.001319905647131078,0.0013273557813925456,0
2023-03-24T15:55:55Z,2023-03-24T15:56:00Z,4.7209714150863325e-06,0.0013208856868780331,0.0013256066582931195,0
2023-03-24T15:55:55Z,2023-03-24T15:56:00Z,1.8652956765329368e-07,0.0013220919765734667,0.00132227850614112,0
2023-03-24T15:55:55Z,2023-03-24T15:56:00Z,1.1581217572739864e-06,0.0013231682217122013,0.0013220100999549273,0
2023-03-24T15:55:55Z,2023-03-24T15:56:00Z,7.740042153671616e-06,0.0013132210613738542,0.0013209611035275258,0
2023-03-24T15:55:55Z,2023-03-24T15:56:00Z,1.3871968633746064e-05,0.0013081766597541542,0.0013220486283879002,0
2023-03-24T15:55:55Z,2023-03-24T15:56:00Z,1.070151543879072e-05,0.0013087922377810503,0.001319493753219841,0
2023-03-24T15:55:55Z,2023-03-24T15:56:00Z,5.31461202203827e-06,0.0013095407022580318,0.00131485531428007,0
2023-03-24T15:56:55Z,2023-03-24T15:57:00Z,6.893035798567239e-06,0.0013169563554349202,0.001310063319636353,0
2023-03-24T15:56:55Z,2023-03-24T15:57:00Z,1.5245860111164685e-05,0.0013240823933755766,0.0013088365332644119,0
2023-03-24T15:56:55Z,2023-03-24T15:57:00Z,7.225515555344102e-07,0.0013124856500468687,0.0013117630984913343,0
2023-03-24T15:56:55Z,2023-03-24T15:57:00Z,7.4071591248284045e-06,0.0013094526578980145,0.001316859817022843,0
2023-03-24T15:56:55Z,2023-03-24T15:57:00Z,2.4094783550171472e-06,0.0013154319879307714,0.0013178414662857886,0
2023-03-24T15:56:55Z,2023-03-24T15:57:00Z,7.891598579244869e-06,0.0013074486351942417,0.0013153402337734866,0
2023-03-24T15:56:55Z,2023-03-24T15:57:00Z,4.824960227071311e-06,0.0013076318050648135,0.0013124567652918848,0
2023-03-24T15:56:55Z,2023-03-24T15:57:00Z,1.598839684950051e-05,0.0012947893634915086,0.001310777760341009,0
2023-03-24T15:56:55Z,2023-03-24T15:57:00Z,1.5742752236336602e-05,0.0012944280571602722,0.0013101708093966088,0
2023-03-24T15:56:55Z,2023-03-24T15:57:00Z,5.773253425000102e-06,0.0012975166811585214,0.0013032899345835215,0
2023-03-24T15:56:55Z,2023-03-24T15:57:00Z,7.156920490721972e-06,0.0013061066623962535,0.0012989497419055316,0
2023-03-24T15:56:55Z,2023-03-24T15:57:00Z,6.582847280978002e-06,0.0013021608812177454,0.0012955780339367674,0
2023-03-24T15:57:55Z,2023-03-24T15:58:00Z,4.111251860347467e-06,0.0013034617187653633,0.0012993504669050158,0
2023-03-24T15:57:55Z,2023-03-24T15:58:00Z,7.886741108874273e-06,0.0013098148160330478,0.0013019280749241736,0
2023-03-24T15:57:55Z,2023-03-24T15:58:00Z,1.5188098689433108e-05,0.0013190978528158871,0.001303909754126454,0
2023-03-24T15:57:55Z,2023-03-24T15:58:00Z,1.845997079037145e-05,0.0013236057761290903,0.0013051458053387188,0
2023-03-24T15:57:55Z,2023-03-24T15:58:00Z,2.6658646860762154e-06,0.0013134573272241756,0.0013107914625380994,0
2023-03-24T15:57:55Z,2023-03-24T15:58:00Z,1.5557431995027017e-05,0.0013019487163309813,0.0013175061483260083,0
2023-03-24T15:57:55Z,2023-03-24T15:58:00Z,2.7378074301216e-05,0.001291342244421835,0.001318720318723051,0
2023-03-24T15:57:55Z,2023-03-24T15:58:00Z,1.4325801667544776e-05,0.0012986781382272041,0.001313003939894749,0
2023-03-24T15:57:55Z,2023-03-24T15:58:00Z,3.857129204955885e-06,0.001298392300120708,0.001302249429325664,0
2023-03-24T15:57:55Z,2023-03-24T15:58:00Z,5.172576264144161e-06,0.001292150456729196,0.0012973230329933402,0
2023-03-24T15:57:55Z,2023-03-24T15:58:00Z,1.2414498337905535e-05,0.0012837230625853437,0.0012961375609232492,0
2023-03-24T15:58:55Z,2023-03-24T15:59:00Z,9.731157841322497e-06,0.0012866758071843802,0.0012964069650257027,0
2023-03-24T15:58:55Z,2023-03-24T15:59:00Z,1.7158142997836202e-05,0.0012742637968139131,0.0012914219398117493,0
2023-03-24T15:58:55Z,2023-03-24T15:59:00Z,5.928277905834943e-06,0.0012815881642604717,0.0012875164421663067,0
2023-03-24T15:58:55Z,2023-03-24T15:59:00Z,2.187729751015324e-06,0.0012793664924435303,0.0012815542221945456,0
2023-03-24T15:58:55Z,2023-03-24T15:59:00Z,3.454622468878916e-06,0.0012842972118884673,0.0012808425894195884,0
2023-03-24T15:58:55Z,2023-03-24T15:59:00Z,3.1517095221993054e-06,0.0012815578606948375,0.0012784061511726382,0
2023-03-24T15:58:55Z,2023-03-24T15:59:00Z,7.031108035204488e-06,0.0012887817308993607,0.0012817506228641562,0
2023-03-24T15:58:55Z,2023-03-24T15:59:00Z,1.6230454881153034e-06,0.001283363567163727,0.0012817405216756117,0
2023-03-24T15:58:55Z,2023-03-24T15:59:00Z,8.855720717564509e-07,0.0012857645065659782,0.0012848789344942217,0
2023-03-24T15:58:55Z,2023-03-24T15:59:00Z,1.6655369998817143e-06,0.0012829021825860934,0.0012845677195859751,0
2023-03-24T15:58:55Z,2023-03-24T15:59:00Z,9.67884213416855e-06,0.001295648777010524,0.0012859699348763555,0
2023-03-24T15:58:55Z,2023-03-24T15:59:00Z,1.1483819638900654e-05,0.0012954939050775001,0.0012840100854385995,0
2023-03-24T15:58:55Z,2023-03-24T15:59:00Z,1.5549114333995515e-05,0.0013036542697215275,0.001288105155387532,0
2023-03-24T15:59:55Z,2023-03-24T16:00:00Z,2.9952708441710867e-06,0.0012943435590688768,0.0012913482882247057,0
2023-03-24T15:59:55Z,2023-03-24T16:00:00Z,1.4106337897568924e-05,0.001284159312705615,0.001298265650603184,0
2023-03-24T15:59:55Z,2023-03-24T16:00:00Z,1.870511047500755e-05,0.0012791254674809607,0.0012978305779559683,0
2023-03-24T15:59:55Z,2023-03-24T16:00:00Z,1.8980103645590846e-05,0.0012750722768530823,0.0012940523804986731,0
2023-03-24T15:59:55Z,2023-03-24T16:00:00Z,6.1392896067117165e-06,0.0012797368234784392,0.0012858761130851509,0
2023-03-24T15:59:55Z,2023-03-24T16:00:00Z,4.205814618004743e-06,0.0012836581669645574,0.0012794523523465527,0
2023-03-24T15:59:55Z,2023-03-24T16:00:00Z,1.0179294745449752e-05,0.0012881574840162772,0.0012779781892708275,0
2023-03-24T15:59:55Z,2023-03-24T16:00:00Z,1.214280263097051e-05,0.0012916318917296635,0.001279489089098693,0
2023-03-24T15:59:55Z,2023-03-24T16:00:00Z,2.1877672916586393e-05,0.0013057284977363445,0.001283850824819758,0
2023-03-24T15:59:55Z,2023-03-24T16:00:00Z,1.1820446279461362e-05,0.0012996362938496274,0.001287815847570166,0
2023-03-24T15:59:55Z,2023-03-24T16:00:00Z,5.112665562448512e-06,0.0013002852900565437,0.0012951726244940951,0
2023-03-24T15:59:55Z,2023-03-24T16:00:00Z,8.045208162265347e-06,0.0012909536862762798,0.0012989988944385451,0
2023-03-24T16:00:55Z,2023-03-24T16:01:00Z,5.591180337755465e-06,0.0012962921802097498,0.0013018833605475053,0
2023-03-24T16:00:55Z,2023-03-24T16:01:00Z,1.7136976364704858e-06,0.0012952447257576797,0.0012969584233941502,0
2023-03-24T16:00:55Z,2023-03-24T16:01:00Z,5.536037257673505e-06,0.001301379756105198,0.0012958437188475246,0
2023-03-24T16:00:55Z,2023-03-24T16:01:00Z,5.6996930829593655e-06,0.0012998632238308625,0.0012941635307479032,0
2023-03-24T16:00:55Z,2023-03-24T16:01:00Z,3.3704068721869193e-06,0.0012942684804853556,0.0012976388873575425,0
2023-03-24T16:00:55Z,2023-03-24T16:01:00Z,1.23708816497539e-06,0.001300066323396222,0.0012988292352312466,0
2023-03-24T16:00:55Z,2023-03-24T16:01:00Z,5.849781744034785e-06,0.001304353601884507,0.0012985038201404721,0
2023-03-24T16:00:55Z,2023-03-24T16:01:00Z,7.477021650739886e-06,0.0013055430308882199,0.00129806600923748,0
2023-03-24T16:00:55Z,2023-03-24T16:01:00Z,4.248605203626245e-06,0.0013038114071256546,0.0012995628019220283,0
2023-03-24T16:00:55Z,2023-03-24T16:01:00Z,1.812495877120306e-06,0.0013015084895125293,0.0013033209853896496,0
2023-03-24T16:00:55Z,2023-03-24T16:01:00Z,1.938249700710569e-06,0.0013026310969320833,0.0013045693466327939,0
2023-03-24T16:00:55Z,2023-03-24T16:01:00Z,2.2569318175664262e-06,0.0013013640440245682,0.0013036209758421347,0
2023-03-24T16:01:55Z,2023-03-24T16:02:00Z,5.818030093480107e-06,0.0013084683612835692,0.001302650331190089,0
2023-03-24T16:01:55Z,2023-03-24T16:02:00Z,9.147419825967975e-06,0.001310981963315695,0.001301834543489727,0
2023-03-24T16:01:55Z,2023-03-24T16:02:00Z,1.192945429677678e-05,0.001316083955043517,0.0013041545007467402,0
2023-03-24T16:01:55Z,2023-03-24T16:02:00Z,9.399924449386395e-06,0.001316338047323997,0.0013069381228746106,0
2023-03-24T16:01:55Z,2023-03-24T16:02:00Z,8.105865277226827e-06,0.0013199506251581536,0.0013118447598809268,0
2023-03-24T16:01:55Z,2023-03-24T16:02:00Z,6.395759711209925e-06,0.0013208637482722795,0.0013144679885610695,0
2023-03-24T16:01:55Z,2023-03-24T16:02:00Z,4.175642162741961e-06,0.0013216331846712978,0.0013174575425085558,0
2023-03-24T16:01:55Z,2023-03-24T16:02:00Z,8.65809521623912e-06,0.001310392711701904,0.0013190508069181432,0
2023-03-24T16:01:55Z,2023-03-24T16:02:00Z,2.397586214078853e-05,0.0012968399905597884,0.001320815852700577,0
2023-03-24T16:01:55Z,2023-03-24T16:02:00Z,1.2412891468057633e-05,0.0013052169900804361,0.0013176298815484938,0
2023-03-24T16:01:55Z,2023-03-24T16:02:00Z,3.1870733199160922e-06,0.0013064348889910808,0.001309621962310997,0
2023-03-24T16:02:55Z,2023-03-24T16:03:00Z,8.231980569183613e-06,0.0013123818780165597,0.001304149897447376,0
2023-03-24T16:02:55Z,2023-03-24T16:03:00Z,6.008733875923194e-06,0.0013088393570863583,0.0013028306232104351,0
2023-03-24T16:02:55Z,2023-03-24T16:03:00Z,8.104800323993156e-06,0.001299906452038699,0.0013080112523626921,0
2023-03-24T16:02:55Z,2023-03-24T16:03:00Z,2.0035702605796955e-05,0.001289183005425536,0.001309218708031333,0
2023-03-24T16:02:55Z,2023-03-24T16:03:00Z,1.659038243055416e-05,0.001290452179949985,0.001307042562380539,0
2023-03-24T16:02:55Z,2023-03-24T16:03:00Z,8.740721961571392e-07,0.0012984355326540406,0.0012993096048501977,0
2023-03-24T16:02:55Z,2023-03-24T16:03:00Z,1.8199230991168026e-06,0.0012950004689038566,0.0012931805458047398,0
2023-03-24T16:02:55Z,2023-03-24T16:03:00Z,6.076162864033282e-06,0.0012987664022072202,0.001292690239343187,0
2023-03-24T16:02:55Z,2023-03-24T16:03:00Z,2.6575401858850486e-06,0.0012972869340218457,0.0012946293938359606,0
2023-03-24T16:02:55Z,2023-03-24T16:03:00Z,7.056111608651867e-06,0.0013044569128636912,0.0012974008012550393,0
2023-03-24T16:02:55Z,2023-03-24T16:03:00Z,2.259416203045884e-06,0.0012992773512473534,0.0012970179350443075,0
2023-03-24T16:02:55Z,2023-03-24T16:03:00Z,8.069275167163232e-07,0.0013009770105476353,0.001300170083030919,0
2023-03-24T16:03:55Z,2023-03-24T16:04:00Z,3.6033398677110407e-06,0.001296737059509919,0.00130034039937763,0
2023-03-24T16:03:55Z,2023-03-24T16:04:00Z,5.660584663492313e-06,0.001307231009549719,0.0013015704248862266,0
2023-03-24T16:03:55Z,2023-03-24T16:04:00Z,7.242602728062741e-06,0.0013062397431630318,0.001298997140434969,0
2023-03-24T16:03:55Z,2023-03-24T16:04:00Z,6.5725389556958724e-06,0.001308220898824787,0.0013016483598690912,0
2023-03-24T16:03:55Z,2023-03-24T16:04:00Z,1.3785799686443683e-05,0.001317188403760667,0.0013034026040742233,0
2023-03-24T16:03:55Z,2023-03-24T16:04:00Z,1.5138521791145491e-05,0.0013223690723036582,0.0013072305505125127,0
2023-03-24T16:03:55Z,2023-03-24T16:04:00Z,2.2612019395981545e-05,0.0013331617013121434,0.0013105496819161618,0
2023-03-24T16:03:55Z,2023-03-24T16:04:00Z,1.9525085968234105e-05,0.0013354512109312715,0.0013159261249630373,0
2023-03-24T16:03:55Z,2023-03-24T16:04:00Z,1.1133474519229442e-05,0.0013353732003113855,0.001324239725792156,0
2023-03-24T16:03:55Z,2023-03-24T16:04:00Z,9.367620227902817e-06,0.0013396949484102603,0.0013303273281823574,0
2023-03-24T16:03:55Z,2023-03-24T16:04:00Z,5.091501538922408e-07,0.0013341528873643744,0.0013346620375182666,0
2023-03-24T16:03:55Z,2023-03-24T16:04:00Z,5.0395676172365015e-06,0.001331800218933736,0.0013368397865509724,0
2023-03-24T16:03:55Z,2023-03-24T16:04:00Z,2.8480965783399e-06,0.0013335589154503335,0.0013364070120286734,0
2023-03-24T16:04:55Z,2023-03-24T16:05:00Z,1.6930214075165217e-05,0.0013182858041609583,0.0013352160182361235,0
2023-03-24T16:04:55Z,2023-03-24T16:05:00Z,9.087175222722036e-06,0.0013240834986934257,0.0013331706739161478,0
2023-03-24T16:04:55Z,2023-03-24T16:05:00Z,1.2830960339553239e-05,0.0013150506858421228,0.001327881646181676,0
2023-03-24T16:04:55Z,2023-03-24T16:05:00Z,1.3468148806429405e-05,0.0013118412572951433,0.0013253094061015727,0
2023-03-24T16:04:55Z,2023-03-24T16:05:00Z,1.535967948355834e-05,0.0013037803167486107,0.001319139996232169,0
2023-03-24T16:04:55Z,2023-03-24T16:05:00Z,6.02862573515048e-06,0.0013109631882084138,0.0013169918139435642,0
2023-03-24T16:04:55Z,2023-03-24T16:05:00Z,1.0643020384958329e-06,0.00130915978459013,0.0013102240866286257,0
2023-03-24T16:04:55Z,2023-03-24T16:05:00Z,2.6352964044387174e-06,0.0013114968838218281,0.0013088615874173894,0
2023-03-24T16:04:55Z,2023-03-24T16:05:00Z,1.4763230190749377e-05,0.001322730993373134,0.0013079677631823846,0
2023-03-24T16:04:55Z,2023-03-24T16:05:00Z,3.0452248216995175e-05,0.0013409922004237857,0.0013105399522067905,0
2023-03-24T16:04:55Z,2023-03-24T16:05:00Z,3.103503654483899e-05,0.0013454975904732029,0.0013144625539283639,0
2023-03-24T16:04:55Z,2023-03-24T16:05:00Z,1.617588744086038e-05,0.0013412492466471097,0.0013250733592062493,0
2023-03-24T16:05:55Z,2023-03-24T16:06:00Z,5.133859135233055e-06,0.0013312730689548078,0.0013364069280900409,0
2023-03-24T16:05:55Z,2023-03-24T16:06:00Z,7.044776053071302e-06,0.001335534903128295,0.0013425796791813663,0
2023-03-24T16:05:55Z,2023-03-24T16:06:00Z,7.41148446514457e-06,0.0013467514531568514,0.0013393399686917069,0
2023-03-24T16:05:55Z,2023-03-24T16:06:00Z,2.307284575302042e-05,0.0013590919186630913,0.001336019072910071,0
2023-03-24T16:05:55Z,2023-03-24T16:06:00Z,2.1909225208065165e-05,0.0013597623669547166,0.0013378531417466515,0
2023-03-24T16:05:55Z,2023-03-24T16:06:00Z,6.755105833647834e-06,0.0013538811974830604,0.0013471260916494126,0
2023-03-24T16:05:55Z,2023-03-24T16:06:00Z,4.3333714528361825e-06,0.0013508685414720502,0.0013552019129248864,0
2023-03-24T16:05:55Z,2023-03-24T16:06:00Z,1.6832020573506051e-06,0.0013558952923096055,0.0013575784943669561,0
2023-03-24T16:05:55Z,2023-03-24T16:06:00Z,1.3527486277639623e-05,0.0013683648549142487,0.001354837368636609,0
2023-03-24T16:05:55Z,2023-03-24T16:06:00Z,1.181569482674007e-05,0.0013653640385816455,0.0013535483437549054,0
2023-03-24T16:05:55Z,2023-03-24T16:06:00Z,2.752768904384353e-06,0.001361128998469686,0.0013583762295653016,0
2023-03-24T16:05:55Z,2023-03-24T16:06:00Z,2.7518976289690397e-07,0.0013634832516980634,0.0013632080619351665,0
2023-03-24T16:06:55Z,2023-03-24T16:07:00Z,8.673633310306381e-06,0.0013736262639654996,0.0013649526306551932,0
2023-03-24T16:06:55Z,2023-03-24T16:07:00Z,4.945169651590425e-06,0.001368270599234722,0.0013633254295831315,0
2023-03-24T16:06:55Z,2023-03-24T16:07:00Z,2.1507178149921717e-05,0.0013875866828610046,0.001366079504711083,0
2023-03-24T16:06:55Z,2023-03-24T16:07:00Z,8.83585842350828e-06,0.0013772958967229365,0.0013684600382994282,0
2023-03-24T16:06:55Z,2023-03-24T16:07:00Z,1.7724445041222402e-06,0.0013782669598578644,0.0013764945153537421,0
2023-03-24T16:06:55Z,2023-03-24T16:07:00Z,3.0129916044768952e-05,0.0014078476423176568,0.0013777177262728878,0
2023-03-24T16:06:55Z,2023-03-24T16:07:00Z,3.100042743584279e-05,0.0014120502739164448,0.001381049846480602,0
2023-03-24T16:06:55Z,2023-03-24T16:07:00Z,3.7981427443585384e-05,0.0014257849270764046,0.0013878034996328192,0
2023-03-24T16:06:55Z,2023-03-24T16:07:00Z,2.9217536534696447e-05,0.0014286058285653519,0.0013993882920306554,0
2023-03-24T16:06:55Z,2023-03-24T16:07:00Z,2.3573519987533107e-05,0.0014388011344243685,0.0014152276144368354,0
2023-03-24T16:06:55Z,2023-03-24T16:07:00Z,1.2219011084786246e-05,0.00143436602093752,0.0014221470098527338,0
2023-03-24T16:06:55Z,2023-03-24T16:07:00Z,9.894564397887242e-06,0.0014409585277532623,0.001431063963355375,0
2023-03-24T16:07:55Z,2023-03-24T16:08:00Z,1.3824716485723787e-05,0.0014477490444614707,0.0014339243279757469,0
2023-03-24T16:07:55Z,2023-03-24T16:08:00Z,1.7805517362959192e-05,0.001455847411734676,0.0014380418943717168,0
2023-03-24T16:07:55Z,2023-03-24T16:08:00Z,1.3002215140797777e-05,0.0014540267461915488,0.001441024531050751,0
2023-03-24T16:07:55Z,2023-03-24T16:08:00Z,1.5702889220119663e-06,0.0014497552835718147,0.0014481849946498028,0
2023-03-24T16:07:55Z,2023-03-24T16:08:00Z,6.946667026755306e-06,0.0014455944004358096,0.001452541067462565,0
2023-03-24T16:07:55Z,2023-03-24T16:08:00Z,1.081543525442187e-05,0.001442394378578258,0.0014532098138326799,0
2023-03-24T16:07:55Z,2023-03-24T16:08:00Z,3.500143749817202e-06,0.0014462919996499073,0.0014497921433997245,0
2023-03-24T16:07:55Z,2023-03-24T16:08:00Z,3.0199943157631273e-06,0.0014489346818443904,0.0014459146875286273,0
2023-03-24T16:07:55Z,2023-03-24T16:08:00Z,1.8676722625078288e-06,0.001446627931817166,0.0014447602595546582,0
2023-03-24T16:07:55Z,2023-03-24T16:08:00Z,8.380078324248669e-06,0.0014374936083666034,0.001445873686690852,0
2023-03-24T16:07:55Z,2023-03-24T16:08:00Z,1.5943064440237468e-06,0.0014456905646597973,0.001447284871103821,0
2023-03-24T16:07:55Z,2023-03-24T16:08:00Z,8.107152779992252e-06,0.0014524592267893789,0.0014443520740093866,0
2023-03-24T16:08:55Z,2023-03-24T16:09:00Z,1.7513596088316328e-05,0.0014607842977028386,0.0014432707016145223,0
2023-03-24T16:08:55Z,2023-03-24T16:09:00Z,2.5959004392496878e-05,0.0014711734709977567,0.0014452144666052599,0
2023-03-24T16:08:55Z,2023-03-24T16:09:00Z,1.0365273672743999e-05,0.0014633433033900823,0.0014529780297173384,0
2023-03-24T16:08:55Z,2023-03-24T16:09:00Z,7.0954950017914405e-06,0.0014543768368282,0.0014614723318299913,0
2023-03-24T16:08:55Z,2023-03-24T16:09:00Z,1.5594338824901363e-05,0.001449506018538658,0.0014651003573635593,0
2023-03-24T16:08:55Z,2023-03-24T16:09:00Z,2.739078668498405e-05,0.001435573750387029,0.0014629645370720131,0
2023-03-24T16:08:55Z,2023-03-24T16:09:00Z,5.0766762447324726e-05,0.0014049752904716553,0.00145574205291898,0
2023-03-24T16:08:55Z,2023-03-24T16:09:00Z,9.645298328389736e-05,0.0013500325519673984,0.0014464855352512957,0
2023-03-24T16:08:55Z,2023-03-24T16:09:00Z,6.269067470401988e-05,0.0013673276784284276,0.0014300183531324475,0
2023-03-24T16:08:55Z,2023-03-24T16:09:00Z,2.447081389529357e-05,0.0013723897170467342,0.0013968605309420277,0
2023-03-24T16:08:55Z,2023-03-24T16:09:00Z,1.3555546300571134e-05,0.0013876673865897316,0.0013741118402891604,0
2023-03-24T16:08:55Z,2023-03-24T16:09:00Z,2.1389686425018735e-05,0.001384639668905872,0.0013632499824808534,0
2023-03-24T16:09:55Z,2023-03-24T16:10:00Z,3.19004069841808e-06,0.0013726048866565463,0.0013757949273549644,0
2023-03-24T16:09:55Z,2023-03-24T16:10:00Z,4.032588758956469e-06,0.0013855981796064023,0.0013815655908474458,0
2023-03-24T16:09:55Z,2023-03-24T16:10:00Z,2.195969117404573e-05,0.0014035970052247624,0.0013816373140507167,0
2023-03-24T16:09:55Z,2023-03-24T16:10:00Z,2.1939762040345005e-05,0.0014028873404299518,0.0013809475783896068,0
2023-03-24T16:09:55Z,2023-03-24T16:10:00Z,1.0240625839966558e-05,0.0013975073163358701,0.0013872666904959036,0
2023-03-24T16:09:55Z,2023-03-24T16:10:00Z,9.92389458941709e-06,0.0013874369471642883,0.0013973608417537054,0
2023-03-24T16:09:55Z,2023-03-24T16:10:00Z,2.4634728942564237e-05,0.0013766958250542973,0.0014013305539968615,0
2023-03-24T16:09:55Z,2023-03-24T16:10:00Z,1.8586850144292327e-05,0.0013773570178324112,0.0013959438679767035,0
2023-03-24T16:09:55Z,2023-03-24T16:10:00Z,1.5343208364253713e-05,0.0013718701544872315,0.0013872133628514852,0
2023-03-24T16:09:55Z,2023-03-24T16:10:00Z,1.811873951840237e-05,0.0013623778571652631,0.0013804965966836655,0
2023-03-24T16:09:55Z,2023-03-24T16:10:00Z,2.6978103477236746e-05,0.0013483295623140763,0.001375307665791313,0
2023-03-24T16:09:55Z,2023-03-24T16:10:00Z,3.2711949206235685e-05,0.0013378230606220663,0.001370535009828302,0
2023-03-24T16:10:55Z,2023-03-24T16:11:00Z,1.685660040778229e-05,0.001344002590914408,0.0013608591913221904,0
2023-03-24T16:10:55Z,2023-03-24T16:11:00Z,7.856312598001182e-06,0.0013416538474358007,0.001349510160033802,0
2023-03-24T16:10:55Z,2023-03-24T16:11:00Z,1.4492986661748895e-05,0.001328892084621768,0.001343385071283517,0
2023-03-24T16:10:55Z,2023-03-24T16:11:00Z,1.6851771921688914e-05,0.0013243080610690695,0.0013411598329907584,0
2023-03-24T16:10:55Z,2023-03-24T16:11:00Z,1.716795766312806e-05,0.001321014883327531,0.001338182840990659,0
2023-03-24T16:10:55Z,2023-03-24T16:11:00Z,1.2409215325239961e-05,0.0013192087823836395,0.0013316179977088795,0
2023-03-24T16:10:55Z,2023-03-24T16:11:00Z,2.0869477536508566e-05,0.0013038688654696145,0.001324738343006123,0
2023-03-24T16:10:55Z,2023-03-24T16:11:00Z,3.6582537963792284e-05,0.0012849280376296208,0.0013215105755934131,0
2023-03-24T16:10:55Z,2023-03-24T16:11:00Z,3.822582063566101e-05,0.0012764716897579339,0.0013146975103935949,0
2023-03-24T16:10:55Z,2023-03-24T16:11:00Z,2.710789155922831e-05,0.0012755606702683968,0.001302668561827625,0
2023-03-24T16:10:55Z,2023-03-24T16:11:00Z,2.0424199876422928e-05,0.0012679986644093001,0.001288422864285723,0
2023-03-24T16:10:55Z,2023-03-24T16:11:00Z,7.263022702465099e-06,0.0012717237765161853,0.0012789867992186504,0
2023-03-24T16:11:55Z,2023-03-24T16:12:00Z,3.821003749546236e-06,0.0012771646785614233,0.001273343674811877,0
2023-03-24T16:11:55Z,2023-03-24T16:12:00Z,1.6851451242647216e-05,0.0012886124883072746,0.0012717610370646274,0
2023-03-24T16:11:55Z,2023-03-24T16:12:00Z,1.5695139180778262e-05,0.0012879908456764145,0.0012722957064956362,0
2023-03-24T16:11:55Z,2023-03-24T16:12:00Z,2.3256594105847996e-06,0.001281492640538879,0.0012791669811282943,0
2023-03-24T16:11:55Z,2023-03-24T16:12:00Z,7.124083905516278e-06,0.0012774652536095212,0.0012845893375150374,0
2023-03-24T16:11:55Z,2023-03-24T16:12:00Z,1.1847789476767973e-05,0.0012741842020307548,0.0012860319915075228,0
2023-03-24T16:11:55Z,2023-03-24T16:12:00Z,3.674684245029945e-07,0.0012826837150327747,0.0012823162466082717,0
2023-03-24T16:11:55Z,2023-03-24T16:12:00Z,2.2962580026335624e-05,0.001300676612086054,0.0012777140320597183,0
2023-03-24T16:11:55Z,2023-03-24T16:12:00Z,2.8168483606755626e-05,0.0013062795404977727,0.001278111056891017,0
2023-03-24T16:11:55Z,2023-03-24T16:12:00Z,2.237186582695395e-05,0.0013082200422101483,0.0012858481763831943,0
2023-03-24T16:11:55Z,2023-03-24T16:12:00Z,2.9494773656283703e-05,0.0013260413961951507,0.001296546622538867,0
2023-03-24T16:12:55Z,2023-03-24T16:13:00Z,2.3733073258396702e-05,0.0013287918048563883,0.0013050587315979916,0
2023-03-24T16:12:55Z,2023-03-24T16:13:00Z,1.347932687265573e-05,0.001326992986507013,0.0013135136596343572,0
2023-03-24T16:12:55Z,2023-03-24T16:13:00Z,1.528386021910585e-05,0.0013363016079730016,0.0013210177477538958,0
2023-03-24T16:12:55Z,2023-03-24T16:13:00Z,2.3292902777843428e-05,0.001350568298630694,0.0013272753958528507,0
2023-03-24T16:12:55Z,2023-03-24T16:13:00Z,2.3444736064662198e-05,0.00135414020251013,0.0013306954664454678,0
2023-03-24T16:12:55Z,2023-03-24T16:13:00Z,3.473086617590071e-05,0.0013726851638794703,0.0013379542977035696,0
2023-03-24T16:12:55Z,2023-03-24T16:13:00Z,3.874823250772956e-05,0.001385751602212338,0.0013470033697046083,0
2023-03-24T16:12:55Z,2023-03-24T16:13:00Z,3.98472593241949e-05,0.0013989784809976264,0.0013591312216734315,0
2023-03-24T16:12:55Z,2023-03-24T16:13:00Z,3.4395930855356336e-05,0.0014052549203893356,0.0013708589895339793,0
2023-03-24T16:12:55Z,2023-03-24T16:13:00Z,1.3487004599849325e-05,0.0013992920869629944,0.001385805082363145,0
2023-03-24T16:12:55Z,2023-03-24T16:13:00Z,8.519784145691323e-06,0.0014051814520121247,0.0013966616678664334,0
2023-03-24T16:12:55Z,2023-03-24T16:13:00Z,9.198457607516742e-06,0.0014103736203908356,0.0014011751627833189,0
2023-03-24T16:12:55Z,2023-03-24T16:13:00Z,6.823695795331276e-06,0.0014100665155834828,0.0014032428197881515,0
2023-03-24T16:13:55Z,2023-03-24T16:14:00Z,8.416052326911273e-07,0.0014041074478892937,0.0014049490531219848,0
2023-03-24T16:13:55Z,2023-03-24T16:14:00Z,1.405130502178751e-05,0.0013944892243070268,0.0014085405293288143,0
2023-03-24T16:13:55Z,2023-03-24T16:14:00Z,1.2639285100936619e-05,0.001395543242853601,0.0014081825279545375,0
2023-03-24T16:13:55Z,2023-03-24T16:14:00Z,2.8263226492426536e-06,0.001400061406610692,0.0014028877292599346,0
2023-03-24T16:13:55Z,2023-03-24T16:14:00Z,6.28075446879278e-06,0.0014043273928187666,0.0013980466383499738,0
2023-03-24T16:13:55Z,2023-03-24T16:14:00Z,2.3872067614793624e-05,0.0014205700255385668,0.0013966979579237732,0
2023-03-24T16:13:55Z,2023-03-24T16:14:00Z,4.955297944698274e-06,0.0014049326453723847,0.0013999773474276864,0
2023-03-24T16:13:55Z,2023-03-24T16:14:00Z,1.984652458796466e-05,0.0013884730837347104,0.0014083196083226751,0
2023-03-24T16:13:55Z,2023-03-24T16:14:00Z,1.9413705371296554e-05,0.001390529649205276,0.0014099433545765726,0
2023-03-24T16:13:55Z,2023-03-24T16:14:00Z,1.762250953865293e-05,0.0013870360753432344,0.0014046585848818873,0
2023-03-24T16:13:55Z,2023-03-24T16:14:00Z,1.055902246651242e-05,0.0013840861036376112,0.0013946451261041236,0
2023-03-24T16:13:55Z,2023-03-24T16:14:00Z,1.4251616764123995e-05,0.0013744279859969498,0.0013886796027610738,0
2023-03-24T16:14:55Z,2023-03-24T16:15:00Z,2.2758926142838094e-05,0.0013644583499192026,0.0013872172760620407,0
2023-03-24T16:14:55Z,2023-03-24T16:15:00Z,4.73206477886734e-05,0.0013345294072039252,0.0013818500549925986,0
2023-03-24T16:14:55Z,2023-03-24T16:15:00Z,5.0480922441836556e-05,0.0013238432240760848,0.0013743241465179214,0
2023-03-24T16:14:55Z,2023-03-24T16:15:00Z,4.60103204323885e-05,0.0013117949272743042,0.0013578052477066927,0
2023-03-24T16:14:55Z,2023-03-24T16:15:00Z,3.451628351525799e-05,0.0013064273768844795,0.0013409436603997375,0
2023-03-24T16:14:55Z,2023-03-24T16:15:00Z,2.476074976403707e-05,0.0012986284364207342,0.0013233891861847713,0
2023-03-24T16:14:55Z,2023-03-24T16:15:00Z,1.5574192783152042e-05,0.0012984476499618043,0.0013140218427449564,0
2023-03-24T16:14:55Z,2023-03-24T16:15:00Z,1.208149909933602e-05,0.00129353541442717,0.001305616913526506,0
2023-03-24T16:14:55Z,2023-03-24T16:15:00Z,4.779157212235312e-06,0.0012963886638767707,0.001301167821089006,0
2023-03-24T16:14:55Z,2023-03-24T16:15:00Z,1.0187864126380303e-05,0.0013070583643962832,0.0012968705002699029,0
2023-03-24T16:14:55Z,2023-03-24T16:15:00Z,2.0694531957933136e-05,0.001316818441379848,0.0012961239094219149,0
2023-03-24T16:14:55Z,2023-03-24T16:15:00Z,1.5685160938886875e-05,0.0013146793085056282,0.0012989941475667413,0
2023-03-24T16:15:55Z,2023-03-24T16:16:00Z,1.1265610388218588e-05,0.001318020766939186,0.0013067551565509674,0
2023-03-24T16:15:55Z,2023-03-24T16:16:00Z,4.742435680763022e-06,0.001317594473774683,0.00131285203809392,0
2023-03-24T16:15:55Z,2023-03-24T16:16:00Z,9.06284160544224e-06,0.0013255690138803296,0.0013165061722748873,0
2023-03-24T16:15:55Z,2023-03-24T16:16:00Z,2.227618915845702e-07,0.0013165420878482477,0.0013167648497398323,0
2023-03-24T16:15:55Z,2023-03-24T16:16:00Z,7.494533123168041e-06,0.0013278892846545676,0.0013203947515313995,0
2023-03-24T16:15:55Z,2023-03-24T16:16:00Z,3.527407853498501e-06,0.0013163744506475884,0.001319901858501087,0
2023-03-24T16:15:55Z,2023-03-24T16:16:00Z,1.0056962238792159e-05,0.0013132764998889227,0.0013233334621277149,0
2023-03-24T16:15:55Z,2023-03-24T16:16:00Z,3.6249943140634084e-06,0.0013166436134027376,0.001320268607716801,0
2023-03-24T16:15:55Z,2023-03-24T16:16:00Z,1.0130687495693525e-05,0.0013090493909013329,0.0013191800783970264,0
2023-03-24T16:15:55Z,2023-03-24T16:16:00Z,6.416119849687874e-07,0.0013160731332980517,0.001315431521313083,0
2023-03-24T16:15:55Z,2023-03-24T16:16:00Z,9.799854473419977e-06,0.0013227896892044177,0.0013129898347309977,0
2023-03-24T16:15:55Z,2023-03-24T16:16:00Z,1.0006466008062338e-06,0.0013129213992665676,0.0013139220458673738,0
2023-03-24T16:16:55Z,2023-03-24T16:17:00Z,9.630464780264678e-06,0.0013063402730210027,0.0013159707378012674,0
2023-03-24T16:16:55Z,2023-03-24T16:17:00Z,3.37544289553569e-06,0.00131388596436081,0.0013172614072563457,0
2023-03-24T16:16:55Z,2023-03-24T16:17:00Z,4.522415715172215e-06,0.0013185395362125018,0.0013140171204973296,0
2023-03-24T16:16:55Z,2023-03-24T16:17:00Z,1.5825833341155757e-06,0.0013126317955502423,0.0013110492122161267,0
2023-03-24T16:16:55Z,2023-03-24T16:17:00Z,5.5826540887673765e-06,0.0013073392704426709,0.0013129219245314383,0
2023-03-24T16:16:55Z,2023-03-24T16:17:00Z,8.490568353634442e-06,0.001306528530354217,0.0013150190987078515,0
2023-03-24T16:16:55Z,2023-03-24T16:17:00Z,1.3689351587482107e-05,0.001299147515814323,0.001312836867401805,0
2023-03-24T16:16:55Z,2023-03-24T16:17:00Z,5.247693331404766e-06,0.0013035855054509718,0.0013088331987823765,0
2023-03-24T16:16:55Z,2023-03-24T16:17:00Z,1.3424839314518655e-07,0.001304472687263549,0.0013043384388704037,0
2023-03-24T16:16:55Z,2023-03-24T16:17:00Z,6.088942616842667e-06,0.0013091761264900131,0.0013030871838731705,0
2023-03-24T16:16:55Z,2023-03-24T16:17:00Z,3.6637020787157974e-06,0.0013060656049216637,0.0013024019028429479,0
2023-03-24T16:16:55Z,2023-03-24T16:17:00Z,7.882610555110664e-06,0.0013136273836232887,0.001305744773068178,0
2023-03-24T16:17:55Z,2023-03-24T16:18:00Z,3.4419222633729537e-06,0.0013100133951551149,0.001306571472891742,0
2023-03-24T16:17:55Z,2023-03-24T16:18:00Z,8.981141559153642e-06,0.0013186041799041423,0.0013096230383449886,0
2023-03-24T16:17:55Z,2023-03-24T16:18:00Z,9.062046755416598e-06,0.001318964174655439,0.0013099021279000223,0
2023-03-24T16:17:55Z,2023-03-24T16:18:00Z,3.175580519748167e-06,0.0013172572334139302,0.001314081652894182,0
2023-03-24T16:17:55Z,2023-03-24T16:18:00Z,7.094942629694593e-06,0.0013229555258679267,0.001315860583238232,0
2023-03-24T16:17:55Z,2023-03-24T16:18:00Z,1.7978291217131013e-05,0.0013362534872083014,0.0013182751959911704,0
2023-03-24T16:17:55Z,2023-03-24T16:18:00Z,1.6449075392377215e-05,0.0013361747200381425,0.0013197256446457653,0
2023-03-24T16:17:55Z,2023-03-24T16:18:00Z,8.166023163862527e-06,0.001333654771993915,0.0013254887488300525,0
2023-03-24T16:17:55Z,2023-03-24T16:18:00Z,4.1285928624088496e-07,0.0013313817184185492,0.0013317945777047901,0
2023-03-24T16:17:55Z,2023-03-24T16:18:00Z,1.102649720529595e-05,0.0013243344958748238,0.0013353609930801197,0
2023-03-24T16:17:55Z,2023-03-24T16:18:00Z,1.8377235385073605e-05,0.0013153598347651287,0.0013337370701502023,0
2023-03-24T16:17:55Z,2023-03-24T16:18:00Z,2.8154401549424207e-06,0.001326974888607487,0.0013297903287624294,0
2023-03-24T16:18:55Z,2023-03-24T16:19:00Z,1.279383020192466e-05,0.0013364858465547585,0.0013236920163528338,1
2023-03-24T16:18:55Z,2023-03-24T16:19:00Z,1.2345200317185993e-05,0.001334568273399666,0.00132222307308248,1
2023-03-24T16:18:55Z,2023-03-24T16:19:00Z,2.603828164728702e-05,0.0013523118049564118,0.0013262735233091248,1
2023-03-24T16:18:55Z,2023-03-24T16:19:00Z,2.4037043662549894e-05,0.0013567133798498539,0.001332676336187304,1
2023-03-24T16:18:55Z,2023-03-24T16:19:00Z,6.646603783742313e-06,0.0013477685787540211,0.0013411219749702788,1
2023-03-24T16:18:55Z,2023-03-24T16:19:00Z,1.4026211030855867e-05,0.0013618906970994996,0.0013478644860686437,1
2023-03-24T16:18:55Z,2023-03-24T16:19:00Z,1.4867646319502697e-05,0.0013671322341729315,0.0013522645878534289,1
2023-03-24T16:18:55Z,2023-03-24T16:19:00Z,3.173618948707044e-05,0.0013871937413881953,0.0013554575519011249,1
2023-03-24T16:18:55Z,2023-03-24T16:19:00Z,2.7637473739267277e-05,0.001386567977081418,0.0013589305033421507,1
2023-03-24T16:18:55Z,2023-03-24T16:19:00Z,1.2778328910009653e-05,0.0013848505531302182,0.0013720722242202086,1
2023-03-24T16:18:55Z,2023-03-24T16:19:00Z,1.9038707541919886e-08,0.0013803170229217234,0.0013802979842141815,1
2023-03-24T16:18:55Z,2023-03-24T16:19:00Z,1.1032713556326668e-05,0.0013751713769769506,0.0013862040905332773,1
2023-03-24T16:19:55Z,2023-03-24T16:20:00Z,3.6208245500553727e-06,0.0013875326755945086,0.0013839118510444533,0
2023-03-24T16:19:55Z,2023-03-24T16:20:00Z,9.899315498581533e-07,0.0013811029158928222,0.001380112984342964,0
2023-03-24T16:19:55Z,2023-03-24T16:20:00Z,3.870922765430475e-06,0.0013771361023989638,0.0013810070251643943,0
2023-03-24T16:19:55Z,2023-03-24T16:20:00Z,1.139785992627148e-06,0.0013801292034954667,0.0013812689894880938,0
2023-03-24T16:19:55Z,2023-03-24T16:20:00Z,1.4241361404442737e-06,0.0013833480341025424,0.001381923897962098,0
2023-03-24T16:19:55Z,2023-03-24T16:20:00Z,1.8330334136196572e-07,0.0013796393772704462,0.0013794560739290843,0
2023-03-24T16:19:55Z,2023-03-24T16:20:00Z,2.15135500326695e-06,0.0013823558016689246,0.0013802044466656577,0
2023-03-24T16:19:55Z,2023-03-24T16:20:00Z,1.839488170187007e-05,0.0013994337533246885,0.0013810388716228184,0
2023-03-24T16:19:55Z,2023-03-24T16:20:00Z,1.1154580460182506e-05,0.0013929356514741536,0.001381781071013971,0
2023-03-24T16:19:55Z,2023-03-24T16:20:00Z,9.508468744992343e-06,0.0013966514461663455,0.0013871429774213531,0
2023-03-24T16:19:55Z,2023-03-24T16:20:00Z,1.1000595359485828e-05,0.0014025756641820749,0.001391575068822589,0
2023-03-24T16:20:55Z,2023-03-24T16:21:00Z,2.3106557366103526e-06,0.001398650939391673,0.0013963402836550626,0
2023-03-24T16:20:55Z,2023-03-24T16:21:00Z,1.2935313186222559e-05,0.0013844522740879687,0.0013973875872741912,0
2023-03-24T16:20:55Z,2023-03-24T16:21:00Z,1.1148850452298966e-05,0.0013881438327943986,0.0013992926832466976,0
2023-03-24T16:20:55Z,2023-03-24T16:21:00Z,8.988879099147131e-06,0.0013862374134547585,0.0013952262925539056,0
2023-03-24T16:20:55Z,2023-03-24T16:21:00Z,1.5546662003367885e-05,0.0013748690200879787,0.0013904156820913466,0
2023-03-24T16:20:55Z,2023-03-24T16:21:00Z,6.374333873023375e-07,0.0013869152734996776,0.0013862778401123753,0
2023-03-24T16:20:55Z,2023-03-24T16:21:00Z,3.934385207144536e-06,0.001379149036905234,0.0013830834221123785,0
2023-03-24T16:20:55Z,2023-03-24T16:21:00Z,4.526622060621252e-06,0.001387200524408093,0.0013826739023474718,0
2023-03-24T16:20:55Z,2023-03-24T16:21:00Z,1.7132597351064878e-05,0.0013631785128132318,0.0013803111101642967,0
2023-03-24T16:20:55Z,2023-03-24T16:21:00Z,2.8052579443305385e-05,0.0013563690321610295,0.001384421611604335,0
2023-03-24T16:20:55Z,2023-03-24T16:21:00Z,1.248800898828728e-05,0.0013640213490538988,0.0013765093580421861,0
2023-03-24T16:20:55Z,2023-03-24T16:21:00Z,7.471980098799425e-06,0.001361444043028652,0.0013689160231274515,0
2023-03-24T16:21:55Z,2023-03-24T16:22:00Z,3.728357597034167e-07,0.0013615624671024233,0.00136118963134272,0
2023-03-24T16:21:55Z,2023-03-24T16:22:00Z,6.708030826866902e-06,0.0013539034439209933,0.0013606114747478602,0
2023-03-24T16:21:55Z,2023-03-24T16:22:00Z,1.618447152192527e-05,0.0013461581482063997,0.001362342619728325,0
2023-03-24T16:21:55Z,2023-03-24T16:22:00Z,1.5154225370279375e-05,0.0013438157593137433,0.0013589699846840227,0
2023-03-24T16:21:55Z,2023-03-24T16:22:00Z,1.176162301552968e-05,0.0013421130633944091,0.0013538746864099388,0
2023-03-24T16:21:55Z,2023-03-24T16:22:00Z,7.365789671371324e-07,0.0013472225381799083,0.0013479591171470455,0
2023-03-24T16:21:55Z,2023-03-24T16:22:00Z,4.687761560982426e-06,0.0013393412287438684,0.0013440289903048509,0
2023-03-24T16:21:55Z,2023-03-24T16:22:00Z,5.00835752019653e-06,0.0013493921444828834,0.0013443837869626868,0
2023-03-24T16:21:55Z,2023-03-24T16:22:00Z,4.882815969772976e-06,0.0013380094608029557,0.0013428922767727287,0
2023-03-24T16:21:55Z,2023-03-24T16:22:00Z,8.085129417538008e-06,0.0013372335077180154,0.0013453186371355534,0
2023-03-24T16:21:55Z,2023-03-24T16:22:00Z,5.308553821256959e-07,0.0013427784667253617,0.001342247611343236,0
2023-03-24T16:21:55Z,2023-03-24T16:22:00Z,8.30500586686397e-06,0.0013332400318010877,0.0013415450376679516,0
2023-03-24T16:22:55Z,2023-03-24T16:23:00Z,1.1710751062640528e-05,0.0013276297273528037,0.0013393404784154443,0
2023-03-24T16:22:55Z,2023-03-24T16:23:00Z,1.1878556147300193e-05,0.001325872112600855,0.0013377506687481551,0
2023-03-24T16:22:55Z,2023-03-24T16:23:00Z,1.2928348019185677e-05,0.001321621060607232,0.0013345494086264176,0
2023-03-24T16:22:55Z,2023-03-24T16:23:00Z,1.6596514254481028e-05,0.0013123174429971012,0.0013289139572515822,0
2023-03-24T16:22:55Z,2023-03-24T16:23:00Z,1.902788226024188e-06,0.0013231381786276062,0.0013250409668536303,0
2023-03-24T16:22:55Z,2023-03-24T16:23:00Z,1.0519725570265611e-05,0.0013304565976386615,0.0013199368720683959,0
2023-03-24T16:22:55Z,2023-03-24T16:23:00Z,1.4564869055641366e-05,0.0013335904297996212,0.0013190255607439798,0
2023-03-24T16:22:55Z,2023-03-24T16:23:00Z,2.2864341339202173e-05,0.0013448350810936584,0.0013219707397544563,0
2023-03-24T16:22:55Z,2023-03-24T16:23:00Z,2.1412571154130235e-05,0.0013504743065094265,0.0013290617353552963,0
2023-03-24T16:22:55Z,2023-03-24T16:23:00Z,1.560186198251625e-05,0.00135189589815983,0.0013362940361773138,0
2023-03-24T16:22:55Z,2023-03-24T16:23:00Z,6.969532113166362e-07,0.0013436635590122186,0.001342966605800902,0
2023-03-24T16:22:55Z,2023-03-24T16:23:00Z,3.2774479026991855e-06,0.0013457909806849392,0.0013490684285876384,0
2023-03-24T16:23:55Z,2023-03-24T16:24:00Z,4.538897974599738e-07,0.0013482240314296983,0.0013486779212271583,0
2023-03-24T16:23:55Z,2023-03-24T16:24:00Z,3.841251607069034e-06,0.001350958064226065,0.001347116812618996,0
2023-03-24T16:23:55Z,2023-03-24T16:24:00Z,3.467412950480071e-06,0.0013493602699927655,0.0013458928570422855,0
2023-03-24T16:23:55Z,2023-03-24T16:24:00Z,1.2102860541182313e-05,0.0013604272193214165,0.0013483243587802342,0
2023-03-24T16:23:55Z,2023-03-24T16:24:00Z,2.282289856769164e-05,0.0013723370204505347,0.001349514121882843,0
2023-03-24T16:23:55Z,2023-03-24T16:24:00Z,1.5046709698112457e-05,0.001368628560878195,0.0013535818511800825,0
2023-03-24T16:23:55Z,2023-03-24T16:24:00Z,5.047830077591509e-06,0.0013657559999991637,0.0013607081699215722,0
2023-03-24T16:23:55Z,2023-03-24T16:24:00Z,4.6115845495871884e-06,0.0013717425180996357,0.0013671309335500485,0
2023-03-24T16:23:55Z,2023-03-24T16:24:00Z,2.8452357050652924e-07,0.0013691917173464711,0.0013689071937759646,0
2023-03-24T16:23:55Z,2023-03-24T16:24:00Z,9.169835204894021e-06,0.0013595391911207708,0.0013687090263256648,0
2023-03-24T16:23:55Z,2023-03-24T16:24:00Z,1.516175445138838e-05,0.0013537349906970351,0.0013688967451484235,0
2023-03-24T16:23:55Z,2023-03-24T16:24:00Z,1.2229887027495829e-05,0.0013545945884947967,0.0013668244755222925,0
2023-03-24T16:23:55Z,2023-03-24T16:24:00Z,4.719078995119074e-06,0.0013561028873929734,0.0013608219663880925,0
2023-03-24T16:24:55Z,2023-03-24T16:25:00Z,9.468604206914642e-06,0.0013654248609777822,0.0013559562567708675,0
2023-03-24T16:24:55Z,2023-03-24T16:25:00Z,5.660162088061069e-06,0.001349150660106874,0.001354810822194935,0
2023-03-24T16:24:55Z,2023-03-24T16:25:00Z,5.414007921377556e-06,0.0013532934377004733,0.0013587074456218508,0
2023-03-24T16:24:55Z,2023-03-24T16:25:00Z,2.764937049533475e-05,0.0013292434323305417,0.0013568928028258765,0
2023-03-24T16:24:55Z,2023-03-24T16:25:00Z,3.4404592647002685e-05,0.0013215517269480406,0.0013559563195950433,0
2023-03-24T16:24:55Z,2023-03-24T16:25:00Z,1.3701910237804696e-05,0.0013301939331414917,0.0013438958433792964,0
2023-03-24T16:24:55Z,2023-03-24T16:25:00Z,1.315744584331471e-05,0.001321538753149704,0.0013346961989930187,0
2023-03-24T16:24:55Z,2023-03-24T16:25:00Z,1.625633428469723e-05,0.0013107400298553275,0.0013269963641400248,0
2023-03-24T16:24:55Z,2023-03-24T16:25:00Z,2.283201182795417e-05,0.0013015961259184579,0.001324428137746412,0
2023-03-24T16:24:55Z,2023-03-24T16:25:00Z,1.8573110837296182e-05,0.0013022511278782114,0.0013208242387155076,0
2023-03-24T16:24:55Z,2023-03-24T16:25:00Z,1.8486746079411642e-06,0.0013094429616998884,0.0013112916363078296,0
2023-03-24T16:25:55Z,2023-03-24T16:26:00Z,8.182359203758559e-06,0.0013130447870877574,0.0013048624278839988,1
2023-03-24T16:25:55Z,2023-03-24T16:26:00Z,1.794909817234413e-05,0.00132237917000453,0.001304430071832186,1
2023-03-24T16:25:55Z,2023-03-24T16:26:00Z,1.4362237032116126e-06,0.0013096825159251639,0.0013082462922219523,1
2023-03-24T16:25:55Z,2023-03-24T16:26:00Z,5.778114920492947e-06,0.001309177524676899,0.001314955639597392,1
2023-03-24T16:25:55Z,2023-03-24T16:26:00Z,1.386397063819658e-05,0.0013011715203676204,0.001315035491005817,1
2023-03-24T16:25:55Z,2023-03-24T16:26:00Z,1.3689889928370901e-05,0.00130005651360716,0.001313746403535531,1
2023-03-24T16:25:55Z,2023-03-24T16:26:00Z,3.763937626465345e-06,0.001302913249363429,0.0013066771869898943,1
2023-03-24T16:25:55Z,2023-03-24T16:26:00Z,1.4925406763978888e-05,0.001288543112786581,0.0013034685195505598,1
2023-03-24T16:25:55Z,2023-03-24T16:26:00Z,2.3709069721273906e-05,0.0012776713580581291,0.001301380427779403,1
2023-03-24T16:25:55Z,2023-03-24T16:26:00Z,4.749111621934381e-05,0.0012496798423663794,0.0012971709585857232,1
2023-03-24T16:25:55Z,2023-03-24T16:26:00Z,7.460294308147771e-05,0.0012151062969879018,0.0012897092400693795,1
2023-03-24T16:25:55Z,2023-03-24T16:26:00Z,9.685508506636809e-05,0.001175109686003995,0.0012719647710703632,1
2023-03-24T16:25:55Z,2023-03-24T16:26:00Z,8.849132305953963e-05,0.0011589945094112638,0.0012474858324708034,1
2023-03-24T16:26:55Z,2023-03-24T16:27:00Z,7.25105856863432e-05,0.0011407880227664155,0.0012132986084527587,1
2023-03-24T16:26:55Z,2023-03-24T16:27:00Z,5.4595797281043216e-05,0.0011284743668533437,0.001183070164134387,1
2023-03-24T16:26:55Z,2023-03-24T16:27:00Z,4.819740763952504e-05,0.0011100999984210332,0.0011582974060605582,1
2023-03-24T16:26:55Z,2023-03-24T16:27:00Z,3.439877931386902e-05,0.0011083535203631387,0.0011427522996770077,1
2023-03-24T16:26:55Z,2023-03-24T16:27:00Z,3.2432424361847085e-05,0.0010940217049850837,0.0011264541293469308,1
2023-03-24T16:26:55Z,2023-03-24T16:27:00Z,2.5206820716460777e-05,0.0010904358078293777,0.0011156426285458384,1
2023-03-24T16:26:55Z,2023-03-24T16:27:00Z,1.9031180729447116e-05,0.001085127227193638,0.0011041584079230851,1
2023-03-24T16:26:55Z,2023-03-24T16:27:00Z,3.064550592381558e-05,0.0010669581718020511,0.0010976036777258667,1
2023-03-24T16:26:55Z,2023-03-24T16:27:00Z,2.325259543289838e-05,0.0010666089845698015,0.0010898615800026999,1
2023-03-24T16:26:55Z,2023-03-24T16:27:00Z,1.8079706568889823e-05,0.0010627606957061325,0.0010808404022750223,1
2023-03-24T16:26:55Z,2023-03-24T16:27:00Z,2.267086024207595e-05,0.0010502272676130874,0.0010728981278551634,1
2023-03-24T16:26:55Z,2023-03-24T16:27:00Z,2.6223345407261085e-05,0.0010392192719520673,0.0010654426173593284,1
2023-03-24T16:27:55Z,2023-03-24T16:28:00Z,2.9590299073756123e-05,0.0010302753502225844,0.0010598656492963405,1
2023-03-24T16:27:55Z,2023-03-24T16:28:00Z,2.5939505645096754e-05,0.0010247962394453322,0.001050735745090429,1
2023-03-24T16:27:55Z,2023-03-24T16:28:00Z,1.8957827440285345e-05,0.0010209494691556277,0.001039907296595913,1
2023-03-24T16:27:55Z,2023-03-24T16:28:00Z,1.5010694318993122e-05,0.0010164195928876682,0.0010314302872066613,1
2023-03-24T16:27:55Z,2023-03-24T16:28:00Z,2.4394171107141975e-05,0.0010009461818340393,0.0010253403529411813,1
2023-03-24T16:27:55Z,2023-03-24T16:28:00Z,2.6365782995199693e-05,0.0009943559841676763,0.001020721767162876,1
2023-03-24T16:27:55Z,2023-03-24T16:28:00Z,1.701231161754281e-05,0.0009957594363415687,0.0010127717479591115,1
2023-03-24T16:27:55Z,2023-03-24T16:28:00Z,1.3410758536848942e-05,0.000990496494426279,0.001003907252963128,1
2023-03-24T16:27:55Z,2023-03-24T16:28:00Z,1.2371925866904148e-05,0.000984648608247524,0.0009970205341144282,1
2023-03-24T16:27:55Z,2023-03-24T16:28:00Z,1.0928910524253543e-05,0.0009826083944542545,0.000993537304978508,1
2023-03-24T16:27:55Z,2023-03-24T16:28:00Z,4.7638305248371305e-06,0.0009855376824802866,0.0009903015130051237,1
2023-03-24T16:27:55Z,2023-03-24T16:28:00Z,6.723435773484283e-06,0.0009791943966025347,0.000985917832376019,1
2023-03-24T16:28:55Z,2023-03-24T16:29:00Z,1.1875450838263807e-05,0.0009723894442224246,0.0009842648950606884,1
2023-03-24T16:28:55Z,2023-03-24T16:29:00Z,4.8244143845124635e-05,0.0009342026806672338,0.0009824468245123584,1
2023-03-24T16:28:55Z,2023-03-24T16:29:00Z,5.011612127651607e-05,0.0009289243864918992,0.0009790405077684152,1
2023-03-24T16:28:55Z,2023-03-24T16:29:00Z,1.9583063328714335e-05,0.0009423457771686834,0.0009619288404973977,1
2023-03-24T16:28:55Z,2023-03-24T16:29:00Z,2.628389015862497e-05,0.0009714560606191441,0.0009451721704605192,1
2023-03-24T16:28:55Z,2023-03-24T16:29:00Z,5.872503050718221e-05,0.000993882645283121,0.0009351576147759388,1
2023-03-24T16:28:55Z,2023-03-24T16:29:00Z,7.660539908936127e-05,0.0010241808071826035,0.0009475754080932422,1
2023-03-24T16:28:55Z,2023-03-24T16:29:00Z,8.752881525844931e-05,0.0010567569762820988,0.0009692281610236495,1
2023-03-24T16:28:55Z,2023-03-24T16:29:00Z,8.394821447242824e-05,0.001080454718834051,0.0009965065043616229,1
2023-03-24T16:28:55Z,2023-03-24T16:29:00Z,8.152761393010605e-05,0.001106467756846047,0.001024940142915941,1
2023-03-24T16:28:55Z,2023-03-24T16:29:00Z,8.211610384097003e-05,0.0011359136046072212,0.0010537975007662511,1
2023-03-24T16:28:55Z,2023-03-24T16:29:00Z,8.816761525214101e-05,0.00116939409923954,0.001081226483987399,1
2023-03-24T16:29:55Z,2023-03-24T16:30:00Z,8.287143804046196e-05,0.0011904834648029017,0.0011076120267624397,0
2023-03-24T16:29:55Z,2023-03-24T16:30:00Z,7.614581874125308e-05,0.0012134043056388558,0.0011372584868976027,0
2023-03-24T16:29:55Z,2023-03-24T16:30:00Z,8.156513379883532e-05,0.0012468288566820562,0.0011652637228832209,0
2023-03-24T16:29:55Z,2023-03-24T16:30:00Z,8.672101108338627e-05,0.0012778149676438188,0.0011910939565604325,0
2023-03-24T16:29:55Z,2023-03-24T16:30:00Z,9.99648802657916e-05,0.0013168704226403961,0.0012169055423746045,0
2023-03-24T16:29:55Z,2023-03-24T16:30:00Z,9.635818810527631e-05,0.0013423742314268533,0.001246016043321577,0
2023-03-24T16:29:55Z,2023-03-24T16:30:00Z,8.276480315348028e-05,0.0013632695521422374,0.001280504748988757,0
2023-03-24T16:29:55Z,2023-03-24T16:30:00Z,5.2240116522584605e-05,0.0013645933237596071,0.0013123532072370225,0
2023-03-24T16:29:55Z,2023-03-24T16:30:00Z,3.276677722170783e-05,0.0013736048459582033,0.0013408380687364955,0
2023-03-24T16:29:55Z,2023-03-24T16:30:00Z,1.0546081770272794e-05,0.001367291784213172,0.0013567457024428991,0
2023-03-24T16:29:55Z,2023-03-24T16:30:00Z,6.343550099130327e-06,0.0013608123571875522,0.0013671559072866825,0
2023-03-24T16:29:55Z,2023-03-24T16:30:00Z,1.944070677382232e-05,0.001349055944536505,0.0013684966513103274,0
2023-03-24T16:30:55Z,2023-03-24T16:31:00Z,2.4856616653584932e-05,0.0013423797124660574,0.0013672363291196423,0
2023-03-24T16:30:55Z,2023-03-24T16:31:00Z,3.3992359296101384e-05,0.0013250610026829751,0.0013590533619790765,0
2023-03-24T16:30:55Z,2023-03-24T16:31:00Z,5.057458867008084e-05,0.0013001747493932906,0.0013507493380633714,0
2023-03-24T16:30:55Z,2023-03-24T16:31:00Z,4.6867647454481654e-05,0.0012919645724406975,0.0013388322198951792,0
2023-03-24T16:30:55Z,2023-03-24T16:31:00Z,3.405905119793903e-05,0.0012884794369828353,0.0013225384881807743,0
2023-03-24T16:30:55Z,2023-03-24T16:31:00Z,2.2009784440678998e-05,0.0012837236570649756,0.0013057334415056546,0
2023-03-24T16:30:55Z,2023-03-24T16:31:00Z,7.861949588044547e-06,0.00128567763668423,0.0012935395862722745,0
2023-03-24T16:30:55Z,2023-03-24T16:31:00Z,9.473865902342744e-06,0.00127858202292716,0.0012880558888295028,0
2023-03-24T16:30:55Z,2023-03-24T16:31:00Z,9.755413138785298e-06,0.0012762048304385616,0.001285960243577347,0
2023-03-24T16:30:55Z,2023-03-24T16:31:00Z,5.420772887709249e-06,0.0012772403326710793,0.0012826611055587885,0
2023-03-24T16:30:55Z,2023-03-24T16:31:00Z,3.7976556419424753e-06,0.0012763571743747081,0.0012801548300166506,0
2023-03-24T16:30:55Z,2023-03-24T16:31:00Z,1.0235959654911891e-05,0.0012671064356906884,0.0012773423953456003,0
2023-03-24T16:31:55Z,2023-03-24T16:32:00Z,7.060975746993976e-06,0.0012695398034144557,0.0012766007791614497,0
2023-03-24T16:31:55Z,2023-03-24T16:32:00Z,6.602779213882087e-06,0.0012801707601260408,0.0012735679809121588,0
2023-03-24T16:31:55Z,2023-03-24T16:32:00Z,8.67845632045454e-06,0.001279679594147072,0.0012710011378266174,0
2023-03-24T16:31:55Z,2023-03-24T16:32:00Z,6.822556853108624e-06,0.0012790948899301703,0.0012722723330770617,0
2023-03-24T16:31:55Z,2023-03-24T16:32:00Z,3.0020915700681473e-06,0.0012794654774659242,0.001276463385895856,0
2023-03-24T16:31:55Z,2023-03-24T16:32:00Z,1.789901815836721e-06,0.0012814383165502645,0.0012796484147344278,0
2023-03-24T16:31:55Z,2023-03-24T16:32:00Z,2.0505377270791953e-06,0.0012773627827873096,0.0012794133205143888,0
2023-03-24T16:31:55Z,2023-03-24T16:32:00Z,8.828715698319407e-07,0.001280882432885285,0.001279999561315453,0
2023-03-24T16:31:55Z,2023-03-24T16:32:00Z,3.8638950901573755e-06,0.00128328608735799,0.0012794221922678326,0
2023-03-24T16:31:55Z,2023-03-24T16:32:00Z,1.0064731922358391e-06,0.0012809009839331888,0.001279894510740953,0
2023-03-24T16:31:55Z,2023-03-24T16:32:00Z,5.806676215181416e-06,0.0012747037581283469,0.0012805104343435283,0
2023-03-24T16:31:55Z,2023-03-24T16:32:00Z,2.3741095962718107e-06,0.0012793157251292163,0.001281689834725488,0
2023-03-24T16:32:55Z,2023-03-24T16:33:00Z,7.692540212253518e-07,0.0012803995304944006,0.0012796302764731752,0
2023-03-24T16:32:55Z,2023-03-24T16:33:00Z,3.1165893093899714e-06,0.0012751902330875274,0.0012783068223969174,0
2023-03-24T16:32:55Z,2023-03-24T16:33:00Z,3.2074024526758654e-06,0.0012749322687979786,0.0012781396712506544,0
2023-03-24T16:32:55Z,2023-03-24T16:33:00Z,7.131979263817886e-06,0.0012711698503065634,0.0012783018295703813,0
2023-03-24T16:32:55Z,2023-03-24T16:33:00Z,1.605032081645509e-06,0.0012784457095416145,0.001276840677459969,0
2023-03-24T16:32:55Z,2023-03-24T16:33:00Z,1.8073971706571938e-06,0.0012755715145680137,0.0012737641173973565,0
2023-03-24T16:32:55Z,2023-03-24T16:33:00Z,6.11904525655519e-07,0.001275461180741041,0.0012748492762153854,0
2023-03-24T16:32:55Z,2023-03-24T16:33:00Z,3.953359629755128e-06,0.0012790157177684858,0.0012750623581387307,0
2023-03-24T16:32:55Z,2023-03-24T16:33:00Z,4.5355657903515915e-06,0.0012810283674072412,0.0012764928016168896,0
2023-03-24T16:32:55Z,2023-03-24T16:33:00Z,1.2841663612255189e-05,0.0012895244679714353,0.00127668280435918,0
2023-03-24T16:32:55Z,2023-03-24T16:33:00Z,1.4563140421330802e-05,0.0012930648957269202,0.0012785017553055894,0
2023-03-24T16:32:55Z,2023-03-24T16:33:00Z,1.558568135326399e-05,0.0012987751990689847,0.0012831895177157207,0
2023-03-24T16:33:55Z,2023-03-24T16:34:00Z,8.614046749809857e-06,0.0012964866237850086,0.0012878725770351987,0
2023-03-24T16:33:55Z,2023-03-24T16:34:00Z,1.2881260611163686e-05,0.0013066694482002771,0.0012937881875891134,0
2023-03-24T16:33:55Z,2023-03-24T16:34:00Z,1.0250123737465646e-05,0.0013063590299311036,0.001296108906193638,0
2023-03-24T16:33:55Z,2023-03-24T16:34:00Z,5.850762401851022e-06,0.0013064945194199411,0.0013006437570180901,0
2023-03-24T16:33:55Z,2023-03-24T16:34:00Z,6.303012677051937e-06,0.0013094747133158484,0.0013031717006387964,0
2023-03-24T16:33:55Z,2023-03-24T16:34:00Z,3.254847723463102e-06,0.0013032528181269776,0.0013065076658504407,0
2023-03-24T16:33:55Z,2023-03-24T16:34:00Z,2.9865204550149835e-06,0.0013044562337672825,0.0013074427542222975,0
2023-03-24T16:33:55Z,2023-03-24T16:34:00Z,3.3279885303131793e-06,0.0013097353388179021,0.001306407350287589,0
2023-03-24T16:33:55Z,2023-03-24T16:34:00Z,1.0551485893772836e-05,0.0013162794076304757,0.0013057279217367028,0
2023-03-24T16:33:55Z,2023-03-24T16:34:00Z,9.645376109743142e-06,0.0013154601730137971,0.001305814796904054,0
2023-03-24T16:33:55Z,2023-03-24T16:34:00Z,1.0903126211123625e-05,0.0013210601196163437,0.00131015699340522,0
2023-03-24T16:33:55Z,2023-03-24T16:34:00Z,2.2265723851402908e-06,0.0013160515455391986,0.0013138249731540583,0
2023-03-24T16:34:55Z,2023-03-24T16:35:00Z,1.5116648526193165e-05,0.001302483251560679,0.0013175999000868722,0
2023-03-24T16:34:55Z,2023-03-24T16:35:00Z,2.505943287708901e-05,0.0012924645131793576,0.0013175239460564466,0
2023-03-24T16:34:55Z,2023-03-24T16:35:00Z,2.2379139974602327e-05,0.0012908191655974714,0.0013131983055720737,0
2023-03-24T16:34:55Z,2023-03-24T16:35:00Z,1.680844390091504e-05,0.00128685799285883,0.001303666436759745,0
2023-03-24T16:34:55Z,2023-03-24T16:35:00Z,9.429377492259057e-06,0.001285826265953577,0.001295255643445836,0
2023-03-24T16:34:55Z,2023-03-24T16:35:00Z,2.860007300139805e-06,0.0012871872165784132,0.001290047223878553,0
2023-03-24T16:34:55Z,2023-03-24T16:35:00Z,2.4499682511945706e-06,0.0012853845065520983,0.0012878344748032929,0
2023-03-24T16:34:55Z,2023-03-24T16:35:00Z,3.1654989615418575e-06,0.0012834583261687315,0.0012866238251302733,0
2023-03-24T16:34:55Z,2023-03-24T16:35:00Z,5.638475605019427e-06,0.0012804941874230101,0.0012861326630280296,0
2023-03-24T16:34:55Z,2023-03-24T16:35:00Z,3.913646030345242e-06,0.0012892569957967594,0.0012853433497664142,0
2023-03-24T16:34:55Z,2023-03-24T16:35:00Z,1.147576278763985e-05,0.0012945881028355866,0.0012831123400479467,0
2023-03-24T16:34:55Z,2023-03-24T16:35:00Z,6.355947724246075e-06,0.001290759117520413,0.0012844031697961669,0
2023-03-24T16:35:55Z,2023-03-24T16:36:00Z,2.0948315808574838e-05,0.0013090614111603601,0.0012881130953517853,0
2023-03-24T16:35:55Z,2023-03-24T16:36:00Z,1.776039856108704e-05,0.0013092951372786733,0.0012915347387175862,0
2023-03-24T16:35:55Z,2023-03-24T16:36:00Z,2.3593412771421782e-05,0.001321729623276875,0.0012981362105054532,0
2023-03-24T16:35:55Z,2023-03-24T16:36:00Z,2.861140174192792e-05,0.0013316499570617433,0.0013030385553198154,0
2023-03-24T16:35:55Z,2023-03-24T16:36:00Z,2.0410768383769158e-05,0.0013337728256224053,0.0013133620572386361,0
2023-03-24T16:35:55Z,2023-03-24T16:36:00Z,7.728066179623445e-06,0.0013286196387187206,0.0013208915725390971,0
2023-03-24T16:35:55Z,2023-03-24T16:36:00Z,1.1557607974418136e-05,0.001340608409961426,0.0013290508019870079,0
2023-03-24T16:35:55Z,2023-03-24T16:36:00Z,2.444271400955651e-05,0.0013557901878105127,0.0013313474738009562,0
2023-03-24T16:35:55Z,2023-03-24T16:36:00Z,1.7920361625468548e-05,0.0013522539863929858,0.0013343336247675173,0
2023-03-24T16:35:55Z,2023-03-24T16:36:00Z,1.1509587418351199e-05,0.0013531823329152378,0.0013416727454968866,0
2023-03-24T16:35:55Z,2023-03-24T16:36:00Z,3.5078970451528184e-06,0.0013460429643431554,0.0013495508613883083,0
2023-03-24T16:35:55Z,2023-03-24T16:36:00Z,4.0803088886993966e-06,0.0013496618601508794,0.0013537421690395788,0
2023-03-24T16:36:55Z,2023-03-24T16:37:00Z,9.561218413656463e-07,0.001349536972709094,0.0013504930945504596,0
2023-03-24T16:36:55Z,2023-03-24T16:37:00Z,5.7728436495692835e-06,0.0013554018961193267,0.0013496290524697575,0
2023-03-24T16:36:55Z,2023-03-24T16:37:00Z,1.538712209662725e-05,0.0013638010544976703,0.001348413932401043,0
2023-03-24T16:36:55Z,2023-03-24T16:37:00Z,9.87004941481592e-06,0.0013614036257412496,0.0013515335763264337,0
2023-03-24T16:36:55Z,2023-03-24T16:37:00Z,3.8984314517905364e-07,0.001356636484253876,0.001356246641108697,0
2023-03-24T16:36:55Z,2023-03-24T16:37:00Z,4.066291600511368e-06,0.0013642684837199268,0.0013602021921194155,0
2023-03-24T16:36:55Z,2023-03-24T16:37:00Z,1.011759840655632e-05,0.001370731319904155,0.0013606137214975987,0
2023-03-24T16:36:55Z,2023-03-24T16:37:00Z,1.3343019754705112e-05,0.001374112550993056,0.0013607695312383508,0
2023-03-24T16:36:55Z,2023-03-24T16:37:00Z,1.2480598511799843e-05,0.0013763593611377857,0.0013638787626259858,0
2023-03-24T16:36:55Z,2023-03-24T16:37:00Z,2.4674114250642937e-06,0.0013721715296307769,0.0013697041182057126,0
2023-03-24T16:36:55Z,2023-03-24T16:37:00Z,3.480281179529896e-06,0.001377214691857862,0.0013737344106783322,0
2023-03-24T16:36:55Z,2023-03-24T16:37:00Z,1.3471686942120517e-05,0.0013876861675293265,0.001374214480587206,0
2023-03-24T16:37:55Z,2023-03-24T16:38:00Z,7.352055950331357e-06,0.001382600583492473,0.0013752485275421416,0
2023-03-24T16:37:55Z,2023-03-24T16:38:00Z,1.786486269017215e-05,0.0013968889923628273,0.0013790241296726552,0
2023-03-24T16:37:55Z,2023-03-24T16:38:00Z,3.548188128745205e-05,0.0014179823622473393,0.0013825004809598872,0
2023-03-24T16:37:55Z,2023-03-24T16:38:00Z,4.794927379042852e-05,0.0014370078549186375,0.001389058581128209,0
2023-03-24T16:37:55Z,2023-03-24T16:38:00Z,3.947768020148086e-05,0.0014386349929023609,0.00139915731270088,0
2023-03-24T16:37:55Z,2023-03-24T16:38:00Z,3.751940003127565e-05,0.0014548124698742103,0.0014172930698429346,0
2023-03-24T16:37:55Z,2023-03-24T16:38:00Z,1.9667140208949607e-05,0.0014508755435650624,0.0014312084033561128,0
2023-03-24T16:37:55Z,2023-03-24T16:38:00Z,1.4032111726251274e-05,0.0014575172176246544,0.001443485105898403,0
2023-03-24T16:37:55Z,2023-03-24T16:38:00Z,8.008600343590048e-06,0.0014561162691241346,0.0014481076687805445,0
2023-03-24T16:37:55Z,2023-03-24T16:38:00Z,8.630683647605029e-07,0.0014535386753232152,0.0014544017436879757,0
2023-03-24T16:37:55Z,2023-03-24T16:38:00Z,1.62588845238139e-05,0.0014710952279617642,0.0014548363434379503,0
2023-03-24T16:38:55Z,2023-03-24T16:39:00Z,2.801316883015853e-05,0.00148373722285416,0.0014557240540240015,0
2023-03-24T16:38:55Z,2023-03-24T16:39:00Z,5.613736578443762e-05,0.0015163874232541424,0.0014602500574697047,0
2023-03-24T16:38:55Z,2023-03-24T16:39:00Z,5.2771144703819524e-05,0.0015222281867501993,0.0014694570420463798,0
2023-03-24T16:38:55Z,2023-03-24T16:39:00Z,3.41283049882042e-05,0.0015245349296782265,0.0014904066246900223,0
2023-03-24T16:38:55Z,2023-03-24T16:39:00Z,2.074892694529885e-05,0.001528199871231466,0.001507450944286167,0
2023-03-24T16:38:55Z,2023-03-24T16:39:00Z,1.546946269207145e-05,0.0015365196425862608,0.0015210501798941893,0
2023-03-24T16:38:55Z,2023-03-24T16:39:00Z,1.7881527198780698e-05,0.0015428691897520779,0.0015249876625532972,0
2023-03-24T16:38:55Z,2023-03-24T16:39:00Z,1.649763409670231e-05,0.00154624911526202,0.0015297514811653176,0
2023-03-24T16:38:55Z,2023-03-24T16:39:00Z,1.9956759775472148e-05,0.001555819660965407,0.0015358629011899348,0
2023-03-24T16:38:55Z,2023-03-24T16:39:00Z,1.6867110923890786e-05,0.001558746426790677,0.0015418793158667862,0
2023-03-24T16:38:55Z,2023-03-24T16:39:00Z,9.938900189682045e-06,0.0015582515555161837,0.0015483126553265017,0
2023-03-24T16:38:55Z,2023-03-24T16:39:00Z,1.2047927249374561e-05,0.0015656529949220758,0.0015536050676727012,0
2023-03-24T16:38:55Z,2023-03-24T16:39:00Z,2.6834797731845744e-06,0.0015602893608639404,0.0015576058810907558,0
2023-03-24T16:39:55Z,2023-03-24T16:40:00Z,1.0423695932462338e-05,0.0015713073550087746,0.0015608836590763123,0
2023-03-24T16:39:55Z,2023-03-24T16:40:00Z,1.5182044988311123e-06,0.0015629161749328977,0.0015613979704340666,0
2023-03-24T16:39:55Z,2023-03-24T16:40:00Z,1.5699491106001663e-05,0.001550050412492262,0.0015657499035982637,0
2023-03-24T16:39:55Z,2023-03-24T16:40:00Z,2.2154087659268873e-05,0.0015426835426092687,0.0015648376302685376,0
2023-03-24T16:39:55Z,2023-03-24T16:40:00Z,2.523177985428132e-05,0.0015361928676236967,0.001561424647477978,0
2023-03-24T16:39:55Z,2023-03-24T16:40:00Z,1.7230916382575097e-05,0.0015346524602955678,0.0015518833766781429,0
2023-03-24T16:39:55Z,2023-03-24T16:40:00Z,9.82573670541215e-06,0.0015331498708696636,0.0015429756075750758,0
2023-03-24T16:39:55Z,2023-03-24T16:40:00Z,1.827637880749645e-05,0.001519566578035348,0.0015378429568428445,0
2023-03-24T16:39:55Z,2023-03-24T16:40:00Z,1.4023869977253592e-05,0.0015206411962857226,0.0015346650662629762,0
2023-03-24T16:39:55Z,2023-03-24T16:40:00Z,1.3258477620383931e-05,0.0015158644921131424,0.0015291229697335263,0
2023-03-24T16:39:55Z,2023-03-24T16:40:00Z,1.4893456216913837e-05,0.0015095590921799975,0.0015244525483969114,0
2023-03-24T16:40:55Z,2023-03-24T16:41:00Z,2.0172049060330393e-05,0.0014985187064177406,0.001518690755478071,0
2023-03-24T16:40:55Z,2023-03-24T16:41:00Z,3.231546123478126e-05,0.0014830394656248397,0.001515354926859621,0
2023-03-24T16:40:55Z,2023-03-24T16:41:00Z,3.2808208534669406e-05,0.001475172555035624,0.0015079807635702935,0
2023-03-24T16:40:55Z,2023-03-24T16:41:00Z,2.8723768404325875e-05,0.0014683153196698665,0.0014970390880741924,0
2023-03-24T16:40:55Z,2023-03-24T16:41:00Z,3.987415217346401e-06,0.0014815894938087215,0.001485576909026068,0
2023-03-24T16:40:55Z,2023-03-24T16:41:00Z,7.337040198427541e-06,0.001482846153641871,0.0014755091134434435,0
2023-03-24T16:40:55Z,2023-03-24T16:41:00Z,3.6945386255550147e-06,0.0014787203281302922,0.0014750257895047372,0
2023-03-24T16:40:55Z,2023-03-24T16:41:00Z,1.2127157645485439e-06,0.0014787963714713683,0.0014775836557068198,0
2023-03-24T16:40:55Z,2023-03-24T16:41:00Z,2.122165727692655e-06,0.0014831741575879877,0.001481051991860295,0
2023-03-24T16:40:55Z,2023-03-24T16:41:00Z,6.347211371165876e-06,0.0014737737397100114,0.0014801209510811773,0
2023-03-24T16:40:55Z,2023-03-24T16:41:00Z,1.2911296240647897e-05,0.0014673189894892347,0.0014802302857298826,0
2023-03-24T16:40:55Z,2023-03-24T16:41:00Z,2.3648876149865578e-05,0.0014549325467732568,0.0014785814229231224,0
2023-03-24T16:40:55Z,2023-03-24T16:41:00Z,3.465941115857792e-05,0.0014400962177704999,0.0014747556289290778,0
2023-03-24T16:41:55Z,2023-03-24T16:42:00Z,3.441791253365619e-05,0.0014309238461238448,0.001465341758657501,0
2023-03-24T16:41:55Z,2023-03-24T16:42:00Z,1.5559659283971225e-05,0.0014385562587270258,0.001454115918010997,0
2023-03-24T16:41:55Z,2023-03-24T16:42:00Z,4.504414590507117e-06,0.0014374797889653598,0.001441984203555867,0
2023-03-24T16:41:55Z,2023-03-24T16:42:00Z,5.0855422485047205e-06,0.0014416109831222948,0.00143652544087379,0
2023-03-24T16:41:55Z,2023-03-24T16:42:00Z,9.517292807006191e-06,0.0014451705907457496,0.0014356532979387434,0
2023-03-24T16:41:55Z,2023-03-24T16:42:00Z,4.855969980338461e-06,0.0014343597069578883,0.0014392156769382268,0
2023-03-24T16:41:55Z,2023-03-24T16:42:00Z,7.116749064803394e-06,0.001434303705212998,0.0014414204542778015,0
2023-03-24T16:41:55Z,2023-03-24T16:42:00Z,8.60719172454086e-06,0.0014317732352174366,0.0014403804269419774,0
2023-03-24T16:41:55Z,2023-03-24T16:42:00Z,9.316954671729355e-06,0.001428627712967149,0.0014379446676388785,0
2023-03-24T16:41:55Z,2023-03-24T16:42:00Z,4.7566329833704374e-08,0.001433526448792608,0.0014334788824627743,0
2023-03-24T16:41:55Z,2023-03-24T16:42:00Z,4.2889929181522905e-06,0.0014272792248810422,0.0014315682177991945,0
2023-03-24T16:41:55Z,2023-03-24T16:42:00Z,1.7399787970343462e-05,0.0014487089202960747,0.0014313091323257313,0
2023-03-24T16:42:55Z,2023-03-24T16:43:00Z,2.3066120452687943e-05,0.0014528772493329544,0.0014298111288802665,0
2023-03-24T16:42:55Z,2023-03-24T16:43:00Z,3.789357509385253e-05,0.0014743984397504273,0.0014365048646565748,0
2023-03-24T16:42:55Z,2023-03-24T16:43:00Z,3.83456437090346e-05,0.0014813007752123917,0.0014429551315033571,0
2023-03-24T16:42:55Z,2023-03-24T16:43:00Z,3.0092649035540382e-05,0.001488754185495359,0.0014586615364598186,0
2023-03-24T16:42:55Z,2023-03-24T16:43:00Z,5.599104479126317e-06,0.0014751245925777173,0.001469525488098591,0
2023-03-24T16:42:55Z,2023-03-24T16:43:00Z,2.0372923771082904e-06,0.0014794471744422845,0.0014814844668193927,0
2023-03-24T16:42:55Z,2023-03-24T16:43:00Z,6.38687177251674e-06,0.001475339645989306,0.0014817265177618228,0
2023-03-24T16:42:55Z,2023-03-24T16:43:00Z,6.8515325488984185e-06,0.001474257118289555,0.0014811086508384535,0
2023-03-24T16:42:55Z,2023-03-24T16:43:00Z,6.871161768374611e-06,0.0014697659759013947,0.0014766371376697693,0
2023-03-24T16:42:55Z,2023-03-24T16:43:00Z,9.021639179890989e-07,0.001475445815655726,0.0014763479795737151,0
2023-03-24T16:42:55Z,2023-03-24T16:43:00Z,1.2181176185756086e-05,0.0014853020895791748,0.0014731209133934187,0
2023-03-24T16:42:55Z,2023-03-24T16:43:00Z,2.865454775353559e-05,0.0015018108510357609,0.0014731563032822253,0
2023-03-24T16:43:55Z,2023-03-24T16:44:00Z,1.9457621866212022e-05,0.0014962955822449772,0.0014768379603787652,0
2023-03-24T16:43:55Z,2023-03-24T16:44:00Z,1.0564760725696428e-05,0.0014980843461492503,0.001487519585423554,0
2023-03-24T16:43:55Z,2023-03-24T16:44:00Z,1.3625662881464962e-05,0.001508095170501436,0.001494469507619971,0
2023-03-24T16:43:55Z,2023-03-24T16:44:00Z,2.2861271367092964e-05,0.001521591531177089,0.001498730259809996,0
2023-03-24T16:43:55Z,2023-03-24T16:44:00Z,3.3717895516602444e-05,0.0015345429284818234,0.001500825032965221,0
2023-03-24T16:43:55Z,2023-03-24T16:44:00Z,2.825685923003602e-05,0.0015375138751726276,0.0015092570159425916,0
2023-03-24T16:43:55Z,2023-03-24T16:44:00Z,8.95951296386757e-06,0.0015303693896839838,0.0015214098767201163,0
2023-03-24T16:43:55Z,2023-03-24T16:44:00Z,2.336830083232537e-06,0.0015335529416937459,0.0015312161116105133,0
2023-03-24T16:43:55Z,2023-03-24T16:44:00Z,4.722180657462487e-06,0.0015294198837886826,0.001534142064446145,0
2023-03-24T16:43:55Z,2023-03-24T16:44:00Z,4.312243536327195e-06,0.0015294998253137918,0.001533812068850119,0
2023-03-24T16:43:55Z,2023-03-24T16:44:00Z,6.101607023579515e-07,0.0015317242324244956,0.0015311140717221376,0
2023-03-24T16:43:55Z,2023-03-24T16:44:00Z,3.2138555372250056e-06,0.0015276103613948487,0.0015308242169320737,0
2023-03-24T16:44:55Z,2023-03-24T16:45:00Z,7.073798665646006e-06,0.0015372884458413028,0.0015302146471756568,0
2023-03-24T16:44:55Z,2023-03-24T16:45:00Z,9.810994784680048e-06,0.0015198004782596987,0.0015296114730443788,0
2023-03-24T16:44:55Z,2023-03-24T16:45:00Z,1.7747826982243784e-05,0.0015144598529046387,0.0015322076798868825,0
2023-03-24T16:44:55Z,2023-03-24T16:45:00Z,2.0491823872837225e-05,0.0015077412712924461,0.0015282330951652834,0
2023-03-24T16:44:55Z,2023-03-24T16:45:00Z,7.280886736104816e-06,0.0015165687055991087,0.0015238495923352135,0
2023-03-24T16:44:55Z,2023-03-24T16:45:00Z,7.86514101450966e-06,0.0015061353931377515,0.0015140005341522612,0
2023-03-24T16:44:55Z,2023-03-24T16:45:00Z,1.9495974368560678e-06,0.001510973679161875,0.0015129232765987311,0
2023-03-24T16:44:55Z,2023-03-24T16:45:00Z,6.257758059826247e-06,0.0015164062147362618,0.0015101484566764356,0
2023-03-24T16:44:55Z,2023-03-24T16:45:00Z,5.682658805543882e-06,0.0015055432671607011,0.001511225925966245,0
2023-03-24T16:44:55Z,2023-03-24T16:45:00Z,7.005691127877616e-06,0.0015041660712174184,0.001511171762345296,0
2023-03-24T16:44:55Z,2023-03-24T16:45:00Z,2.2792951552534678e-05,0.001488181435467078,0.0015109743870196128,0
2023-03-24T16:45:55Z,2023-03-24T16:46:00Z,3.3150470909560064e-05,0.0014755547134619005,0.0015087051843714605,0
2023-03-24T16:45:55Z,2023-03-24T16:46:00Z,2.7696565415918526e-05,0.0014716003591991472,0.0014992969246150657,0
2023-03-24T16:45:55Z,2023-03-24T16:46:00Z,1.8214699790358377e-05,0.0014710860402584406,0.001489300740048799,0
2023-03-24T16:45:55Z,2023-03-24T16:46:00Z,1.3941006150593443e-05,0.0014645044965587817,0.001478445502709375,0
2023-03-24T16:45:55Z,2023-03-24T16:46:00Z,2.0641224061061433e-05,0.001452105813578768,0.0014727470376398293,0
2023-03-24T16:45:55Z,2023-03-24T16:46:00Z,1.628501260261578e-05,0.0014527786194028405,0.0014690636320054563,0
2023-03-24T16:45:55Z,2023-03-24T16:46:00Z,1.216810969510468e-05,0.001450397340436892,0.0014625654501319967,0
2023-03-24T16:45:55Z,2023-03-24T16:46:00Z,2.6370731021200557e-06,0.0014591000496155834,0.0014564629765134634,0
2023-03-24T16:45:55Z,2023-03-24T16:46:00Z,1.6838273970399458e-05,0.0014685988651098995,0.0014517605911395,0
2023-03-24T16:45:55Z,2023-03-24T16:46:00Z,2.8048058808949165e-06,0.001451287197270877,0.001454092003151772,0
2023-03-24T16:45:55Z,2023-03-24T16:46:00Z,2.011382908522993e-05,0.0014392515893022282,0.0014593654183874582,0
2023-03-24T16:45:55Z,2023-03-24T16:46:00Z,9.790914649055685e-06,0.0014498711226830642,0.0014596620373321198,0
2023-03-24T16:45:55Z,2023-03-24T16:46:00Z,9.637343392432818e-06,0.001462683227286768,0.0014530458838943351,0
2023-03-24T16:46:55Z,2023-03-24T16:47:00Z,2.154767544461085e-05,0.0014683509785300007,0.0014468033030853899,0
2023-03-24T16:46:55Z,2023-03-24T16:47:00Z,3.4606618581218976e-05,0.0014852085983385725,0.0014506019797573535,0
2023-03-24T16:46:55Z,2023-03-24T16:47:00Z,4.4514325927793056e-05,0.0015048161020944039,0.0014603017761666108,0
2023-03-24T16:46:55Z,2023-03-24T16:47:00Z,3.467988490869181e-05,0.001506760819627139,0.0014720809347184471,0
2023-03-24T16:46:55Z,2023-03-24T16:47:00Z,1.2574649398725338e-05,0.001498699875719718,0.0014861252263209926,0
2023-03-24T16:46:55Z,2023-03-24T16:47:00Z,1.2665212817722024e-05,0.001511593719504427,0.001498928506686705,0
2023-03-24T16:46:55Z,2023-03-24T16:47:00Z,4.530642082070007e-06,0.001507956241229157,0.001503425599147087,0
2023-03-24T16:46:55Z,2023-03-24T16:47:00Z,1.208726355112562e-05,0.0015177720685015535,0.001505684804950428,0
2023-03-24T16:46:55Z,2023-03-24T16:47:00Z,1.9044980269582266e-05,0.0015251282590873496,0.0015060832788177673,0
2023-03-24T16:46:55Z,2023-03-24T16:47:00Z,1.5375404753484182e-05,0.0015278160811651967,0.0015124406764117125,0
2023-03-24T16:46:55Z,2023-03-24T16:47:00Z,1.8546531854284716e-05,0.0015354987214603049,0.0015169521896060201,0
2023-03-24T16:47:55Z,2023-03-24T16:48:00Z,3.0952957385737634e-05,0.0015545250936371043,0.0015235721362513667,0
2023-03-24T16:47:55Z,2023-03-24T16:48:00Z,3.753403607906431e-05,0.0015670150566500147,0.0015294810205709504,0
2023-03-24T16:47:55Z,2023-03-24T16:48:00Z,3.153667697879331e-05,0.001570816642399662,0.0015392799654208686,0
2023-03-24T16:47:55Z,2023-03-24T16:48:00Z,2.6807699513314463e-05,0.001579153990095789,0.0015523462905824746,0
2023-03-24T16:47:55Z,2023-03-24T16:48:00Z,1.6312082013710807e-05,0.0015804310129093045,0.0015641189308955937,0
2023-03-24T16:47:55Z,2023-03-24T16:48:00Z,2.1645975910568977e-05,0.0015939745389590575,0.0015723285630484885,0
2023-03-24T16:47:55Z,2023-03-24T16:48:00Z,2.251391234978973e-05,0.0015993144608180418,0.001576800548468252,0
2023-03-24T16:47:55Z,2023-03-24T16:48:00Z,1.4652519018225297e-05,0.0015991723663396089,0.0015845198473213836,0
2023-03-24T16:47:55Z,2023-03-24T16:48:00Z,1.501570946471631e-06,0.0015927415751752728,0.0015912400042288012,0
2023-03-24T16:47:55Z,2023-03-24T16:48:00Z,1.3865291470172708e-05,0.0016113524135090756,0.001597487122038903,0
2023-03-24T16:47:55Z,2023-03-24T16:48:00Z,1.8676188721823998e-05,0.0016157523228327985,0.0015970761341109745,0
2023-03-24T16:47:55Z,2023-03-24T16:48:00Z,2.764595951832956e-06,0.001603853380959819,0.001601088785007986,0
2023-03-24T16:47:55Z,2023-03-24T16:48:00Z,6.654657972474717e-06,0.0015999607791999076,0.0016066154371723823,0
2023-03-24T16:48:55Z,2023-03-24T16:49:00Z,1.0989625500780822e-05,0.001599329746933117,0.0016103193724338978,0
2023-03-24T16:48:55Z,2023-03-24T16:49:00Z,3.511841752739872e-07,0.0016068733451727825,0.0016065221609975085,0
2023-03-24T16:48:55Z,2023-03-24T16:49:00Z,1.543703542804687e-05,0.0016164850044589948,0.001601047969030948,0
2023-03-24T16:48:55Z,2023-03-24T16:49:00Z,1.9188496359505425e-05,0.0016212431201281078,0.0016020546237686024,0
2023-03-24T16:48:55Z,2023-03-24T16:49:00Z,1.5022754395429324e-06,0.0016090649742945078,0.0016075626988549649,0
2023-03-24T16:48:55Z,2023-03-24T16:49:00Z,2.1995315021005072e-05,0.0015928718415656232,0.0016148671565866283,0
2023-03-24T16:48:55Z,2023-03-24T16:49:00Z,1.7821314123810626e-05,0.0015977763855033926,0.0016155976996272033,0
2023-03-24T16:48:55Z,2023-03-24T16:49:00Z,1.4283662734072182e-05,0.0015934429825953406,0.0016077266453294128,0
2023-03-24T16:48:55Z,2023-03-24T16:49:00Z,7.133773012162406e-06,0.0015927706274423456,0.001599904400454508,0
2023-03-24T16:48:55Z,2023-03-24T16:49:00Z,6.905697173639758e-06,0.001587791372714479,0.0015946970698881187,0
2023-03-24T16:48:55Z,2023-03-24T16:49:00Z,1.5195217123423373e-06,0.001593143810134684,0.0015946633318470263,0
2023-03-24T16:49:55Z,2023-03-24T16:50:00Z,1.1937993091445075e-07,0.0015912156143198073,0.0015913349942507217,0
2023-03-24T16:49:55Z,2023-03-24T16:50:00Z,9.425317258206223e-06,0.0015818099528389633,0.0015912352700971695,0
2023-03-24T16:49:55Z,2023-03-24T16:50:00Z,4.993127246322648e-06,0.0015857238051433342,0.0015907169323896569,0
2023-03-24T16:49:55Z,2023-03-24T16:50:00Z,2.0220311037401177e-05,0.0015685028147270836,0.0015887231257644848,0
2023-03-24T16:49:55Z,2023-03-24T16:50:00Z,2.093222383575113e-05,0.0015653175669316174,0.0015862497907673685,0
2023-03-24T16:49:55Z,2023-03-24T16:50:00Z,2.6283175857747844e-05,0.001552395681712046,0.0015786788575697938,0
2023-03-24T16:49:55Z,2023-03-24T16:50:00Z,3.5933598973965624e-05,0.0015372477966267126,0.0015731813956006782,0
2023-03-24T16:49:55Z,2023-03-24T16:50:00Z,3.8223365742205175e-05,0.0015238486553813772,0.0015620720211235823,0
2023-03-24T16:49:55Z,2023-03-24T16:50:00Z,2.3107869471517646e-05,0.0015285458122852743,0.001551653681756792,0
2023-03-24T16:49:55Z,2023-03-24T16:50:00Z,1.1008650547695209e-05,0.0015268220606923502,0.0015378307112400454,0
2023-03-24T16:49:55Z,2023-03-24T16:50:00Z,7.548264865100138e-06,0.0015223324898993547,0.0015298807547644549,0
2023-03-24T16:49:55Z,2023-03-24T16:50:00Z,2.3688886562553413e-06,0.001524036620796745,0.0015264055094530004,0
2023-03-24T16:49:55Z,2023-03-24T16:50:00Z,4.294816909568809e-06,0.0015301949378685618,0.001525900120958993,0
2023-03-24T16:50:55Z,2023-03-24T16:51:00Z,3.2083616263254428e-06,0.001521188695503158,0.0015243970571294835,0
2023-03-24T16:50:55Z,2023-03-24T16:51:00Z,1.3611267088359854e-06,0.00152688247623039,0.001525521349521554,0
2023-03-24T16:50:55Z,2023-03-24T16:51:00Z,1.0301613794778562e-05,0.0015148384709280432,0.0015251400847228218,0
2023-03-24T16:50:55Z,2023-03-24T16:51:00Z,6.19444064998715e-06,0.0015198942625507161,0.0015260887032007033,0
2023-03-24T16:50:55Z,2023-03-24T16:51:00Z,1.9946202411463745e-06,0.0015229645011283434,0.001520969880887197,0
2023-03-24T16:50:55Z,2023-03-24T16:51:00Z,5.302495993761685e-06,0.0015258408992301447,0.001520538403236383,0
2023-03-24T16:50:55Z,2023-03-24T16:51:00Z,1.9678588352416452e-05,0.0015389109998881175,0.001519232411535701,0
2023-03-24T16:50:55Z,2023-03-24T16:51:00Z,2.0736857972640348e-05,0.0015436367456090417,0.0015228998876364013,0
2023-03-24T16:50:55Z,2023-03-24T16:51:00Z,2.140656832249092e-05,0.0015506453684046926,0.0015292388000822017,0
2023-03-24T16:50:55Z,2023-03-24T16:51:00Z,1.1117011575316384e-05,0.0015472465598177511,0.0015361295482424348,0
2023-03-24T16:50:55Z,2023-03-24T16:51:00Z,9.529072096790651e-06,0.0015539267767307413,0.0015443977046339507,0
2023-03-24T16:51:55Z,2023-03-24T16:52:00Z,1.6793118271042455e-05,0.0015639693428815377,0.0015471762246104953,0
2023-03-24T16:51:55Z,2023-03-24T16:52:00Z,4.190859298436496e-06,0.0015547970942828314,0.001550606234984395,0
2023-03-24T16:51:55Z,2023-03-24T16:52:00Z,1.6385228079039e-05,0.0015714327878890491,0.0015550475598100101,0
2023-03-24T16:51:55Z,2023-03-24T16:52:00Z,2.157668740729486e-05,0.0015791410920389982,0.0015575644046317034,0
2023-03-24T16:51:55Z,2023-03-24T16:52:00Z,2.2303631361286812e-05,0.0015857033730457596,0.0015633997416844728,0
2023-03-24T16:51:55Z,2023-03-24T16:52:00Z,2.3433429882458627e-05,0.001591890421286085,0.0015684569914036263,0
2023-03-24T16:51:55Z,2023-03-24T16:52:00Z,2.156756447788859e-05,0.0016003266488024911,0.0015787590843246025,0
2023-03-24T16:51:55Z,2023-03-24T16:52:00Z,2.941376649068326e-05,0.001614992061947631,0.0015855782954569478,0
2023-03-24T16:51:55Z,2023-03-24T16:52:00Z,1.797729462306441e-05,0.0016106174423345095,0.001592640147711445,0
2023-03-24T16:51:55Z,2023-03-24T16:52:00Z,1.067849540131163e-05,0.0016130815394133806,0.001602403044012069,0
2023-03-24T16:51:55Z,2023-03-24T16:52:00Z,5.113158660887329e-06,0.0016137585430224311,0.0016086453843615438,0
2023-03-24T16:51:55Z,2023-03-24T16:52:00Z,6.120502767475956e-06,0.0016190175173326497,0.0016128970145651738,0
2023-03-24T16:51:55Z,2023-03-24T16:52:00Z,1.868149053261994e-05,0.0016311673321227269,0.001612485841590107,0
2023-03-24T16:52:55Z,2023-03-24T16:53:00Z,1.0414084474803928e-05,0.0016256999510642909,0.001615285866589487,0
2023-03-24T16:52:55Z,2023-03-24T16:53:00Z,9.319034990346812e-06,0.0016119954291689226,0.0016213144641592694,0
2023-03-24T16:52:55Z,2023-03-24T16:53:00Z,5.408537874911643e-06,0.0016198863956316443,0.001625294933506556,0
2023-03-24T16:52:55Z,2023-03-24T16:53:00Z,2.39059647152008e-06,0.0016205636409804601,0.0016229542374519802,0
2023-03-24T16:52:55Z,2023-03-24T16:53:00Z,1.590201586012239e-05,0.0016350959411484084,0.001619193925288286,0
2023-03-24T16:52:55Z,2023-03-24T16:53:00Z,2.38122039143611e-05,0.00164129402584137,0.001617481821927009,0
2023-03-24T16:52:55Z,2023-03-24T16:53:00Z,5.868197723150805e-06,0.0016310501903099887,0.0016251819925868379,0
2023-03-24T16:52:55Z,2023-03-24T16:53:00Z,8.984316746705329e-06,0.0016233335525767077,0.001632317869323413,0
2023-03-24T16:52:55Z,2023-03-24T16:53:00Z,7.172638098944728e-06,0.0016286407476676442,0.0016358133857665889,0
2023-03-24T16:52:55Z,2023-03-24T16:53:00Z,2.5457966151200707e-06,0.001629346792960902,0.0016318925895760221,0
2023-03-24T16:52:55Z,2023-03-24T16:53:00Z,1.7927424300536593e-06,0.0016294675726148337,0.00162767483018478,0
2023-03-24T16:53:55Z,2023-03-24T16:54:00Z,4.573516207157001e-06,0.0016316805472755748,0.0016271070310684178,0
2023-03-24T16:53:55Z,2023-03-24T16:54:00Z,1.014768771062679e-05,0.0016392993921250866,0.0016291517044144598,0
2023-03-24T16:53:55Z,2023-03-24T16:54:00Z,1.6435999360397795e-05,0.0016137289715900391,0.001630164970950437,0
2023-03-24T16:53:55Z,2023-03-24T16:54:00Z,1.9648243255254846e-05,0.0016138342607499101,0.001633482504005165,0
2023-03-24T16:53:55Z,2023-03-24T16:54:00Z,1.5872958682798836e-05,0.0016123633449807682,0.001628236303663567,0
2023-03-24T16:53:55Z,2023-03-24T16:54:00Z,2.039931920242181e-05,0.0016018882222859235,0.0016222875414883453,0
2023-03-24T16:53:55Z,2023-03-24T16:54:00Z,1.1505739299664435e-05,0.0016018031198072416,0.001613308859106906,0
2023-03-24T16:53:55Z,2023-03-24T16:54:00Z,7.720548457325685e-06,0.001601641394214875,0.0016093619426722006,0
2023-03-24T16:53:55Z,2023-03-24T16:54:00Z,9.758449121864817e-06,0.0015955931132361127,0.0016053515623579775,0
2023-03-24T16:53:55Z,2023-03-24T16:54:00Z,4.431711830190765e-06,0.0015973458669391561,0.0016017775787693469,0
2023-03-24T16:53:55Z,2023-03-24T16:54:00Z,3.5497351062259343e-06,0.0015961294739798503,0.0015996792090860763,0
2023-03-24T16:53:55Z,2023-03-24T16:54:00Z,1.0692218368758485e-05,0.0015875012397612894,0.001598193458130048,0
2023-03-24T16:54:55Z,2023-03-24T16:55:00Z,1.9736889515204565e-05,0.0015766192618698353,0.0015963561513850399,0
2023-03-24T16:54:55Z,2023-03-24T16:55:00Z,2.4583728989729155e-05,0.001569075131237036,0.0015936588602267652,0
2023-03-24T16:54:55Z,2023-03-24T16:55:00Z,2.5427531256374787e-05,0.0015613224606139502,0.001586749991870325,0
2023-03-24T16:54:55Z,2023-03-24T16:55:00Z,1.3508302282656337e-05,0.0015642235753400642,0.0015777318776227206,0
2023-03-24T16:54:55Z,2023-03-24T16:55:00Z,2.120037523690478e-05,0.0015478052426700355,0.0015690056179069403,0
2023-03-24T16:54:55Z,2023-03-24T16:55:00Z,1.6984910514513882e-05,0.001547888811882503,0.0015648737223970168,0
2023-03-24T16:54:55Z,2023-03-24T16:55:00Z,2.0012106164042642e-08,0.001557803771647514,0.00155778375954135,0
2023-03-24T16:54:55Z,2023-03-24T16:55:00Z,1.506052823225688e-06,0.0015548119294540932,0.0015533058766308676,0
2023-03-24T16:54:55Z,2023-03-24T16:55:00Z,6.331275831601962e-06,0.0015574972178982861,0.0015511659420666842,0
2023-03-24T16:54:55Z,2023-03-24T16:55:00Z,5.0618781698139916e-06,0.0015585633824978507,0.0015535015043280367,0
2023-03-24T16:54:55Z,2023-03-24T16:55:00Z,1.6140407923367819e-06,0.0015583183471256346,0.0015567043063332978,0
2023-03-24T16:54:55Z,2023-03-24T16:55:00Z,9.904381293821202e-06,0.0015668618912438978,0.0015569575099500766,0
2023-03-24T16:54:55Z,2023-03-24T16:55:00Z,1.6814409010510768e-05,0.0015749407248511012,0.0015581263158405904,0
2023-03-24T16:55:55Z,2023-03-24T16:56:00Z,3.2263657299721853e-06,0.0015580215078924886,0.0015612478736224608,0
2023-03-24T16:55:55Z,2023-03-24T16:56:00Z,2.7179161115292554e-05,0.0015395278266249186,0.0015667069877402112,0
2023-03-24T16:55:55Z,2023-03-24T16:56:00Z,2.5497285528265287e-05,0.001541110755800897,0.0015666080413291622,0
2023-03-24T16:55:55Z,2023-03-24T16:56:00Z,1.739358116709805e-05,0.0015401031052890712,0.0015574966864561693,0
2023-03-24T16:55:55Z,2023-03-24T16:56:00Z,6.510365963903215e-06,0.0015397096641421983,0.0015462200301061015,0
2023-03-24T16:55:55Z,2023-03-24T16:56:00Z,2.7967707890155184e-06,0.0015374504584492802,0.0015402472292382957,0
2023-03-24T16:55:55Z,2023-03-24T16:56:00Z,4.396568592902406e-06,0.0015359112731511532,0.0015403078417440556,0
2023-03-24T16:55:55Z,2023-03-24T16:56:00Z,9.856406179892165e-06,0.001548944148806742,0.0015390877426268497,0
2023-03-24T16:55:55Z,2023-03-24T16:56:00Z,1.448857436032818e-05,0.001552179039607872,0.0015376904652475438,0
2023-03-24T16:55:55Z,2023-03-24T16:56:00Z,1.7310109570546628e-05,0.0015580787363729384,0.0015407686268023918,0
2023-03-24T16:55:55Z,2023-03-24T16:56:00Z,1.1268721797307079e-05,0.0015569468756525626,0.0015456781538552556,0
2023-03-24T16:55:55Z,2023-03-24T16:56:00Z,2.1480138321272775e-06,0.0015552153220946446,0.0015530673082625173,0
2023-03-24T16:56:55Z,2023-03-24T16:57:00Z,1.0464953057993161e-05,0.0015661998369357842,0.001555734883877791,0
2023-03-24T16:56:55Z,2023-03-24T16:57:00Z,3.155714238937111e-05,0.0015883041204294197,0.0015567469780400486,0
2023-03-24T16:56:55Z,2023-03-24T16:57:00Z,3.230726578460968e-05,0.001591761277345607,0.0015594540115609972,0
2023-03-24T16:56:55Z,2023-03-24T16:57:00Z,4.473809725164869e-05,0.001614644523738265,0.0015699064264866162,0
2023-03-24T16:56:55Z,2023-03-24T16:57:00Z,3.614536879931792e-05,0.0016182337803695883,0.0015820884115702704,0
2023-03-24T16:56:55Z,2023-03-24T16:57:00Z,1.7881641096108682e-05,0.001616118281600539,0.0015982366405044304,0
2023-03-24T16:56:55Z,2023-03-24T16:57:00Z,2.989640956414146e-06,0.0016112028347742343,0.0016082131938178201,0
2023-03-24T16:56:55Z,2023-03-24T16:57:00Z,2.0197766711586157e-06,0.0016183519719072895,0.001616332195236131,0
2023-03-24T16:56:55Z,2023-03-24T16:57:00Z,3.378065133894867e-06,0.0016118069004475589,0.0016151849655814537,0
2023-03-24T16:56:55Z,2023-03-24T16:57:00Z,1.636683365724488e-05,0.0016315911964179326,0.0016152243627606878,0
2023-03-24T16:56:55Z,2023-03-24T16:57:00Z,4.4772807681183e-06,0.0016182645164778125,0.0016137872357096942,0
2023-03-24T16:57:55Z,2023-03-24T16:58:00Z,1.1599387692439941e-05,0.0016089839685651537,0.0016205833562575936,0
2023-03-24T16:57:55Z,2023-03-24T16:58:00Z,1.1173252132360952e-05,0.0016093809523154072,0.0016205542044477681,0
2023-03-24T16:57:55Z,2023-03-24T16:58:00Z,2.5325575990320197e-06,0.0016170806695546011,0.0016196132271536331,0
2023-03-24T16:57:55Z,2023-03-24T16:58:00Z,1.8491530301515844e-05,0.0015937182821512755,0.0016122098124527913,0
2023-03-24T16:57:55Z,2023-03-24T16:58:00Z,2.079001741846784e-05,0.0015910251793932527,0.0016118151968117205,0
2023-03-24T16:57:55Z,2023-03-24T16:58:00Z,2.5927058568327513e-05,0.001580799576105434,0.0016067266346737614,0
2023-03-24T16:57:55Z,2023-03-24T16:58:00Z,3.7878538523328014e-05,0.0015627295051763817,0.0016006080436997098,0
2023-03-24T16:57:55Z,2023-03-24T16:58:00Z,4.343722253618795e-05,0.0015450771233471326,0.0015885143458833205,0
2023-03-24T16:57:55Z,2023-03-24T16:58:00Z,4.458626179147207e-05,0.001533598491766884,0.0015781847535583562,0
2023-03-24T16:57:55Z,2023-03-24T16:58:00Z,4.880217504115683e-05,0.0015140665598351592,0.001562868734876316,0
2023-03-24T16:57:55Z,2023-03-24T16:58:00Z,5.0593758913220497e-05,0.0014965412811835791,0.0015471350400967996,0
2023-03-24T16:57:55Z,2023-03-24T16:58:00Z,4.782320216125129e-05,0.0014830908561551405,0.0015309140583163918,0
2023-03-24T16:58:55Z,2023-03-24T16:59:00Z,2.9227511002897274e-05,0.0014855079332589769,0.0015147354442618742,1
2023-03-24T16:58:55Z,2023-03-24T16:59:00Z,2.5165472580960862e-05,0.0014727340931436654,0.0014978995657246262,1
2023-03-24T16:58:55Z,2023-03-24T16:59:00Z,2.2185033759724053e-05,0.0014661949897728415,0.0014883800235325655,1
2023-03-24T16:58:55Z,2023-03-24T16:59:00Z,1.1232669345492136e-05,0.0014692116248404355,0.0014804442941859276,1
2023-03-24T16:58:55Z,2023-03-24T16:59:00Z,1.413743965454563e-05,0.0014606748990706156,0.0014748123387251612,1
2023-03-24T16:58:55Z,2023-03-24T16:59:00Z,7.7573041256827e-08,0.0014693026628777239,0.0014693802359189807,1
2023-03-24T16:58:55Z,2023-03-24T16:59:00Z,1.507435715465211e-05,0.0014804348617159493,0.0014653605045612972,1
2023-03-24T16:58:55Z,2023-03-24T16:59:00Z,1.780631353049929e-05,0.0014842027091267575,0.0014663963955962582,1
2023-03-24T16:58:55Z,2023-03-24T16:59:00Z,3.586968146062795e-05,0.001506007156015391,0.0014701374745547632,1
2023-03-24T16:58:55Z,2023-03-24T16:59:00Z,4.9487190687459714e-05,0.00152746726859427,0.0014779800779068104,1
2023-03-24T16:58:55Z,2023-03-24T16:59:00Z,4.684360165195761e-05,0.001537058510604657,0.0014902149089526995,1
2023-03-24T16:58:55Z,2023-03-24T16:59:00Z,5.089774115911612e-05,0.0015567901190712558,0.0015058923779121397,1
2023-03-24T16:58:55Z,2023-03-24T16:59:00Z,5.095803002545243e-05,0.001574469008430225,0.0015235109784047726,1
2023-03-24T16:59:55Z,2023-03-24T17:00:00Z,3.767749722951956e-05,0.0015781161299862473,0.0015404386327567278,1
2023-03-24T16:59:55Z,2023-03-24T17:00:00Z,3.344067849425864e-05,0.0015895465578629712,0.0015561058793687125,1
2023-03-24T16:59:55Z,2023-03-24T17:00:00Z,3.264653181751006e-05,0.0016024382843134195,0.0015697917524959094,1
2023-03-24T16:59:55Z,2023-03-24T17:00:00Z,3.117988354781336e-05,0.0016118904489742943,0.001580710565426481,1
2023-03-24T16:59:55Z,2023-03-24T17:00:00Z,2.5331250313356812e-05,0.0016153649077009027,0.001590033657387546,1
2023-03-24T16:59:55Z,2023-03-24T17:00:00Z,1.9497352279577518e-05,0.0016207891159964723,0.0016012917637168948,1
2023-03-24T16:59:55Z,2023-03-24T17:00:00Z,2.3150878316531044e-06,0.001612212968161192,0.001609897880329539,1
2023-03-24T16:59:55Z,2023-03-24T17:00:00Z,1.87315836650717e-05,0.001597283240558818,0.0016160148242238897,1
2023-03-24T16:59:55Z,2023-03-24T17:00:00Z,4.0926383198673037e-05,0.0015751959474208494,0.0016161223306195224,1
2023-03-24T16:59:55Z,2023-03-24T17:00:00Z,5.849714029850612e-05,0.0015515979679403213,0.0016100951082388274,1
2023-03-24T16:59:55Z,2023-03-24T17:00:00Z,4.1734273903761736e-05,0.0015531631114765246,0.0015948973853802863,1
2023-03-24T17:00:55Z,2023-03-24T17:01:00Z,2.151531446617223e-05,0.0015531770708404908,0.001574692385306663,0
2023-03-24T17:00:55Z,2023-03-24T17:01:00Z,5.8592348184513445e-06,0.0015658449104310164,0.001559985675612565,0
2023-03-24T17:00:55Z,2023-03-24T17:01:00Z,1.3997017013820008e-05,0.0015666430670995988,0.0015526460500857788,0
2023-03-24T17:00:55Z,2023-03-24T17:01:00Z,1.8589543477197552e-06,0.0015592539852637304,0.0015573950309160107,0
2023-03-24T17:00:55Z,2023-03-24T17:01:00Z,1.843567844603787e-05,0.0015434526710109975,0.0015618883494570353,0
2023-03-24T17:00:55Z,2023-03-24T17:01:00Z,1.9414614700387963e-05,0.0015444993728977272,0.0015639139875981152,0
2023-03-24T17:00:55Z,2023-03-24T17:01:00Z,3.6189934186020914e-05,0.0015202599736054215,0.0015564499077914424,0
2023-03-24T17:00:55Z,2023-03-24T17:01:00Z,5.458344257978204e-05,0.0014944852338110363,0.0015490686763908184,0
2023-03-24T17:00:55Z,2023-03-24T17:01:00Z,6.547680456936824e-05,0.0014705938679353471,0.0015360706725047154,0
2023-03-24T17:00:55Z,2023-03-24T17:01:00Z,7.865785524132393e-05,0.0014410903381967374,0.0015197481934380614,0
2023-03-24T17:00:55Z,2023-03-24T17:01:00Z,6.98014737915123e-05,0.0014253115513257562,0.0014951130251172685,0
2023-03-24T17:00:55Z,2023-03-24T17:01:00Z,5.18587434608878e-05,0.0014168644031868193,0.0014687231466477071,0
2023-03-24T17:00:55Z,2023-03-24T17:01:00Z,3.313265007699891e-05,0.001412532602408948,0.001445665252485947,0
2023-03-24T17:01:55Z,2023-03-24T17:02:00Z,2.659000383311151e-05,0.0014011654270699927,0.0014277554309031042,1
2023-03-24T17:01:55Z,2023-03-24T17:02:00Z,1.1604736915497718e-05,0.0014066314487250103,0.001418236185640508,1
2023-03-24T17:01:55Z,2023-03-24T17:02:00Z,1.0163057994355077e-05,0.0014203505355496085,0.0014101874775552534,1
2023-03-24T17:01:55Z,2023-03-24T17:02:00Z,3.2098807202964996e-05,0.0014388752999376154,0.0014067764927346504,1
2023-03-24T17:01:55Z,2023-03-24T17:02:00Z,3.0675940924651535e-05,0.0014400584113728552,0.0014093824704482037,1
2023-03-24T17:01:55Z,2023-03-24T17:02:00Z,2.9771679315000786e-05,0.0014517241073857454,0.0014219524280707446,1
2023-03-24T17:01:55Z,2023-03-24T17:02:00Z,3.8125860077292554e-05,0.0014712206090306522,0.0014330947489533596,1
2023-03-24T17:01:55Z,2023-03-24T17:02:00Z,4.760763848994827e-05,0.0014911602447220205,0.0014435526062320722,1
2023-03-24T17:01:55Z,2023-03-24T17:02:00Z,5.607818108939954e-05,0.0015104125570191505,0.001454334375929751,1
2023-03-24T17:01:55Z,2023-03-24T17:02:00Z,6.305522692146275e-05,0.0015344235473009355,0.0014713683203794728,1
2023-03-24T17:01:55Z,2023-03-24T17:02:00Z,4.9527220643836266e-05,0.0015404583575677772,0.001490931136923941,1
2023-03-24T17:02:55Z,2023-03-24T17:03:00Z,1.8555843831115186e-05,0.0015305546268451506,0.0015119987830140354,1
2023-03-24T17:02:55Z,2023-03-24T17:03:00Z,1.281161001509979e-05,0.0015156198772808547,0.0015284314872959545,1
2023-03-24T17:02:55Z,2023-03-24T17:03:00Z,3.529970776859192e-05,0.0014998458028026957,0.0015351455105712876,1
2023-03-24T17:02:55Z,2023-03-24T17:03:00Z,3.5795153128165887e-06,0.0015252981052517776,0.0015288776205645942,1
2023-03-24T17:02:55Z,2023-03-24T17:03:00Z,1.837830953837615e-05,0.001533718411847943,0.0015153401023095669,1
2023-03-24T17:02:55Z,2023-03-24T17:03:00Z,1.874745786597967e-05,0.001532335386311089,0.0015135879284451093,1
2023-03-24T17:02:55Z,2023-03-24T17:03:00Z,4.975278130703808e-05,0.0015693735546078436,0.0015196207733008055,1
2023-03-24T17:02:55Z,2023-03-24T17:03:00Z,7.916242715170162e-05,0.0016096130616219714,0.0015304506344702698,1
2023-03-24T17:02:55Z,2023-03-24T17:03:00Z,9.263750905799022e-05,0.0016377799599802821,0.001545142450922292,1
2023-03-24T17:02:55Z,2023-03-24T17:03:00Z,0.00011201697454057773,0.0016824576420542124,0.0015704406675136346,1
2023-03-24T17:02:55Z,2023-03-24T17:03:00Z,9.312678829072676e-05,0.0016987156470274257,0.001605588858736699,1
2023-03-24T17:02:55Z,2023-03-24T17:03:00Z,7.472358876906438e-05,0.0017180071433212198,0.0016432835545521554,1
2023-03-24T17:03:55Z,2023-03-24T17:04:00Z,3.6820411934667275e-05,0.0017098048282886407,0.0016729844163539734,1
2023-03-24T17:03:55Z,2023-03-24T17:04:00Z,4.252693746381684e-06,0.001695474117054571,0.0016997268108009528,1
2023-03-24T17:03:55Z,2023-03-24T17:04:00Z,1.7294928236914796e-05,0.0016915476113088471,0.001708842539545762,1
2023-03-24T17:03:55Z,2023-03-24T17:04:00Z,8.416923911395112e-06,0.0016993451056434153,0.0017077620295548105,1
2023-03-24T17:03:55Z,2023-03-24T17:04:00Z,1.4634327222897347e-05,0.001684307858327789,0.0016989421855506863,1
2023-03-24T17:03:55Z,2023-03-24T17:04:00Z,5.80535160472277e-06,0.0016896502597308883,0.001695455611335611,1
2023-03-24T17:03:55Z,2023-03-24T17:04:00Z,5.0170298831037595e-06,0.0016867164952102467,0.0016917335250933505,1
2023-03-24T17:03:55Z,2023-03-24T17:04:00Z,2.208275260573325e-05,0.001669018321961631,0.0016911010745673642,1
2023-03-24T17:03:55Z,2023-03-24T17:04:00Z,2.3942863674003946e-05,0.001662948674082304,0.0016868915377563078,1
2023-03-24T17:03:55Z,2023-03-24T17:04:00Z,2.538293567746347e-05,0.0016564120899567921,0.0016817950256342556,1
2023-03-24T17:03:55Z,2023-03-24T17:04:00Z,2.5409386960397644e-05,0.0016474851101243295,0.0016728944970847272,1
2023-03-24T17:03:55Z,2023-03-24T17:04:00Z,3.053597504174693e-05,0.001632257053625162,0.001662793028666909,1
2023-03-24T17:03:55Z,2023-03-24T17:04:00Z,3.630731932273488e-05,0.0016193079720650738,0.0016556152913878087,1
2023-03-24T17:04:55Z,2023-03-24T17:05:00Z,3.0567430486024656e-05,0.0016148173207494033,0.001645384751235428,1
2023-03-24T17:04:55Z,2023-03-24T17:05:00Z,3.003497466104346e-05,0.001602981737277145,0.0016330167119381885,1
2023-03-24T17:04:55Z,2023-03-24T17:05:00Z,5.027272347626465e-05,0.0015718547253369486,0.0016221274488132133,1
2023-03-24T17:04:55Z,2023-03-24T17:05:00Z,5.2850810335862116e-05,0.0015595181996946785,0.0016123690100305406,1
2023-03-24T17:04:55Z,2023-03-24T17:05:00Z,4.360013986139176e-05,0.0015529511212597738,0.0015965512611211656,1
2023-03-24T17:04:55Z,2023-03-24T17:05:00Z,3.372042504623898e-05,0.0015443977957233517,0.0015781182207695906,1
2023-03-24T17:04:55Z,2023-03-24T17:05:00Z,4.100216198727044e-05,0.00152043918677653,0.0015614413487638004,1
2023-03-24T17:04:55Z,2023-03-24T17:05:00Z,5.0267066383726314e-05,0.001502021972508875,0.0015522890388926013,1
2023-03-24T17:04:55Z,2023-03-24T17:05:00Z,4.7744916191373374e-05,0.001491517785061845,0.0015392627012532185,1
2023-03-24T17:04:55Z,2023-03-24T17:05:00Z,3.931187234804058e-05,0.0014829744459882114,0.001522286318336252,1
2023-03-24T17:04:55Z,2023-03-24T17:05:00Z,3.41495727379361e-05,0.0014705100753778138,0.0015046596481157499,1
2023-03-24T17:05:55Z,2023-03-24T17:06:00Z,2.8183996984270298e-05,0.00146398740420204,0.0014921714011863103,1
2023-03-24T17:05:55Z,2023-03-24T17:06:00Z,1.1163488914383386e-05,0.0014705039465615732,0.0014816674354759566,1
2023-03-24T17:05:55Z,2023-03-24T17:06:00Z,6.152312130886829e-06,0.0014786429539869084,0.0014724906418560216,1
2023-03-24T17:05:55Z,2023-03-24T17:06:00Z,1.906715024913388e-05,0.0014874009589629427,0.0014683338087138089,1
2023-03-24T17:05:55Z,2023-03-24T17:06:00Z,1.9137639748026056e-05,0.0014901824079982,0.0014710447682501739,1
2023-03-24T17:05:55Z,2023-03-24T17:06:00Z,1.6140431943842013e-05,0.0014949897184476503,0.0014788492865038083,1
2023-03-24T17:05:55Z,2023-03-24T17:06:00Z,1.7666748077125802e-06,0.0014836420988416376,0.0014854087736493502,1
2023-03-24T17:05:55Z,2023-03-24T17:06:00Z,6.795283772230085e-06,0.0014976529789084946,0.0014908576951362645,1
2023-03-24T17:05:55Z,2023-03-24T17:06:00Z,1.3668401118750511e-05,0.0015032731428812466,0.001489604741762496,1
2023-03-24T17:05:55Z,2023-03-24T17:06:00Z,1.4032766724505043e-05,0.0015061276987904325,0.0014920949320659275,1
2023-03-24T17:05:55Z,2023-03-24T17:06:00Z,1.2005009333809595e-06,0.001496056574477174,0.001494856073543793,1
2023-03-24T17:05:55Z,2023-03-24T17:06:00Z,2.159507385853551e-05,0.001480756199668189,0.0015023512735267246,1
2023-03-24T17:05:55Z,2023-03-24T17:06:00Z,1.3634050199929065e-05,0.0014881850885163554,0.0015018191387162845,1
2023-03-24T17:06:55Z,2023-03-24T17:07:00Z,2.3991156315499073e-05,0.0015183046472940975,0.0014943134909785984,1
2023-03-24T17:06:55Z,2023-03-24T17:07:00Z,2.9977500060732664e-05,0.001518310120947972,0.0014883326208872394,1
2023-03-24T17:06:55Z,2023-03-24T17:07:00Z,2.3705723570112414e-05,0.0015194543687296596,0.0014957486451595472,1
2023-03-24T17:06:55Z,2023-03-24T17:07:00Z,1.2914253138436582e-06,0.0015095580442333187,0.001508266618919475,1
2023-03-24T17:06:55Z,2023-03-24T17:07:00Z,1.7133758015797822e-05,0.001501555954308112,0.0015186897123239099,1
2023-03-24T17:06:55Z,2023-03-24T17:07:00Z,2.0937153964020738e-05,0.001494837024006296,0.0015157741779703168,1
2023-03-24T17:06:55Z,2023-03-24T17:07:00Z,1.154567986592068e-05,0.0014986437758911096,0.0015101894557570303,1
2023-03-24T17:06:55Z,2023-03-24T17:07:00Z,6.596879224107354e-07,0.0015026433621049863,0.0015019836741825756,1
2023-03-24T17:06:55Z,2023-03-24T17:07:00Z,8.740333488527294e-06,0.0015070859182237,0.0014983455847351727,1
2023-03-24T17:06:55Z,2023-03-24T17:07:00Z,3.1590639955822453e-06,0.0015018671179963796,0.0014987080540007974,1
2023-03-24T17:06:55Z,2023-03-24T17:07:00Z,5.212801994839995e-06,0.001508003820734772,0.001502791018739932,1
2023-03-24T17:07:55Z,2023-03-24T17:08:00Z,6.002790436676359e-07,0.001504465745152023,0.0015038654661083553,1
2023-03-24T17:07:55Z,2023-03-24T17:08:00Z,8.355835595447256e-06,0.00149729645005617,0.0015056522856516173,1
2023-03-24T17:07:55Z,2023-03-24T17:08:00Z,1.1321798871319257e-05,0.0014934570957564057,0.001504778894627725,1
2023-03-24T17:07:55Z,2023-03-24T17:08:00Z,7.4052522198778375e-06,0.0014958500864277772,0.001503255338647655,1
2023-03-24T17:07:55Z,2023-03-24T17:08:00Z,7.075648128197862e-06,0.0015054820784497307,0.0014984064303215328,1
2023-03-24T17:07:55Z,2023-03-24T17:08:00Z,1.5492349579472554e-05,0.00151102689365959,0.0014955345440801175,1
2023-03-24T17:07:55Z,2023-03-24T17:08:00Z,1.9846493896085934e-05,0.0015181095807740572,0.0014982630868779713,1
2023-03-24T17:07:55Z,2023-03-24T17:08:00Z,1.2283895684827824e-05,0.0015164035818638606,0.0015041196861790328,1
2023-03-24T17:07:55Z,2023-03-24T17:08:00Z,1.3382180406132892e-05,0.0015249216980339254,0.0015115395176277925,1
2023-03-24T17:07:55Z,2023-03-24T17:08:00Z,7.691506968489532e-07,0.001514410868068987,0.001515180018765836,1
2023-03-24T17:07:55Z,2023-03-24T17:08:00Z,1.106814009523829e-05,0.0015087434801287095,0.0015198116202239478,1
2023-03-24T17:07:55Z,2023-03-24T17:08:00Z,1.519507411114709e-05,0.0015337737901000713,0.0015185787159889242,1
2023-03-24T17:07:55Z,2023-03-24T17:08:00Z,2.6940339198136196e-05,0.00154296568794201,0.001516025348743874,1
2023-03-24T17:08:55Z,2023-03-24T17:09:00Z,1.4934499465778716e-05,0.0015339105455650344,0.0015189760460992557,0
2023-03-24T17:08:55Z,2023-03-24T17:09:00Z,2.757342769011263e-05,0.0015560677470803762,0.0015284943193902636,0
2023-03-24T17:08:55Z,2023-03-24T17:09:00Z,5.9678308284069354e-05,0.0015965616494864412,0.0015368833412023719,0
2023-03-24T17:08:55Z,2023-03-24T17:09:00Z,7.608986040425424e-05,0.001620404520600061,0.0015443146601958069,0
2023-03-24T17:08:55Z,2023-03-24T17:09:00Z,8.301727042009485e-05,0.001645197251130712,0.0015621799807106172,0
2023-03-24T17:08:55Z,2023-03-24T17:09:00Z,6.664436526404864e-05,0.0016576556709863414,0.0015910113057222928,0
2023-03-24T17:08:55Z,2023-03-24T17:09:00Z,4.6955628477377996e-05,0.001667676768883116,0.001620721140405738,0
2023-03-24T17:08:55Z,2023-03-24T17:09:00Z,2.3671995203879657e-05,0.0016647578094429176,0.001641085814239038,0
2023-03-24T17:08:55Z,2023-03-24T17:09:00Z,3.6747991163375068e-06,0.0016531684312170525,0.00165684323033339,0
2023-03-24T17:08:55Z,2023-03-24T17:09:00Z,7.729345195592319e-06,0.001655634071241866,0.0016633634164374583,0
2023-03-24T17:08:55Z,2023-03-24T17:09:00Z,1.79590552912784e-05,0.001643908614556417,0.0016618676698476954,0
2023-03-24T17:08:55Z,2023-03-24T17:09:00Z,1.4543037017768516e-05,0.0016433104002828436,0.001657853437300612,0
2023-03-24T17:09:55Z,2023-03-24T17:10:00Z,7.670059770355534e-06,0.0016432336459014229,0.0016509037056717784,0
2023-03-24T17:09:55Z,2023-03-24T17:10:00Z,4.333821602425661e-05,0.0016042794793361189,0.0016476176953603755,0
2023-03-24T17:09:55Z,2023-03-24T17:10:00Z,4.467552206828952e-05,0.001598808698178605,0.0016434842202468945,0
2023-03-24T17:09:55Z,2023-03-24T17:10:00Z,4.5482330022528954e-05,0.001584792178484266,0.001630274508506795,0
2023-03-24T17:09:55Z,2023-03-24T17:10:00Z,4.3687242852339736e-05,0.0015717533649530426,0.0016154406078053823,0
2023-03-24T17:09:55Z,2023-03-24T17:10:00Z,2.9701960575546438e-05,0.0015662581580907836,0.00159596011866633,0
2023-03-24T17:09:55Z,2023-03-24T17:10:00Z,2.6499479201972514e-05,0.001558618601336665,0.0015851180805386376,0
2023-03-24T17:09:55Z,2023-03-24T17:10:00Z,7.40924668010351e-05,0.0015001754337083289,0.001574267900509364,0
2023-03-24T17:09:55Z,2023-03-24T17:10:00Z,7.427916791512409e-05,0.0014912642068783731,0.0015655433747934972,0
2023-03-24T17:09:55Z,2023-03-24T17:10:00Z,6.704334496269158e-05,0.001474640719415901,0.0015416840643785925,0
2023-03-24T17:09:55Z,2023-03-24T17:10:00Z,3.810291086057114e-05,0.001478583169780551,0.0015166860806411222,0
2023-03-24T17:09:55Z,2023-03-24T17:10:00Z,1.6715182961764058e-05,0.001471978270372437,0.001488693453334201,0
2023-03-24T17:10:55Z,2023-03-24T17:11:00Z,1.649543868669531e-05,0.0014650005933382463,0.0014814960320249416,0
2023-03-24T17:10:55Z,2023-03-24T17:11:00Z,2.157155209410954e-05,0.0014534958344288534,0.001475067386522963,0
2023-03-24T17:10:55Z,2023-03-24T17:11:00Z,2.8642752977433173e-05,0.0014432112581863113,0.0014718540111637445,0
2023-03-24T17:10:55Z,2023-03-24T17:11:00Z,2.4797087422885784e-05,0.0014386944786236265,0.0014634915660465123,0
2023-03-24T17:10:55Z,2023-03-24T17:11:00Z,2.3084020126012223e-05,0.0014308185418584582,0.0014539025619844704,0
2023-03-24T17:10:55Z,2023-03-24T17:11:00Z,1.0101764499127405e-05,0.0014350320925804697,0.001445133857079597,0
2023-03-24T17:10:55Z,2023-03-24T17:11:00Z,7.757356160354627e-06,0.0014298174033957774,0.001437574759556132,0
2023-03-24T17:10:55Z,2023-03-24T17:11:00Z,2.017220962288171e-06,0.001432831150058563,0.0014348483710208513,0
2023-03-24T17:10:55Z,2023-03-24T17:11:00Z,7.091741789485174e-06,0.001438981087734387,0.0014318893459449018,0
2023-03-24T17:10:55Z,2023-03-24T17:11:00Z,7.85075663067283e-07,0.0014317751396818695,0.0014325602153449368,0
2023-03-24T17:10:55Z,2023-03-24T17:11:00Z,2.554534906720144e-06,0.001431322012156189,0.0014338765470629092,0
2023-03-24T17:10:55Z,2023-03-24T17:11:00Z,2.302459141153299e-06,0.0014322266666837867,0.00143452912582494,0
2023-03-24T17:11:55Z,2023-03-24T17:12:00Z,2.977478948353344e-06,0.001437003558805835,0.0014340260798574817,0
2023-03-24T17:11:55Z,2023-03-24T17:12:00Z,1.1866176974916843e-05,0.0014436407831488656,0.0014317746061739487,0
2023-03-24T17:11:55Z,2023-03-24T17:12:00Z,2.066407108079456e-06,0.0014314510054405242,0.0014335174125486036,0
2023-03-24T17:11:55Z,2023-03-24T17:12:00Z,4.2297805097077715e-06,0.00144185345005587,0.0014376236695461623,0
2023-03-24T17:11:55Z,2023-03-24T17:12:00Z,5.102425412599129e-06,0.0014424675412110074,0.0014373651157984083,0
2023-03-24T17:11:55Z,2023-03-24T17:12:00Z,2.3214870092575814e-06,0.001436660259205829,0.0014389817462150867,0
2023-03-24T17:11:55Z,2023-03-24T17:12:00Z,3.4655515908700064e-06,0.0014351251139782639,0.0014385906655691339,0
2023-03-24T17:11:55Z,2023-03-24T17:12:00Z,3.819235202710152e-05,0.0014785194355180038,0.0014403270834909023,0
2023-03-24T17:11:55Z,2023-03-24T17:12:00Z,5.264782386327216e-05,0.001490732128661639,0.001438084304798367,0
2023-03-24T17:11:55Z,2023-03-24T17:12:00Z,3.728743658804566e-05,0.0014873890394887445,0.0014501016029006988,0
2023-03-24T17:11:55Z,2023-03-24T17:12:00Z,2.037045714329438e-05,0.0014884960165292634,0.001468125559385969,0
2023-03-24T17:12:55Z,2023-03-24T17:13:00Z,8.184364070304775e-06,0.0014937312319597672,0.0014855468678894625,0
2023-03-24T17:12:55Z,2023-03-24T17:13:00Z,7.472938814264514e-06,0.0014963453337074803,0.0014888723948932158,0
2023-03-24T17:12:55Z,2023-03-24T17:13:00Z,1.879249828107884e-05,0.0015086645942736707,0.0014898720959925919,0
2023-03-24T17:12:55Z,2023-03-24T17:13:00Z,1.4231378176784342e-05,0.0015070889055756212,0.0014928575273988368,0
2023-03-24T17:12:55Z,2023-03-24T17:13:00Z,1.6275539607043784e-05,0.0015158559262540166,0.0014995803866469728,0
2023-03-24T17:12:55Z,2023-03-24T17:13:00Z,1.9626705311274464e-05,0.0015236596498301985,0.001504032944518924,0
2023-03-24T17:12:55Z,2023-03-24T17:13:00Z,1.9176550697704107e-05,0.0015297130260654734,0.0015105364753677693,0
2023-03-24T17:12:55Z,2023-03-24T17:13:00Z,2.6936054401310904e-05,0.0015424708816212562,0.0015155348272199453,0
2023-03-24T17:12:55Z,2023-03-24T17:13:00Z,4.1202963801977195e-05,0.00156427916451854,0.0015230762007165629,0
2023-03-24T17:12:55Z,2023-03-24T17:13:00Z,3.393150344693351e-05,0.0015658793559525763,0.0015319478525056428,0
2023-03-24T17:12:55Z,2023-03-24T17:13:00Z,3.430776476113606e-05,0.001579795455496226,0.00154548769073509,0
2023-03-24T17:12:55Z,2023-03-24T17:13:00Z,1.8662735934438625e-05,0.0015762058699652294,0.0015575431340307908,0
2023-03-24T17:12:55Z,2023-03-24T17:13:00Z,2.2870631244040467e-06,0.001572271721780185,0.001569984658655781,0
2023-03-24T17:13:55Z,2023-03-24T17:14:00Z,1.657308470644236e-05,0.0015573871424315684,0.0015739602271380108,0
2023-03-24T17:13:55Z,2023-03-24T17:14:00Z,7.062663801025168e-06,0.0015690283519461882,0.0015760910157472134,0
2023-03-24T17:13:55Z,2023-03-24T17:14:00Z,8.29695284578825e-06,0.001560324625213206,0.0015686215780589942,0
2023-03-24T17:13:55Z,2023-03-24T17:14:00Z,3.1874999741915216e-05,0.001534354072310732,0.0015662290720526472,0
2023-03-24T17:13:55Z,2023-03-24T17:14:00Z,5.1778617678497696e-05,0.001510468088851823,0.0015622467065303208,0
2023-03-24T17:13:55Z,2023-03-24T17:14:00Z,5.428673601522724e-05,0.001500282280474815,0.0015545690164900422,0
2023-03-24T17:13:55Z,2023-03-24T17:14:00Z,4.889062823294006e-05,0.00148615830055898,0.0015350489287919201,0
2023-03-24T17:13:55Z,2023-03-24T17:14:00Z,3.949296161655171e-05,0.0014755418522625716,0.0015150348138791233,0
2023-03-24T17:13:55Z,2023-03-24T17:14:00Z,3.2611731938368086e-05,0.0014663578246901714,0.0014989695566285394,0
2023-03-24T17:13:55Z,2023-03-24T17:14:00Z,2.7355471937828835e-05,0.0014599720058276267,0.0014873274777654555,0
2023-03-24T17:13:55Z,2023-03-24T17:14:00Z,2.4095915781270497e-05,0.0014519234100559707,0.0014760193258372412,0
2023-03-24T17:13:55Z,2023-03-24T17:14:00Z,1.4843762282937571e-05,0.0014524467986438523,0.0014672905609267898,0
2023-03-24T17:14:55Z,2023-03-24T17:15:00Z,1.9524508423245058e-05,0.0014398932384346778,0.001459417746857923,0
2023-03-24T17:14:55Z,2023-03-24T17:15:00Z,2.38099604905756e-05,0.001430970777685241,0.0014547807381758166,0
2023-03-24T17:14:55Z,2023-03-24T17:15:00Z,1.4794576704265771e-05,0.0014332932390072343,0.0014480878157115001,0
2023-03-24T17:14:55Z,2023-03-24T17:15:00Z,1.7569248332695818e-05,0.0014235343565885612,0.001441103604921257,0
2023-03-24T17:14:55Z,2023-03-24T17:15:00Z,6.380445654573415e-06,0.001428338639387811,0.0014347190850423845,0
2023-03-24T17:14:55Z,2023-03-24T17:15:00Z,1.1190644132273025e-07,0.0014291542179856896,0.0014292661244270123,0
2023-03-24T17:14:55Z,2023-03-24T17:15:00Z,4.246921627327474e-06,0.001424141823367208,0.0014283887449945355,0
2023-03-24T17:14:55Z,2023-03-24T17:15:00Z,2.3289416710872528e-05,0.0014037196546098146,0.0014270090713206871,0
2023-03-24T17:14:55Z,2023-03-24T17:15:00Z,3.378342395840648e-05,0.0013934281362884965,0.001427211560246903,0
2023-03-24T17:14:55Z,2023-03-24T17:15:00Z,3.012820739850693e-05,0.0013888770245890638,0.0014190052319875707,0
2023-03-24T17:14:55Z,2023-03-24T17:15:00Z,1.8564818435750155e-05,0.0013885317196527561,0.0014070965380885063,0
2023-03-24T17:15:55Z,2023-03-24T17:16:00Z,1.3070618660960143e-05,0.001382270986501498,0.0013953416051624582,0
2023-03-24T17:15:55Z,2023-03-24T17:16:00Z,1.1039378132828665e-05,0.0013792395820439434,0.001390278960176772,0
2023-03-24T17:15:55Z,2023-03-24T17:16:00Z,2.690097130114851e-05,0.0013596589389466241,0.0013865599102477727,0
2023-03-24T17:15:55Z,2023-03-24T17:16:00Z,3.066853259214527e-05,0.0013526788968072538,0.0013833474293993991,0
2023-03-24T17:15:55Z,2023-03-24T17:16:00Z,1.5173839875935779e-05,0.001358549329288086,0.0013737231691640219,0
2023-03-24T17:15:55Z,2023-03-24T17:16:00Z,1.3388380396485607e-06,0.001365197977305589,0.0013638591392659404,0
2023-03-24T17:15:55Z,2023-03-24T17:16:00Z,1.80295594103797e-05,0.001374991947757701,0.0013569623883473213,0
2023-03-24T17:15:55Z,2023-03-24T17:16:00Z,1.0055132807331238e-05,0.0013688638672743076,0.0013588087344669764,0
2023-03-24T17:15:55Z,2023-03-24T17:16:00Z,6.12344311313605e-06,0.0013723698612302616,0.0013662464181171256,0
2023-03-24T17:15:55Z,2023-03-24T17:16:00Z,1.3443982857868578e-05,0.0013831285803037345,0.001369684597445866,0
2023-03-24T17:15:55Z,2023-03-24T17:16:00Z,1.761253834442456e-05,0.0013896877637651814,0.0013720752254207569,0
2023-03-24T17:15:55Z,2023-03-24T17:16:00Z,1.8348404730314863e-05,0.0013931358409997494,0.0013747874362694346,0
2023-03-24T17:15:55Z,2023-03-24T17:16:00Z,1.2171285400427306e-06,0.0013829458636397684,0.0013817287350997257,0
2023-03-24T17:16:55Z,2023-03-24T17:17:00Z,1.0801977640096869e-06,0.001387570530592212,0.0013886507283562216,0
2023-03-24T17:16:55Z,2023-03-24T17:17:00Z,7.890228761249724e-06,0.0013964800515628162,0.0013885898228015664,0
2023-03-24T17:16:55Z,2023-03-24T17:17:00Z,1.8545461226910417e-06,0.0013897386245332677,0.0013878840784105767,0
2023-03-24T17:16:55Z,2023-03-24T17:17:00Z,3.1403751182201237e-06,0.001392139190383152,0.001388998815264932,0
2023-03-24T17:16:55Z,2023-03-24T17:17:00Z,4.854980859786938e-06,0.0013961180497558854,0.0013912630688960985,0
2023-03-24T17:16:55Z,2023-03-24T17:17:00Z,9.558926957430524e-06,0.0014023448824505092,0.0013927859554930787,0
2023-03-24T17:16:55Z,2023-03-24T17:17:00Z,1.7215298697120752e-05,0.0014098805869212226,0.0013926652882241019,0
2023-03-24T17:16:55Z,2023-03-24T17:17:00Z,2.5436388486643887e-05,0.0014223037626831594,0.0013968673741965156,0
2023-03-24T17:16:55Z,2023-03-24T17:17:00Z,2.8835122749281284e-05,0.0014316162957918204,0.0014027811730425391,0
2023-03-24T17:16:55Z,2023-03-24T17:17:00Z,1.561983441808988e-05,0.0014271295784363872,0.0014115097440182973,0
2023-03-24T17:16:55Z,2023-03-24T17:17:00Z,1.0073551208056829e-05,0.001431340433006791,0.001421266881798734,0
2023-03-24T17:16:55Z,2023-03-24T17:17:00Z,6.131122901592697e-06,0.001433147668538715,0.0014270165456371222,0
2023-03-24T17:17:55Z,2023-03-24T17:18:00Z,2.0817570367262983e-05,0.0014508463394455958,0.0014300287690783328,0
2023-03-24T17:17:55Z,2023-03-24T17:18:00Z,5.689426778038753e-05,0.0014874334944410185,0.001430539226660631,0
2023-03-24T17:17:55Z,2023-03-24T17:18:00Z,6.238081130679747e-05,0.001500825624970498,0.0014384448136637005,0
2023-03-24T17:17:55Z,2023-03-24T17:18:00Z,5.72816004639693e-05,0.0015144241012724124,0.0014571425008084431,0
2023-03-24T17:17:55Z,2023-03-24T17:18:00Z,4.1393162954154756e-05,0.0015210949825731923,0.0014797018196190375,0
2023-03-24T17:17:55Z,2023-03-24T17:18:00Z,1.1911938491224053e-05,0.001512806345385867,0.001500894406894643,0
2023-03-24T17:17:55Z,2023-03-24T17:18:00Z,1.0807707550809656e-05,0.0015229226104895104,0.0015121149029387008,0
2023-03-24T17:17:55Z,2023-03-24T17:18:00Z,1.5368411383081875e-05,0.0015314768877935723,0.0015161084764104904,0
2023-03-24T17:17:55Z,2023-03-24T17:18:00Z,2.5180412420172747e-05,0.0015441217252363628,0.00151894131281619,0
2023-03-24T17:17:55Z,2023-03-24T17:18:00Z,1.8823710276678462e-05,0.0015412256581663285,0.00152240194788965,0
2023-03-24T17:17:55Z,2023-03-24T17:18:00Z,2.1722509812894218e-05,0.0015545629176527095,0.0015328404078398152,0
2023-03-24T17:17:55Z,2023-03-24T17:18:00Z,2.118376806200628e-05,0.0015601251917940942,0.0015389414237320879,0
2023-03-24T17:18:55Z,2023-03-24T17:19:00Z,8.119329048912041e-06,0.001554756096067379,0.0015466367670184669,0
2023-03-24T17:18:55Z,2023-03-24T17:19:00Z,6.018583277451724e-06,0.0015579898391484958,0.001551971255871044,0
2023-03-24T17:18:55Z,2023-03-24T17:19:00Z,1.8799256855286505e-05,0.0015752806586933471,0.0015564814018380606,0
2023-03-24T17:18:55Z,2023-03-24T17:19:00Z,4.222696943827274e-05,0.0015998506784415958,0.001557623709003323,0
2023-03-24T17:18:55Z,2023-03-24T17:19:00Z,3.996218138516529e-05,0.0016026377126882392,0.001562675531303074,0
2023-03-24T17:18:55Z,2023-03-24T17:19:00Z,1.2884373510081053e-05,0.0015905914322712274,0.0015777070587611464,0
2023-03-24T17:18:55Z,2023-03-24T17:19:00Z,4.279158323153244e-06,0.0015883105249512406,0.0015925896832743938,0
2023-03-24T17:18:55Z,2023-03-24T17:19:00Z,3.7744889453641744e-05,0.001559948385013379,0.0015976932744670208,0
2023-03-24T17:18:55Z,2023-03-24T17:19:00Z,7.3054806563354e-05,0.0015207917500735485,0.0015938465566369025,0
2023-03-24T17:18:55Z,2023-03-24T17:19:00Z,0.00010353279328077585,0.0014760839874645064,0.0015796167807452823,0
2023-03-24T17:18:55Z,2023-03-24T17:19:00Z,0.00012442499252325297,0.0014319252274894694,0.0015563502200127224,0
2023-03-24T17:18:55Z,2023-03-24T17:19:00Z,0.000139581435376289,0.001379359938807522,0.001518941374183811,0
2023-03-24T17:19:55Z,2023-03-24T17:20:00Z,0.00012871319480821874,0.0013475537935342893,0.001476266988342508,0
2023-03-24T17:19:55Z,2023-03-24T17:20:00Z,0.00010829676875280525,0.0013208262825010276,0.0014291230512538328,0
2023-03-24T17:19:55Z,2023-03-24T17:20:00Z,7.982652822692039e-05,0.0013064531250501733,0.0013862796532770937,0
2023-03-24T17:19:55Z,2023-03-24T17:20:00Z,5.293820562880412e-05,0.0012963084659854756,0.0013492466716142797,0
2023-03-24T17:19:55Z,2023-03-24T17:20:00Z,2.0473988976579685e-05,0.0013044704113852504,0.00132494440036183,0
2023-03-24T17:19:55Z,2023-03-24T17:20:00Z,6.39136786399438e-06,0.0013142539923762199,0.0013078626245122255,0
2023-03-24T17:19:55Z,2023-03-24T17:20:00Z,2.789755624154613e-06,0.0013052004230977876,0.001302410667473633,0
2023-03-24T17:19:55Z,2023-03-24T17:20:00Z,6.659682228949771e-06,0.0012983512743533657,0.0013050109565823154,0
2023-03-24T17:19:55Z,2023-03-24T17:20:00Z,1.4478254973384046e-05,0.0013224531972598032,0.0013079749422864192,0
2023-03-24T17:19:55Z,2023-03-24T17:20:00Z,5.7909266605349645e-05,0.0013638444965478073,0.0013059352299424577,0
2023-03-24T17:19:55Z,2023-03-24T17:20:00Z,9.511009767997525e-05,0.0014037783959169607,0.0013086682982369855,0
2023-03-24T17:19:55Z,2023-03-24T17:20:00Z,0.00012109916848981189,0.0014493154912101373,0.0013282163227203254,0
2023-03-24T17:20:55Z,2023-03-24T17:21:00Z,0.00014325250097000004,0.0015066111975448571,0.001363358696574857,0
2023-03-24T17:20:55Z,2023-03-24T17:21:00Z,0.00015192881884429962,0.0015575749467359346,0.001405646127891635,0
2023-03-24T17:20:55Z,2023-03-24T17:21:00Z,0.00012073312700347028,0.0015739681552274555,0.0014532350282239852,0
2023-03-24T17:20:55Z,2023-03-24T17:21:00Z,7.026719579335825e-05,0.0015747677409570012,0.001504500545163643,0
2023-03-24T17:20:55Z,2023-03-24T17:21:00Z,1.2559926120196685e-05,0.0015586113592896125,0.0015460514331694158,0
2023-03-24T17:20:55Z,2023-03-24T17:21:00Z,1.2037456430197572e-05,0.0015567328245432663,0.0015687702809734638,0
2023-03-24T17:20:55Z,2023-03-24T17:21:00Z,2.1586171264359336e-05,0.0015475295805603305,0.0015691157518246898,0
2023-03-24T17:20:55Z,2023-03-24T17:21:00Z,2.2274911018396433e-05,0.00154109573057823,0.0015633706415966264,0
2023-03-24T17:20:55Z,2023-03-24T17:21:00Z,4.084767848558878e-05,0.0015134435763121475,0.0015542912547977363,0
2023-03-24T17:20:55Z,2023-03-24T17:21:00Z,4.413491208218596e-05,0.0015043177998117561,0.001548452711893942,0
2023-03-24T17:20:55Z,2023-03-24T17:21:00Z,4.3620037781738966e-05,0.0014904029247018301,0.001534022962483569,0
2023-03-24T17:20:55Z,2023-03-24T17:21:00Z,3.076638435059475e-05,0.0014888526512167831,0.0015196190355673779,0
2023-03-24T17:21:55Z,2023-03-24T17:22:00Z,2.257496915661827e-05,0.0014801464644519596,0.001502721433608578,0
2023-03-24T17:21:55Z,2023-03-24T17:22:00Z,1.2942001283738685e-05,0.0014815824572930513,0.00149452445857679,0
2023-03-24T17:21:55Z,2023-03-24T17:22:00Z,1.3786883400865486e-06,0.0014878460351302775,0.001486467346790191,0
2023-03-24T17:21:55Z,2023-03-24T17:22:00Z,5.969147273945843e-06,0.0014894963382612104,0.0014835271909872645,0
2023-03-24T17:21:55Z,2023-03-24T17:22:00Z,9.740918433907972e-06,0.001492932570725671,0.001483191652291763,0
2023-03-24T17:21:55Z,2023-03-24T17:22:00Z,2.129149542144811e-05,0.0015075997723162943,0.0014863082768948462,0
2023-03-24T17:21:55Z,2023-03-24T17:22:00Z,2.3067421453213137e-05,0.0015131590694922661,0.001490091648039053,0
2023-03-24T17:21:55Z,2023-03-24T17:22:00Z,1.8528065193863623e-05,0.001515204292294922,0.0014966762271010584,0
2023-03-24T17:21:55Z,2023-03-24T17:22:00Z,2.1396882306863336e-05,0.0015259606864849403,0.001504563804178077,0
2023-03-24T17:21:55Z,2023-03-24T17:22:00Z,2.306161940995844e-05,0.001535049330777786,0.0015119877113678275,0
2023-03-24T17:21:55Z,2023-03-24T17:22:00Z,2.181677883043051e-05,0.0015399247949211398,0.0015181080160907093,0
2023-03-24T17:21:55Z,2023-03-24T17:22:00Z,1.5213631092811071e-05,0.0015406184009453608,0.0015254047698525497,0
2023-03-24T17:22:55Z,2023-03-24T17:23:00Z,1.0464368288770533e-05,0.0015231805691058515,0.001533644937394622,0
2023-03-24T17:22:55Z,2023-03-24T17:23:00Z,1.4595034970014574e-05,0.0015239358072447475,0.001538530842214762,0
2023-03-24T17:22:55Z,2023-03-24T17:23:00Z,1.1609510141532848e-05,0.0015229650781825846,0.0015345745883241174,0
2023-03-24T17:22:55Z,2023-03-24T17:23:00Z,9.991545362682307e-06,0.0015192533804026377,0.00152924492576532,0
2023-03-24T17:22:55Z,2023-03-24T17:23:00Z,1.4999004635077393e-05,0.001538359489479472,0.0015233604848443945,0
2023-03-24T17:22:55Z,2023-03-24T17:23:00Z,1.6629708504536716e-05,0.00153868113044786,0.0015220514219433233,0
2023-03-24T17:22:55Z,2023-03-24T17:23:00Z,2.12354095992834e-05,0.0015480947256208482,0.0015268593160215648,0
2023-03-24T17:22:55Z,2023-03-24T17:23:00Z,5.866900089747948e-06,0.0015379649001997378,0.00153209800010999,0
2023-03-24T17:22:55Z,2023-03-24T17:23:00Z,9.291325418789602e-06,0.0015324204564306039,0.0015417117818493935,0
2023-03-24T17:22:55Z,2023-03-24T17:23:00Z,1.2944682107817688e-05,0.0015286355699816643,0.001541580252089482,0
2023-03-24T17:22:55Z,2023-03-24T17:23:00Z,2.04233941575099e-05,0.0015190699665928867,0.0015394933607503966,0
2023-03-24T17:23:55Z,2023-03-24T17:24:00Z,2.882753765622763e-05,0.001504179437881108,0.0015330069755373355,0
2023-03-24T17:23:55Z,2023-03-24T17:24:00Z,1.8980422302572074e-05,0.0015077282420324794,0.0015267086643350515,0
2023-03-24T17:23:55Z,2023-03-24T17:24:00Z,1.2680426255338908e-05,0.0015046145652298805,0.0015172949914852194,0
2023-03-24T17:23:55Z,2023-03-24T17:24:00Z,5.16123698068925e-06,0.0015051646451881354,0.0015103258821688246,0
2023-03-24T17:23:55Z,2023-03-24T17:24:00Z,2.866661347302249e-06,0.0015026407537005206,0.0015055074150478228,0
2023-03-24T17:23:55Z,2023-03-24T17:24:00Z,2.5815380267496524e-07,0.0015060939712861733,0.0015058358174834983,0
2023-03-24T17:23:55Z,2023-03-24T17:24:00Z,8.851688035497324e-06,0.0015129916760750095,0.0015041399880395122,0
2023-03-24T17:23:55Z,2023-03-24T17:24:00Z,7.71250933873503e-06,0.0015123456327303447,0.0015046331233916097,0
2023-03-24T17:23:55Z,2023-03-24T17:24:00Z,1.0089726475928044e-05,0.0015173318601631625,0.0015072421336872345,0
2023-03-24T17:23:55Z,2023-03-24T17:24:00Z,9.684846312787466e-06,0.0015201619396766298,0.0015104770933638424,0
2023-03-24T17:23:55Z,2023-03-24T17:24:00Z,1.7775774968801627e-05,0.0014964472813540372,0.0015142230563228388,0
2023-03-24T17:23:55Z,2023-03-24T17:24:00Z,1.5025117173028983e-05,0.0015015880270170165,0.0015166131441900455,0
2023-03-24T17:23:55Z,2023-03-24T17:24:00Z,2.789235789516604e-06,0.001514102929520793,0.0015113136937312764,0
2023-03-24T17:24:55Z,2023-03-24T17:25:00Z,2.6544433556552945e-05,0.0015326101829057806,0.0015060657493492276,0
2023-03-24T17:24:55Z,2023-03-24T17:25:00Z,8.91743772375806e-06,0.0015129635170210405,0.0015040460792972825,0
2023-03-24T17:24:55Z,2023-03-24T17:25:00Z,1.0205927701391294e-05,0.0015058944521131386,0.00151610037981453,0
2023-03-24T17:24:55Z,2023-03-24T17:25:00Z,2.305963111583361e-05,0.0014968325787000378,0.0015198922098158714,0
2023-03-24T17:24:55Z,2023-03-24T17:25:00Z,3.4498674175805454e-05,0.0014826573765041812,0.0015171560506799867,0
2023-03-24T17:24:55Z,2023-03-24T17:25:00Z,2.112383440270064e-05,0.001484106348208705,0.0015052301826114056,0
2023-03-24T17:24:55Z,2023-03-24T17:25:00Z,2.231391206047417e-05,0.0014728142237119782,0.0014951281357724524,0
2023-03-24T17:24:55Z,2023-03-24T17:25:00Z,1.7005051211365285e-05,0.0014708603832596092,0.0014878654344709745,0
2023-03-24T17:24:55Z,2023-03-24T17:25:00Z,6.519681374413241e-06,0.0014733396347672081,0.0014798593161416214,0
2023-03-24T17:24:55Z,2023-03-24T17:25:00Z,7.231457034686042e-07,0.001475203839356629,0.0014759269850600975,0
2023-03-24T17:24:55Z,2023-03-24T17:25:00Z,1.5460853847053084e-05,0.0014877989344266518,0.0014723380805795987,0
2023-03-24T17:24:55Z,2023-03-24T17:25:00Z,1.0709716368783977e-05,0.0014838443354965993,0.0014731346191278153,0
2023-03-24T17:25:55Z,2023-03-24T17:26:00Z,3.814607911532082e-06,0.001482595410761695,0.001478780802850163,0
2023-03-24T17:25:55Z,2023-03-24T17:26:00Z,3.140498654518936e-06,0.001479141871105441,0.00148228236975996,0
2023-03-24T17:25:55Z,2023-03-24T17:26:00Z,5.3382665620516426e-06,0.0014794079603329304,0.001484746226894982,0
2023-03-24T17:25:55Z,2023-03-24T17:26:00Z,1.1201725221964692e-06,0.0014807403665990486,0.001481860539121245,0
2023-03-24T17:25:55Z,2023-03-24T17:26:00Z,1.9029583299204345e-06,0.0014784787890701019,0.0014803817474000223,0
2023-03-24T17:25:55Z,2023-03-24T17:26:00Z,1.0137983001639629e-05,0.001469625416344167,0.0014797633993458067,0
2023-03-24T17:25:55Z,2023-03-24T17:26:00Z,1.7359025516166648e-05,0.001462183346484527,0.0014795423720006936,0
2023-03-24T17:25:55Z,2023-03-24T17:26:00Z,6.108445160581469e-06,0.0014701730788438576,0.001476281524004439,0
2023-03-24T17:25:55Z,2023-03-24T17:26:00Z,2.9208072897328984e-06,0.001473016657922665,0.0014700958506329322,0
2023-03-24T17:25:55Z,2023-03-24T17:26:00Z,1.5398155374187926e-05,0.0014827254359317053,0.0014673272805575174,0
2023-03-24T17:25:55Z,2023-03-24T17:26:00Z,1.201475014206508e-06,0.001469659169431223,0.0014684576944170166,0
2023-03-24T17:25:55Z,2023-03-24T17:26:00Z,7.849913340827758e-06,0.0014674551442252482,0.001475305057566076,0
2023-03-24T17:26:55Z,2023-03-24T17:27:00Z,8.523628887924456e-06,0.0014666101255406067,0.0014751337544285311,0
2023-03-24T17:26:55Z,2023-03-24T17:27:00Z,7.706314868188065e-06,0.0014655736016612041,0.0014732799165293922,0
2023-03-24T17:26:55Z,2023-03-24T17:27:00Z,1.4397063036976007e-05,0.001482305209436002,0.001467908146399026,0
2023-03-24T17:26:55Z,2023-03-24T17:27:00Z,2.827943679353383e-05,0.00149482572726922,0.0014665462904756863,0
2023-03-24T17:26:55Z,2023-03-24T17:27:00Z,3.4282400432882444e-05,0.0015057787126454866,0.0014714963122126042,0
2023-03-24T17:26:55Z,2023-03-24T17:27:00Z,2.0867818151378828e-05,0.0015017693309401876,0.0014809015127888088,0
2023-03-24T17:26:55Z,2023-03-24T17:27:00Z,1.64908920294892e-05,0.0015107941084797254,0.0014943032164502362,0
2023-03-24T17:26:55Z,2023-03-24T17:27:00Z,1.6889236108789387e-05,0.0015176804930604208,0.0015007912569516314,0
2023-03-24T17:26:55Z,2023-03-24T17:27:00Z,5.630755610797197e-06,0.0015117448062992639,0.0015061140506884667,0
2023-03-24T17:26:55Z,2023-03-24T17:27:00Z,5.137860377330038e-06,0.0015152191712041081,0.001510081310826778,0
2023-03-24T17:26:55Z,2023-03-24T17:27:00Z,5.4203621145058195e-06,0.0015079861071652977,0.0015134064692798035,0
2023-03-24T17:26:55Z,2023-03-24T17:27:00Z,5.718281631992075e-06,0.0015205997718199232,0.001514881490187931,0
2023-03-24T17:27:55Z,2023-03-24T17:28:00Z,3.4228459247392148e-06,0.0015150728741476292,0.00151165002822289,0
2023-03-24T17:27:55Z,2023-03-24T17:28:00Z,4.661081934478287e-06,0.0015099406014619646,0.001514601683396443,0
2023-03-24T17:27:55Z,2023-03-24T17:28:00Z,3.0204371168675043e-06,0.0015175733548278177,0.0015145529177109502,0
2023-03-24T17:27:55Z,2023-03-24T17:28:00Z,6.9743335667036416e-06,0.0015221787493765427,0.001515204415809839,0
2023-03-24T17:27:55Z,2023-03-24T17:28:00Z,4.303173359233425e-06,0.0015184987835050372,0.0015141956101458038,0
2023-03-24T17:27:55Z,2023-03-24T17:28:00Z,4.835907176812962e-06,0.0015117283280452953,0.0015165642352221083,0
2023-03-24T17:27:55Z,2023-03-24T17:28:00Z,9.964757193287998e-07,0.0015204134382891278,0.001519416962569799,0
2023-03-24T17:27:55Z,2023-03-24T17:28:00Z,4.559139973743e-06,0.0015220277602827016,0.0015174686203089586,0
2023-03-24T17:27:55Z,2023-03-24T17:28:00Z,1.2451107196824246e-05,0.0015293312904766444,0.00151688018327982,0
2023-03-24T17:27:55Z,2023-03-24T17:28:00Z,4.452056279370762e-06,0.0015225085651517458,0.001518056508872375,0
2023-03-24T17:27:55Z,2023-03-24T17:28:00Z,1.2414896847235454e-05,0.0015363390598633934,0.001523924163016158,0
2023-03-24T17:28:55Z,2023-03-24T17:29:00Z,1.6225746490061525e-05,0.0015408482851270921,0.0015246225386370306,0
2023-03-24T17:28:55Z,2023-03-24T17:29:00Z,1.6068464816761194e-05,0.0015454614366473556,0.0015293929718305944,0
2023-03-24T17:28:55Z,2023-03-24T17:29:00Z,1.9496899235650926e-05,0.0015527288692830615,0.0015332319700474106,0
2023-03-24T17:28:55Z,2023-03-24T17:29:00Z,1.4167897306412158e-05,0.0015550508245190259,0.0015408829272126137,0
2023-03-24T17:28:55Z,2023-03-24T17:29:00Z,8.28659966000734e-06,0.0015380595973591624,0.0015463461970191697,0
2023-03-24T17:28:55Z,2023-03-24T17:29:00Z,2.9721112600480937e-05,0.001521359264216,0.0015510803768164808,0
2023-03-24T17:28:55Z,2023-03-24T17:29:00Z,2.3179119224181434e-05,0.0015254339778295687,0.0015486130970537501,0
2023-03-24T17:28:55Z,2023-03-24T17:29:00Z,1.6553779363147466e-05,0.0015216027826682485,0.001538156562031396,0
2023-03-24T17:28:55Z,2023-03-24T17:29:00Z,1.1091382427281865e-05,0.0015171928973742952,0.001528284279801577,0
2023-03-24T17:28:55Z,2023-03-24T17:29:00Z,1.3150841129341926e-05,0.0015096478337752637,0.0015227986749046056,0
2023-03-24T17:28:55Z,2023-03-24T17:29:00Z,2.1042868908273003e-05,0.0015003670170490977,0.0015214098859573707,0
2023-03-24T17:28:55Z,2023-03-24T17:29:00Z,1.0019682008881661e-05,0.0015061281559303873,0.001516147837939269,0
2023-03-24T17:28:55Z,2023-03-24T17:29:00Z,7.999418465143033e-06,0.001501069830934409,0.001509069249399552,0
2023-03-24T17:29:55Z,2023-03-24T17:30:00Z,1.5694063466985915e-05,0.001489686938784597,0.001505381002251583,0
2023-03-24T17:29:55Z,2023-03-24T17:30:00Z,1.4538883422563105e-05,0.001487982784548735,0.001502521667971298,0
2023-03-24T17:29:55Z,2023-03-24T17:30:00Z,1.5170527365990618e-05,0.0014837911145171405,0.0014989616418831311,0
2023-03-24T17:29:55Z,2023-03-24T17:30:00Z,2.4937152694123454e-05,0.0014679760320617902,0.0014929131847559137,0
2023-03-24T17:29:55Z,2023-03-24T17:30:00Z,1.4470002822352746e-05,0.0014726836097944714,0.0014871536126168242,0
2023-03-24T17:29:55Z,2023-03-24T17:30:00Z,3.0873285360103874e-06,0.0014830039722452321,0.0014799166437092217,0
2023-03-24T17:29:55Z,2023-03-24T17:30:00Z,8.706217582704926e-06,0.001483523136373839,0.001474816918791134,0
2023-03-24T17:29:55Z,2023-03-24T17:30:00Z,4.643026955621684e-06,0.001479197564989453,0.0014745545380338313,0
2023-03-24T17:29:55Z,2023-03-24T17:30:00Z,2.9375922456190313e-06,0.0014826744983834667,0.0014797369061378476,0
2023-03-24T17:29:55Z,2023-03-24T17:30:00Z,2.1247466926368076e-06,0.0014840329712288117,0.001481908224536175,0
2023-03-24T17:29:55Z,2023-03-24T17:30:00Z,1.9437532150067688e-07,0.0014816040245940855,0.0014817983999155862,0
2023-03-24T17:29:55Z,2023-03-24T17:30:00Z,9.14592311157471e-06,0.001472822421755669,0.0014819683448672437,0
2023-03-24T17:30:55Z,2023-03-24T17:31:00Z,1.5863668352800913e-05,0.0014669068297159871,0.001482770498068788,0
2023-03-24T17:30:55Z,2023-03-24T17:31:00Z,8.46413164702479e-06,0.0014710223408791639,0.0014794864725261887,0
2023-03-24T17:30:55Z,2023-03-24T17:31:00Z,6.106609053458138e-06,0.0014676711496351225,0.0014737777586885806,0
2023-03-24T17:30:55Z,2023-03-24T17:31:00Z,2.10137170960406e-05,0.0014912642478796473,0.0014702505307836067,0
2023-03-24T17:30:55Z,2023-03-24T17:31:00Z,4.788564644313438e-05,0.0015164190865198923,0.001468533440076758,0
2023-03-24T17:30:55Z,2023-03-24T17:31:00Z,5.241211852850358e-05,0.0015290646979931482,0.0014766525794646446,0
2023-03-24T17:30:55Z,2023-03-24T17:31:00Z,5.2497178930679175e-05,0.0015442820069422331,0.001491784828011554,0
2023-03-24T17:30:55Z,2023-03-24T17:31:00Z,4.041474620334728e-05,0.0015526640903342432,0.0015122493441308959,0
2023-03-24T17:30:55Z,2023-03-24T17:31:00Z,3.998009219647464e-05,0.0015699020226815658,0.0015299219304850912,0
2023-03-24T17:30:55Z,2023-03-24T17:31:00Z,4.698336019618582e-05,0.0015889869586193938,0.001542003598423208,0
2023-03-24T17:30:55Z,2023-03-24T17:31:00Z,5.6830344849743714e-05,0.0016124463848357577,0.001555616039986014,0
2023-03-24T17:30:55Z,2023-03-24T17:31:00Z,3.638631312800271e-05,0.0016069040036730702,0.0015705176905450675,0
2023-03-24T17:31:55Z,2023-03-24T17:32:00Z,1.9814980643916708e-05,0.0016102601026894892,0.0015904451220455724,1
2023-03-24T17:31:55Z,2023-03-24T17:32:00Z,1.713141570285179e-05,0.0016199105314122588,0.001602779115709407,1
2023-03-24T17:31:55Z,2023-03-24T17:32:00Z,2.4235399297240076e-05,0.0016341055630300124,0.0016098701637327724,1
2023-03-24T17:31:55Z,2023-03-24T17:32:00Z,2.2496259223729175e-05,0.001634854471815335,0.001612358212591606,1
2023-03-24T17:31:55Z,2023-03-24T17:32:00Z,9.143052780516154e-06,0.0016305684518244364,0.0016214253990439202,1
2023-03-24T17:31:55Z,2023-03-24T17:32:00Z,2.525978054252354e-07,0.0016293709242804434,0.0016296235220858686,1
2023-03-24T17:31:55Z,2023-03-24T17:32:00Z,5.3410947272048825e-06,0.001638517256950466,0.0016331761622232612,1
2023-03-24T17:31:55Z,2023-03-24T17:32:00Z,2.201130707314789e-05,0.0016536092563798862,0.0016315979493067383,1
2023-03-24T17:31:55Z,2023-03-24T17:32:00Z,2.808932985645901e-05,0.0016609082075415742,0.0016328188776851152,1
2023-03-24T17:31:55Z,2023-03-24T17:32:00Z,2.772740518144196e-05,0.0016682265510517074,0.0016404991458702654,1
2023-03-24T17:31:55Z,2023-03-24T17:32:00Z,6.283118217420601e-06,0.0016572946918413961,0.0016510115736239755,1
2023-03-24T17:32:55Z,2023-03-24T17:33:00Z,3.4233935797686136e-06,0.0016643380652374912,0.0016609146716577226,1
2023-03-24T17:32:55Z,2023-03-24T17:33:00Z,1.2526043893495292e-06,0.0016608905457555431,0.0016621431501448927,1
2023-03-24T17:32:55Z,2023-03-24T17:33:00Z,2.9842067183435874e-05,0.0016334443688600959,0.0016632864360435317,1
2023-03-24T17:32:55Z,2023-03-24T17:33:00Z,4.117497797645345e-05,0.0016196661229683567,0.0016608411009448102,1
2023-03-24T17:32:55Z,2023-03-24T17:33:00Z,6.900709846339634e-05,0.0015838838948209802,0.0016528909932843766,1
2023-03-24T17:32:55Z,2023-03-24T17:33:00Z,7.382298042983787e-05,0.0015641773654314938,0.0016380003458613317,1
2023-03-24T17:32:55Z,2023-03-24T17:33:00Z,7.44660126208278e-05,0.0015378654495956498,0.0016123314622164776,1
2023-03-24T17:32:55Z,2023-03-24T17:33:00Z,2.7918898122760664e-05,0.0015613235629508497,0.0015892424610736103,1
2023-03-24T17:32:55Z,2023-03-24T17:33:00Z,1.4933823749951024e-05,0.0015769093936993256,0.0015619755699493745,1
2023-03-24T17:32:55Z,2023-03-24T17:33:00Z,4.918494701035064e-05,0.0016036404063363484,0.0015544554593259978,1
2023-03-24T17:32:55Z,2023-03-24T17:33:00Z,4.7931703573603646e-05,0.0016066311723222121,0.0015586994687486085,1
2023-03-24T17:32:55Z,2023-03-24T17:33:00Z,3.4866326648803642e-06,0.0015841110869937215,0.0015806244543288411,1
2023-03-24T17:33:55Z,2023-03-24T17:34:00Z,1.4926645318207032e-08,0.001595712064140644,0.0015957269907859622,1
2023-03-24T17:33:55Z,2023-03-24T17:34:00Z,1.1641265135519177e-06,0.0015992916817309793,0.0015981275552174273,1
2023-03-24T17:33:55Z,2023-03-24T17:34:00Z,3.560182229788442e-06,0.0015990449567153142,0.0015954847744855257,1
2023-03-24T17:33:55Z,2023-03-24T17:34:00Z,1.0168808382756854e-05,0.0016032070860045383,0.0015930382776217814,1
2023-03-24T17:33:55Z,2023-03-24T17:34:00Z,1.5096311629313316e-05,0.001613112545824959,0.0015980162341956456,1
2023-03-24T17:33:55Z,2023-03-24T17:34:00Z,2.7046101057820503e-05,0.0016275606758747645,0.001600514574816944,1
2023-03-24T17:33:55Z,2023-03-24T17:34:00Z,3.358519148915942e-05,0.0016387067210040965,0.001605121529514937,1
2023-03-24T17:33:55Z,2023-03-24T17:34:00Z,2.413708139045387e-05,0.0016387638506252078,0.0016146267692347539,1
2023-03-24T17:33:55Z,2023-03-24T17:34:00Z,4.1683948647491115e-06,0.001630628375766022,0.001626459980901273,1
2023-03-24T17:33:55Z,2023-03-24T17:34:00Z,5.601747507743031e-06,0.0016294086683269467,0.0016350104158346897,1
2023-03-24T17:33:55Z,2023-03-24T17:34:00Z,1.1601541193689228e-05,0.0016244314412714193,0.0016360329824651086,1
2023-03-24T17:33:55Z,2023-03-24T17:34:00Z,1.1446041609712663e-06,0.001631789027411754,0.0016329336315727254,1
2023-03-24T17:33:55Z,2023-03-24T17:34:00Z,6.618690909477752e-06,0.001634774852697607,0.0016281561617881293,1
2023-03-24T17:34:55Z,2023-03-24T17:35:00Z,4.623833074853933e-06,0.001633166878744894,0.00162854304567004,1
2023-03-24T17:34:55Z,2023-03-24T17:35:00Z,2.5995146355904837e-06,0.0016329312884291842,0.0016303317737935937,1
2023-03-24T17:34:55Z,2023-03-24T17:35:00Z,3.237218494838009e-06,0.0016300063677899138,0.0016332435862847518,1
2023-03-24T17:34:55Z,2023-03-24T17:35:00Z,3.740427850692932e-06,0.0016298839121065354,0.0016336243399572284,1
2023-03-24T17:34:55Z,2023-03-24T17:35:00Z,4.268188810182963e-06,0.0016363030337981802,0.0016320348449879972,1
2023-03-24T17:34:55Z,2023-03-24T17:35:00Z,1.5712137233958763e-06,0.001632511736498607,0.0016309405227752111,1
2023-03-24T17:34:55Z,2023-03-24T17:35:00Z,1.975191550759956e-05,0.0016123125223906102,0.0016320644378982098,1
2023-03-24T17:34:55Z,2023-03-24T17:35:00Z,2.6058427595145733e-05,0.001606841133205962,0.0016328995608011077,1
2023-03-24T17:34:55Z,2023-03-24T17:35:00Z,2.6083856893218803e-05,0.0016009585740025805,0.0016270424308957993,1
2023-03-24T17:34:55Z,2023-03-24T17:35:00Z,2.4908360102285582e-05,0.001592313437262774,0.0016172217973650597,1
2023-03-24T17:34:55Z,2023-03-24T17:35:00Z,1.4133038031831531e-05,0.0015925710385012194,0.001606704076533051,1
2023-03-24T17:35:55Z,2023-03-24T17:36:00Z,1.0841062246362077e-05,0.0015891966525774103,0.0016000377148237723,1
2023-03-24T17:35:55Z,2023-03-24T17:36:00Z,8.585321495001384e-06,0.0015866956950938568,0.0015952810165888582,1
2023-03-24T17:35:55Z,2023-03-24T17:36:00Z,6.195855545340374e-06,0.001585164520568461,0.0015913603761138013,1
2023-03-24T17:35:55Z,2023-03-24T17:36:00Z,2.591519584227561e-06,0.001586896275806601,0.0015894877953908286,1
2023-03-24T17:35:55Z,2023-03-24T17:36:00Z,8.1202286827261e-06,0.0015788987273971833,0.0015870189560799094,1
2023-03-24T17:35:55Z,2023-03-24T17:36:00Z,3.599877956209541e-05,0.0015502533842608776,0.001586252163822973,1
2023-03-24T17:35:55Z,2023-03-24T17:36:00Z,4.8860762027827086e-05,0.0015347924125629212,0.0015836531745907483,1
2023-03-24T17:35:55Z,2023-03-24T17:36:00Z,5.860628078032163e-05,0.0015134098483745655,0.0015720161291548872,1
2023-03-24T17:35:55Z,2023-03-24T17:36:00Z,4.512378180020356e-05,0.001509524392940124,0.0015546481747403275,1
2023-03-24T17:35:55Z,2023-03-24T17:36:00Z,1.8245081615511074e-05,0.0015145734667839435,0.0015328185483994546,1
2023-03-24T17:35:55Z,2023-03-24T17:36:00Z,1.3599423383990833e-05,0.0015328416413431943,0.0015192422179592035,1
2023-03-24T17:35:55Z,2023-03-24T17:36:00Z,3.818951151621339e-05,0.0015506920808824245,0.001512502569366211,1
2023-03-24T17:35:55Z,2023-03-24T17:36:00Z,2.583796198990908e-05,0.0015448177956789964,0.0015189798336890873,1
2023-03-24T17:36:55Z,2023-03-24T17:37:00Z,1.5622287446039702e-05,0.0015483246837825603,0.0015327023963365206,1
2023-03-24T17:36:55Z,2023-03-24T17:37:00Z,1.533367875112667e-05,0.0015581175180526651,0.0015427838393015385,1
2023-03-24T17:36:55Z,2023-03-24T17:37:00Z,2.741271390576316e-05,0.0015753575673537567,0.0015479448534479936,1
2023-03-24T17:36:55Z,2023-03-24T17:37:00Z,2.165420702912547e-05,0.0015720742062005327,0.0015504199991714072,1
2023-03-24T17:36:55Z,2023-03-24T17:37:00Z,5.325879974314805e-07,0.0015600673350655626,0.001560599923062994,1
2023-03-24T17:36:55Z,2023-03-24T17:37:00Z,1.1897246427558126e-05,0.0015566191841080933,0.0015685164305356515,1
2023-03-24T17:36:55Z,2023-03-24T17:37:00Z,9.776818605427553e-06,0.0015593895509345228,0.0015691663695399504,1
2023-03-24T17:36:55Z,2023-03-24T17:37:00Z,7.006593752115556e-06,0.0015559136480392804,0.001562920241791396,1
2023-03-24T17:36:55Z,2023-03-24T17:37:00Z,3.8371060783254016e-06,0.0015548549172910676,0.001558692023369393,1
2023-03-24T17:36:55Z,2023-03-24T17:37:00Z,1.700115874070417e-06,0.0015590075769013692,0.0015573074610272988,1
2023-03-24T17:36:55Z,2023-03-24T17:37:00Z,1.0086569877797592e-05,0.001566805941966088,0.0015567193720882903,1
2023-03-24T17:37:55Z,2023-03-24T17:38:00Z,1.7227507020034115e-05,0.0015738195544306066,0.0015565920474105725,1
2023-03-24T17:37:55Z,2023-03-24T17:38:00Z,3.2918451670291282e-06,0.0015569309668858125,0.0015602228120528416,1
2023-03-24T17:37:55Z,2023-03-24T17:38:00Z,2.4167954104195458e-05,0.0015423764036618258,0.0015665443577660212,1
2023-03-24T17:37:55Z,2023-03-24T17:38:00Z,3.141386966394339e-05,0.001534438284763559,0.0015658521544275024,1
2023-03-24T17:37:55Z,2023-03-24T17:38:00Z,2.3629641542430996e-05,0.0015340793334503173,0.0015577089749927483,1
2023-03-24T17:37:55Z,2023-03-24T17:38:00Z,1.8027363195411567e-05,0.0015265545219083209,0.0015445818851037324,1
2023-03-24T17:37:55Z,2023-03-24T17:38:00Z,1.7458424183823193e-05,0.0015195062497747444,0.0015369646739585676,1
2023-03-24T17:37:55Z,2023-03-24T17:38:00Z,7.441893778723516e-06,0.0015242488195953423,0.0015316907133740658,1
2023-03-24T17:37:55Z,2023-03-24T17:38:00Z,1.3000801041703012e-05,0.0015137125673360913,0.0015267133683777943,1
2023-03-24T17:37:55Z,2023-03-24T17:38:00Z,1.2943142148809936e-05,0.001510493388277326,0.001523436530426136,1
2023-03-24T17:37:55Z,2023-03-24T17:38:00Z,2.1883416750369776e-05,0.0014972724621516895,0.0015191558789020593,1
2023-03-24T17:37:55Z,2023-03-24T17:38:00Z,4.1397033416008984e-05,0.0014747545583202442,0.0015161515917362532,1
2023-03-24T17:37:55Z,2023-03-24T17:38:00Z,3.052123200974772e-05,0.0014766382405786212,0.001507159472588369,1
2023-03-24T17:38:55Z,2023-03-24T17:39:00Z,3.3280147351041206e-06,0.0014908454548479824,0.0014941734695830865,1
2023-03-24T17:38:55Z,2023-03-24T17:39:00Z,2.0461689774241894e-06,0.0014808422513727607,0.001482888420350185,1
2023-03-24T17:38:55Z,2023-03-24T17:39:00Z,1.2693544320844727e-05,0.0014680525402614379,0.0014807460845822826,1
2023-03-24T17:38:55Z,2023-03-24T17:39:00Z,2.4827890535738086e-05,0.00145794742506405,0.001482775315599788,1
2023-03-24T17:38:55Z,2023-03-24T17:39:00Z,2.0486171319994547e-05,0.0014594272441740659,0.0014799134154940604,1
2023-03-24T17:38:55Z,2023-03-24T17:39:00Z,1.716240578954675e-05,0.0014517849997765363,0.001468947405566083,1
2023-03-24T17:38:55Z,2023-03-24T17:39:00Z,3.137706818746172e-05,0.001430432001645723,0.0014618090698331847,1
2023-03-24T17:38:55Z,2023-03-24T17:39:00Z,2.0780065919091557e-05,0.0014356064904191257,0.0014563865563382173,1
2023-03-24T17:38:55Z,2023-03-24T17:39:00Z,4.666738980487655e-06,0.0014425480095516207,0.0014472147485321083,1
2023-03-24T17:38:55Z,2023-03-24T17:39:00Z,8.022422455717434e-07,0.0014400767395260335,0.0014392744972804618,1
2023-03-24T17:38:55Z,2023-03-24T17:39:00Z,3.0226064538329926e-07,0.00143589323989344,0.0014361955005388232,1
2023-03-24T17:38:55Z,2023-03-24T17:39:00Z,1.0444796704930405e-05,0.0014289656164606628,0.0014394104131655932,1
2023-03-24T17:39:55Z,2023-03-24T17:40:00Z,1.7619813742116627e-05,0.0014218861825815814,0.001439505996323698,1
2023-03-24T17:39:55Z,2023-03-24T17:40:00Z,9.976808083472614e-06,0.0014250017238765728,0.0014349785319600454,1
2023-03-24T17:39:55Z,2023-03-24T17:40:00Z,4.535808427401583e-06,0.0014243792045511598,0.0014289150129785614,1
2023-03-24T17:39:55Z,2023-03-24T17:40:00Z,6.673709913347951e-06,0.0014319582175529536,0.0014252845076396057,1
2023-03-24T17:39:55Z,2023-03-24T17:40:00Z,6.787239858841842e-06,0.0014305429435286132,0.0014237557036697714,1
2023-03-24T17:39:55Z,2023-03-24T17:40:00Z,4.041068744636269e-06,0.0014230719799155924,0.0014271130486602287,1
2023-03-24T17:39:55Z,2023-03-24T17:40:00Z,1.3416360225101736e-05,0.001415543761652474,0.0014289601218775757,1
2023-03-24T17:39:55Z,2023-03-24T17:40:00Z,2.23077963319837e-05,0.0014062165840004028,0.0014285243803323865,1
2023-03-24T17:39:55Z,2023-03-24T17:40:00Z,2.472901067270992e-05,0.0013983238843595165,0.0014230528950322265,1
2023-03-24T17:39:55Z,2023-03-24T17:40:00Z,2.74700698181887e-05,0.0013874740387046344,0.0014149441085228231,1
2023-03-24T17:39:55Z,2023-03-24T17:40:00Z,6.592736634441088e-06,0.0014001020067030234,0.0014066947433374645,1
2023-03-24T17:39:55Z,2023-03-24T17:40:00Z,3.7057545029463464e-06,0.0013936324145185715,0.0013973381690215178,1
2023-03-24T17:40:55Z,2023-03-24T17:41:00Z,1.9214159899052802e-06,0.0013972213925789634,0.0013952999765890581,1
2023-03-24T17:40:55Z,2023-03-24T17:41:00Z,6.2055319321068815e-06,0.0013875306213766362,0.001393736153308743,1
2023-03-24T17:40:55Z,2023-03-24T17:41:00Z,5.7854876991407424e-06,0.0013911997835677119,0.0013969852712668526,1
2023-03-24T17:40:55Z,2023-03-24T17:41:00Z,7.139109371692015e-06,0.0013999339188630825,0.0013927948094913905,1
2023-03-24T17:40:55Z,2023-03-24T17:41:00Z,1.0370407789316418e-05,0.0014023543402970867,0.0013919839325077703,1
2023-03-24T17:40:55Z,2023-03-24T17:41:00Z,1.677172577030546e-05,0.0014096598337061158,0.0013928881079358104,1
2023-03-24T17:40:55Z,2023-03-24T17:41:00Z,2.2574511166021218e-05,0.0014204038587419814,0.0013978293475759602,1
2023-03-24T17:40:55Z,2023-03-24T17:41:00Z,1.2104036170581915e-05,0.001416086733792677,0.001403982697622095,1
2023-03-24T17:40:55Z,2023-03-24T17:41:00Z,2.200591545211848e-06,0.0014086054193698492,0.001410806010915061,1
2023-03-24T17:40:55Z,2023-03-24T17:41:00Z,3.699209138026795e-06,0.0014116842662755646,0.0014153834754135914,1
2023-03-24T17:40:55Z,2023-03-24T17:41:00Z,1.4929429474129117e-05,0.0014001025744940399,0.001415032003968169,1
2023-03-24T17:40:55Z,2023-03-24T17:41:00Z,1.688756700811162e-05,0.0013952379061379187,0.0014121254731460304,1
2023-03-24T17:41:55Z,2023-03-24T17:42:00Z,4.920181101797025e-06,0.0014018772389446873,0.0014067974200464844,1
2023-03-24T17:41:55Z,2023-03-24T17:42:00Z,3.7704594654836172e-06,0.0014061120417679914,0.0014023415823025077,1
2023-03-24T17:41:55Z,2023-03-24T17:42:00Z,4.839690797106338e-06,0.0014039122639893217,0.0013990725731922154,1
2023-03-24T17:41:55Z,2023-03-24T17:42:00Z,2.4104627186251988e-05,0.001376971101763947,0.001401075728950199,1
2023-03-24T17:41:55Z,2023-03-24T17:42:00Z,4.133507480012875e-05,0.0013626321067672046,0.0014039671815673333,1
2023-03-24T17:41:55Z,2023-03-24T17:42:00Z,2.1676202981274354e-05,0.0013739889328591459,0.0013956651358404202,1
2023-03-24T17:41:55Z,2023-03-24T17:42:00Z,1.7707999151915553e-05,0.0013634638250215755,0.001381171824173491,1
2023-03-24T17:41:55Z,2023-03-24T17:42:00Z,1.0786049503689818e-05,0.0013604113309597429,0.0013711973804634327,1
2023-03-24T17:41:55Z,2023-03-24T17:42:00Z,2.2624579291768586e-05,0.0013440703755908737,0.0013666949548826423,1
2023-03-24T17:41:55Z,2023-03-24T17:42:00Z,3.19232362898617e-05,0.001334031459990293,0.0013659546962801548,1
2023-03-24T17:41:55Z,2023-03-24T17:42:00Z,2.8891533056147256e-05,0.0013270903108012501,0.0013559818438573974,1
2023-03-24T17:41:55Z,2023-03-24T17:42:00Z,9.22265961209338e-06,0.0013369483959015432,0.0013461710555136366,1
2023-03-24T17:42:55Z,2023-03-24T17:43:00Z,1.0156812456546148e-05,0.001324907236337593,0.001335064048794139,1
2023-03-24T17:42:55Z,2023-03-24T17:43:00Z,5.413287710194113e-06,0.0013272767678541681,0.0013326900555643622,1
2023-03-24T17:42:55Z,2023-03-24T17:43:00Z,1.7281286001322952e-05,0.0013123673616788057,0.0013296486476801286,1
2023-03-24T17:42:55Z,2023-03-24T17:43:00Z,2.0369540016452678e-05,0.0013093412600146488,0.0013297108000311015,1
2023-03-24T17:42:55Z,2023-03-24T17:43:00Z,2.0020315873350847e-05,0.0013014968060835047,0.0013215171219568556,1
2023-03-24T17:42:55Z,2023-03-24T17:43:00Z,2.9067240374162657e-05,0.0012872612228083783,0.001316328463182541,1
2023-03-24T17:42:55Z,2023-03-24T17:43:00Z,1.5950134344810485e-05,0.0012917850082475092,0.0013077351425923197,1
2023-03-24T17:42:55Z,2023-03-24T17:43:00Z,8.568506845227928e-06,0.0012907979227902828,0.0012993664296355107,1
2023-03-24T17:42:55Z,2023-03-24T17:43:00Z,4.113304759953201e-06,0.0012976276504730838,0.0012935143457131306,1
2023-03-24T17:42:55Z,2023-03-24T17:43:00Z,2.105937004461141e-05,0.0013110074213266683,0.001289948051282057,1
2023-03-24T17:42:55Z,2023-03-24T17:43:00Z,2.4178959045902072e-05,0.001317582486216194,0.0012934035271702918,1
2023-03-24T17:42:55Z,2023-03-24T17:43:00Z,1.7983506968411974e-05,0.0013177945051650903,0.0012998109981966783,1
2023-03-24T17:43:55Z,2023-03-24T17:44:00Z,1.705468930225662e-06,0.001310444654935541,0.0013087391860053153,1
2023-03-24T17:43:55Z,2023-03-24T17:44:00Z,1.1074911928304594e-05,0.0013265363828309554,0.0013154614709026508,1
2023-03-24T17:43:55Z,2023-03-24T17:44:00Z,3.1874079976588598e-06,0.0013184612901032673,0.0013152738821056084,1
2023-03-24T17:43:55Z,2023-03-24T17:44:00Z,6.081136384357162e-07,0.0013176504006720932,0.001318258514310529,1
2023-03-24T17:43:55Z,2023-03-24T17:44:00Z,5.369181624341945e-06,0.0013131115943322462,0.0013184807759565882,1
2023-03-24T17:43:55Z,2023-03-24T17:44:00Z,1.8359463838157246e-05,0.0013025232273639483,0.0013208826912021055,1
2023-03-24T17:43:55Z,2023-03-24T17:44:00Z,1.644268992654599e-05,0.0012999650717759896,0.0013164077617025356,1
2023-03-24T17:43:55Z,2023-03-24T17:44:00Z,2.800336823065232e-05,0.0012830917058921103,0.0013110950741227626,1
2023-03-24T17:43:55Z,2023-03-24T17:44:00Z,3.823744575990229e-05,0.0012669625187308256,0.001305199964490728,1
2023-03-24T17:43:55Z,2023-03-24T17:44:00Z,3.205445395759732e-05,0.0012631388810530853,0.0012951933350106826,1
2023-03-24T17:43:55Z,2023-03-24T17:44:00Z,2.151289102488626e-05,0.0012618268744414222,0.0012833397654663085,1
2023-03-24T17:44:55Z,2023-03-24T17:45:00Z,1.8960624381392666e-05,0.001252103744177281,0.0012710643685586737,1
2023-03-24T17:44:55Z,2023-03-24T17:45:00Z,2.5354732656133246e-05,0.0012386213587523111,0.0012639760914084444,1
2023-03-24T17:44:55Z,2023-03-24T17:45:00Z,3.701528975237189e-05,0.001222007876804891,0.001259023166557263,1
2023-03-24T17:44:55Z,2023-03-24T17:45:00Z,4.2353332677821454e-05,0.0012084973264458502,0.0012508506591236716,1
2023-03-24T17:44:55Z,2023-03-24T17:45:00Z,3.7742869568206184e-05,0.001199834790343288,0.0012375776599114943,1
2023-03-24T17:44:55Z,2023-03-24T17:45:00Z,2.5999819140057725e-05,0.001197042368194293,0.0012230421873343506,1
2023-03-24T17:44:55Z,2023-03-24T17:45:00Z,3.034937357954408e-05,0.0011797639576184658,0.0012101133311980098,1
2023-03-24T17:44:55Z,2023-03-24T17:45:00Z,3.714877653087463e-05,0.0011646427184636024,0.001201791494994477,1
2023-03-24T17:44:55Z,2023-03-24T17:45:00Z,5.7570931134988184e-05,0.0011346427742503608,0.001192213705385349,1
2023-03-24T17:44:55Z,2023-03-24T17:45:00Z,6.789276800023194e-05,0.001112590246758555,0.001180483014758787,1
2023-03-24T17:44:55Z,2023-03-24T17:45:00Z,7.253037373379685e-05,0.001087152776377013,0.0011596831501108097,1
2023-03-24T17:44:55Z,2023-03-24T17:45:00Z,7.41368514667138e-05,0.0010631550616907923,0.0011372919131575061,1
2023-03-24T17:45:55Z,2023-03-24T17:46:00Z,9.053907024512411e-05,0.001020922862216852,0.0011114619324619761,1
2023-03-24T17:45:55Z,2023-03-24T17:46:00Z,0.00011523367571982315,0.0009723990192222968,0.00108763269494212,1
2023-03-24T17:45:55Z,2023-03-24T17:46:00Z,0.00012668645006505758,0.0009303904500298281,0.0010570769000948857,1
2023-03-24T17:45:55Z,2023-03-24T17:46:00Z,0.00011645508847662079,0.0009023705592333596,0.0010188256477099804,1
2023-03-24T17:45:55Z,2023-03-24T17:46:00Z,0.00010862622231331371,0.0008659445548430119,0.0009745707771563256,1
2023-03-24T17:45:55Z,2023-03-24T17:46:00Z,9.099449959622111e-05,0.0008440588432322737,0.0009350533428284948,1
2023-03-24T17:45:55Z,2023-03-24T17:46:00Z,5.634595149543633e-05,0.0008432225698732969,0.0008995685213687332,1
2023-03-24T17:45:55Z,2023-03-24T17:46:00Z,1.5026989021838075e-05,0.0008557643300810436,0.0008707913191028817,1
2023-03-24T17:45:55Z,2023-03-24T17:46:00Z,2.702940347358324e-05,0.0008781047261231107,0.0008510753226495275,1
2023-03-24T17:45:55Z,2023-03-24T17:46:00Z,4.9652755298200575e-05,0.0008973346696937388,0.0008476819143955382,1
2023-03-24T17:45:55Z,2023-03-24T17:46:00Z,5.2942037960194716e-05,0.0009119725799860118,0.0008590305420258171,1
2023-03-24T17:45:55Z,2023-03-24T17:46:00Z,4.594259523972241e-05,0.0009230105038723535,0.0008770679086326311,1
2023-03-24T17:46:55Z,2023-03-24T17:47:00Z,4.1791096435192195e-05,0.0009375950883694793,0.0008958039919342871,0
2023-03-24T17:46:55Z,2023-03-24T17:47:00Z,5.2061542190096803e-05,0.0009628341267074648,0.000910772584517368,0
2023-03-24T17:46:55Z,2023-03-24T17:47:00Z,6.63149792493159e-05,0.000990507703325264,0.0009241927240759481,0
2023-03-24T17:46:55Z,2023-03-24T17:47:00Z,7.430425906049536e-05,0.0010154508320435946,0.0009411465729830992,0
2023-03-24T17:46:55Z,2023-03-24T17:47:00Z,7.920903173554063e-05,0.0010428546712029432,0.0009636456394674026,0
2023-03-24T17:46:55Z,2023-03-24T17:47:00Z,8.294935016415908e-05,0.0010725469041896,0.000989597554025441,0
2023-03-24T17:46:55Z,2023-03-24T17:47:00Z,8.151169936002566e-05,0.001097782768217293,0.0010162710688572673,0
2023-03-24T17:46:55Z,2023-03-24T17:47:00Z,8.310070772535728e-05,0.0011267181768707367,0.0010436174691453794,0
2023-03-24T17:46:55Z,2023-03-24T17:47:00Z,0.00010039045878873368,0.0011714519066586791,0.0010710614478699454,0
2023-03-24T17:46:55Z,2023-03-24T17:47:00Z,0.00010795559815472634,0.0012069715479139363,0.00109901594975921,0
2023-03-24T17:46:55Z,2023-03-24T17:47:00Z,0.0001223692636068538,0.0012543535475224234,0.0011319842839155696,0
2023-03-24T17:46:55Z,2023-03-24T17:47:00Z,0.00014071502707715673,0.0013090955708916073,0.0011683805438144506,0
2023-03-24T17:47:55Z,2023-03-24T17:48:00Z,0.00018867964235755492,0.0013996053097225679,0.001210925667365013,0
2023-03-24T17:47:55Z,2023-03-24T17:48:00Z,0.00016203054632512258,0.0014188374351011114,0.0012568068887759889,0
2023-03-24T17:47:55Z,2023-03-24T17:48:00Z,7.178653517721147e-05,0.0013928046778894111,0.0013210181427121997,0
2023-03-24T17:47:55Z,2023-03-24T17:48:00Z,2.132716599548886e-05,0.00135451893924294,0.0013758461052384289,0
2023-03-24T17:47:55Z,2023-03-24T17:48:00Z,8.783664628203851e-05,0.0013159124946223251,0.0014037491409043636,0
2023-03-24T17:47:55Z,2023-03-24T17:48:00Z,0.000111675924977154,0.0012770444257673337,0.0013887203507444877,0
2023-03-24T17:47:55Z,2023-03-24T17:48:00Z,8.24860422974328e-05,0.001271925994954126,0.0013544120372515588,0
2023-03-24T17:47:55Z,2023-03-24T17:48:00Z,5.0239137707518665e-05,0.0012655861488366808,0.0013158252865441995,0
2023-03-24T17:47:55Z,2023-03-24T17:48:00Z,2.4462714253636105e-05,0.0012638315908609589,0.001288294305114595,0
2023-03-24T17:47:55Z,2023-03-24T17:48:00Z,1.5729536480441368e-05,0.0012557893200389387,0.00127151885651938,0
2023-03-24T17:47:55Z,2023-03-24T17:48:00Z,9.736497158130625e-06,0.0012573780810591247,0.0012671145782172553,0
2023-03-24T17:47:55Z,2023-03-24T17:48:00Z,9.233214042162884e-07,0.0012608123651746432,0.0012617356865788595,0
2023-03-24T17:47:55Z,2023-03-24T17:48:00Z,3.589156857574478e-06,0.0012625888208439152,0.0012589996639863407,0
2023-03-24T17:48:55Z,2023-03-24T17:49:00Z,1.2508450091221288e-05,0.0012705017055154569,0.0012579932554242356,0
2023-03-24T17:48:55Z,2023-03-24T17:49:00Z,8.722231020979326e-06,0.0012689819867135403,0.001260259755692561,0
2023-03-24T17:48:55Z,2023-03-24T17:49:00Z,5.7707662064103785e-06,0.0012704050633844154,0.001264634297178005,0
2023-03-24T17:48:55Z,2023-03-24T17:49:00Z,6.888115953762684e-06,0.0012742456203114001,0.0012673575043576375,0
2023-03-24T17:48:55Z,2023-03-24T17:49:00Z,2.1030427378551826e-06,0.0012720659612756593,0.001269962918537804,0
2023-03-24T17:48:55Z,2023-03-24T17:49:00Z,8.995925758484551e-06,0.0012802068158949366,0.001271210890136452,0
2023-03-24T17:48:55Z,2023-03-24T17:49:00Z,1.1817269156900664e-05,0.001284056150814059,0.0012722388816571583,0
2023-03-24T17:48:55Z,2023-03-24T17:49:00Z,5.057289651016865e-06,0.0012805634221450155,0.0012755061324939987,0
2023-03-24T17:48:55Z,2023-03-24T17:49:00Z,1.149369566866374e-05,0.0012902700049968819,0.0012787763093282181,0
2023-03-24T17:48:55Z,2023-03-24T17:49:00Z,1.118475098471454e-06,0.0012827272713831417,0.0012816087962846702,0
2023-03-24T17:48:55Z,2023-03-24T17:49:00Z,1.3557411570736238e-06,0.0012836074514949117,0.0012849631926519854,0
2023-03-24T17:48:55Z,2023-03-24T17:49:00Z,4.0960297110906665e-08,0.0012845611931387906,0.0012845202328416797,0
2023-03-24T17:49:55Z,2023-03-24T17:50:00Z,5.566214315912057e-06,0.001279968694975733,0.001285534909291645,0
2023-03-24T17:49:55Z,2023-03-24T17:50:00Z,2.8895795544938655e-06,0.0012865215515601085,0.0012836319720056146,0
2023-03-24T17:49:55Z,2023-03-24T17:50:00Z,8.840140095325074e-06,0.0012915525866318035,0.0012827124465364785,0
2023-03-24T17:49:55Z,2023-03-24T17:50:00Z,4.880354791610879e-06,0.0012788034584332664,0.0012836838132248773,0
2023-03-24T17:49:55Z,2023-03-24T17:50:00Z,6.239198351432182e-06,0.0012797750793711162,0.0012860142777225483,0
2023-03-24T17:49:55Z,2023-03-24T17:50:00Z,1.2125216952619047e-05,0.001273500648589107,0.001285625865541726,0
2023-03-24T17:49:55Z,2023-03-24T17:50:00Z,2.485124070627457e-06,0.0012858621655493562,0.0012833770414787287,0
2023-03-24T17:49:55Z,2023-03-24T17:50:00Z,1.967105171115876e-05,0.0012970307805089886,0.0012773597287978299,0
2023-03-24T17:49:55Z,2023-03-24T17:50:00Z,3.064266509828894e-05,0.0013103552962681487,0.0012797126311698598,0
2023-03-24T17:49:55Z,2023-03-24T17:50:00Z,4.207549268721387e-05,0.0013275400242363643,0.0012854645315491504,0
2023-03-24T17:49:55Z,2023-03-24T17:50:00Z,3.3637179554793116e-05,0.0013313865936636243,0.0012977494141088312,0
2023-03-24T17:49:55Z,2023-03-24T17:50:00Z,2.0435458188332615e-05,0.0013320774918594998,0.0013116420336711672,0
2023-03-24T17:50:55Z,2023-03-24T17:51:00Z,1.7046911182306635e-05,0.0013401408825716855,0.0013230939713893789,0
2023-03-24T17:50:55Z,2023-03-24T17:51:00Z,2.545907428251875e-05,0.0013557937775356818,0.001330334703253163,0
2023-03-24T17:50:55Z,2023-03-24T17:51:00Z,2.2275260792167578e-05,0.0013568102501571042,0.0013345349893649366,0
2023-03-24T17:50:55Z,2023-03-24T17:51:00Z,2.1256114917494453e-05,0.0013639268322397835,0.001342670717322289,0
2023-03-24T17:50:55Z,2023-03-24T17:51:00Z,2.3247451595719698e-05,0.001374162421683877,0.0013509149700881573,0
2023-03-24T17:50:55Z,2023-03-24T17:51:00Z,7.335134064586279e-06,0.0013661787540421096,0.0013588436199775233,0
2023-03-24T17:50:55Z,2023-03-24T17:51:00Z,1.5079000761409255e-05,0.0013800455021216642,0.001364966501360255,0
2023-03-24T17:50:55Z,2023-03-24T17:51:00Z,2.0822191622271204e-05,0.001388911527610861,0.0013680893359885899,0
2023-03-24T17:50:55Z,2023-03-24T17:51:00Z,2.8813281746955556e-05,0.0014022755076961723,0.0013734622259492168,0
2023-03-24T17:50:55Z,2023-03-24T17:51:00Z,3.361938035426537e-05,0.0014119979749458102,0.0013783785945915448,0
2023-03-24T17:50:55Z,2023-03-24T17:51:00Z,3.3129773198167616e-05,0.0014235406190077334,0.0013904108458095657,0
2023-03-24T17:50:55Z,2023-03-24T17:51:00Z,2.5288720760061273e-05,0.0014263503908443424,0.0014010616700842811,0
2023-03-24T17:51:55Z,2023-03-24T17:52:00Z,2.7183314443038516e-05,0.0014397880149929437,0.0014126047005499052,0
2023-03-24T17:51:55Z,2023-03-24T17:52:00Z,2.6483272990703932e-05,0.001447112934589999,0.0014206296615992952,0
2023-03-24T17:51:55Z,2023-03-24T17:52:00Z,1.29027887337057e-05,0.0014427957970153788,0.001429893008281673,0
2023-03-24T17:51:55Z,2023-03-24T17:52:00Z,1.0583265046396279e-05,0.0014483337118554917,0.0014377504468090954,0
2023-03-24T17:51:55Z,2023-03-24T17:52:00Z,2.7796772799933925e-05,0.0014710290216660414,0.0014432322488661074,0
2023-03-24T17:51:55Z,2023-03-24T17:52:00Z,1.0376821876622406e-05,0.001456457636363579,0.0014460808144869566,0
2023-03-24T17:51:55Z,2023-03-24T17:52:00Z,5.3639135202576856e-06,0.0014594167570325617,0.001454052843512304,0
2023-03-24T17:51:55Z,2023-03-24T17:52:00Z,1.0890847347347615e-06,0.0014596958746964388,0.001458606789961704,0
2023-03-24T17:51:55Z,2023-03-24T17:52:00Z,1.3973119480765149e-05,0.0014483280188732955,0.0014623011383540607,0
2023-03-24T17:51:55Z,2023-03-24T17:52:00Z,1.811174395880766e-05,0.001440411678738719,0.0014585234226975267,0
2023-03-24T17:51:55Z,2023-03-24T17:52:00Z,7.5076646988206375e-06,0.0014483058855019448,0.0014558135502007654,0
2023-03-24T17:51:55Z,2023-03-24T17:52:00Z,3.05552222522364e-06,0.0014525340463280416,0.001449478524102818,0
2023-03-24T17:52:55Z,2023-03-24T17:53:00Z,2.0129277962165678e-05,0.0014658111390001521,0.0014456818610379864,0
2023-03-24T17:52:55Z,2023-03-24T17:53:00Z,5.723241656254482e-07,0.0014465115460239428,0.0014470838701895682,0
2023-03-24T17:52:55Z,2023-03-24T17:53:00Z,7.203934268713722e-06,0.0014483464226746655,0.0014555503569433793,0
2023-03-24T17:52:55Z,2023-03-24T17:53:00Z,4.034087939727314e-06,0.0014509181558443184,0.0014549522437840457,0
2023-03-24T17:52:55Z,2023-03-24T17:53:00Z,7.782052946687414e-08,0.001453634189762387,0.0014535563692329202,0
2023-03-24T17:52:55Z,2023-03-24T17:53:00Z,8.15777680400801e-06,0.0014567498183183168,0.0014485920415143088,0
2023-03-24T17:52:55Z,2023-03-24T17:53:00Z,1.8271029908515594e-06,0.0014491391531029386,0.0014509662560937902,0
2023-03-24T17:52:55Z,2023-03-24T17:53:00Z,1.2430903045088483e-05,0.0014413364849299188,0.0014537673879750073,0
2023-03-24T17:52:55Z,2023-03-24T17:53:00Z,8.426694245836563e-06,0.0014447476928153777,0.0014531743870612142,0
2023-03-24T17:52:55Z,2023-03-24T17:53:00Z,1.3235272624208478e-05,0.0014358398794928496,0.001449075152117058,0
2023-03-24T17:52:55Z,2023-03-24T17:53:00Z,6.9504515751222726e-06,0.0014520248951912006,0.0014450744436160783,0
2023-03-24T17:52:55Z,2023-03-24T17:53:00Z,6.890984954239978e-06,0.0014475323373669554,0.0014406413524127154,0
2023-03-24T17:53:55Z,2023-03-24T17:54:00Z,1.614291021171158e-05,0.0014603470660448541,0.0014442041558331425,0
2023-03-24T17:53:55Z,2023-03-24T17:54:00Z,2.1111829463524865e-05,0.0014662442001471933,0.0014451323706836685,0
2023-03-24T17:53:55Z,2023-03-24T17:54:00Z,9.233723137071692e-06,0.0014625351560047417,0.00145330143286767,0
2023-03-24T17:53:55Z,2023-03-24T17:54:00Z,8.717660124564703e-06,0.0014493235410617696,0.0014580412011863343,0
2023-03-24T17:53:55Z,2023-03-24T17:54:00Z,2.215319990518075e-05,0.0014408889408270825,0.0014630421407322632,0
2023-03-24T17:53:55Z,2023-03-24T17:54:00Z,1.772927354996281e-05,0.0014416383588546054,0.0014593676324045682,0
2023-03-24T17:53:55Z,2023-03-24T17:54:00Z,1.0242439855858267e-05,0.0014406734394420062,0.0014509158792978644,0
2023-03-24T17:53:55Z,2023-03-24T17:54:00Z,1.7290423299437486e-05,0.0014266598569483817,0.0014439502802478191,0
2023-03-24T17:53:55Z,2023-03-24T17:54:00Z,2.2621404131986352e-05,0.001418445508909245,0.0014410669130412313,0
2023-03-24T17:53:55Z,2023-03-24T17:54:00Z,3.004708124601193e-05,0.0014062768038356523,0.0014363238850816642,0
2023-03-24T17:53:55Z,2023-03-24T17:54:00Z,2.7576220602449145e-05,0.0014010167144974286,0.0014285929350998778,0
2023-03-24T17:53:55Z,2023-03-24T17:54:00Z,5.936558536192779e-06,0.001411190831361567,0.0014171273898977597,0
2023-03-24T17:54:55Z,2023-03-24T17:55:00Z,5.938442529135118e-06,0.0014026412332183067,0.0014085796757474418,0
2023-03-24T17:54:55Z,2023-03-24T17:55:00Z,2.1716310560301617e-06,0.001403989818842186,0.001406161449898216,0
2023-03-24T17:54:55Z,2023-03-24T17:55:00Z,7.2446915160080845e-06,0.0013977049015097595,0.0014049495930257676,0
2023-03-24T17:54:55Z,2023-03-24T17:55:00Z,1.1377256907240405e-05,0.0013945633709001128,0.0014059406278073533,0
2023-03-24T17:54:55Z,2023-03-24T17:55:00Z,1.3575373706623635e-05,0.0013878699441501271,0.0014014453178567508,0
2023-03-24T17:54:55Z,2023-03-24T17:55:00Z,6.6335286391763e-06,0.001392119168444843,0.0013987526970840193,0
2023-03-24T17:54:55Z,2023-03-24T17:55:00Z,4.164515831649607e-06,0.0013975439213516493,0.0013933794055199997,0
2023-03-24T17:54:55Z,2023-03-24T17:55:00Z,3.84673192517157e-06,0.0013953642264235326,0.001391517494498361,0
2023-03-24T17:54:55Z,2023-03-24T17:55:00Z,5.928165890824828e-06,0.0013865828454247147,0.0013925110113155396,0
2023-03-24T17:54:55Z,2023-03-24T17:55:00Z,1.3848242803175034e-06,0.0013963939296869924,0.001395009105406675,0
2023-03-24T17:54:55Z,2023-03-24T17:55:00Z,1.5822606752661757e-05,0.0013773410576473038,0.0013931636643999656,0
2023-03-24T17:54:55Z,2023-03-24T17:55:00Z,2.8195028769666727e-06,0.001389960830968113,0.0013927803338450798,0
2023-03-24T17:55:55Z,2023-03-24T17:56:00Z,2.6816364973552935e-06,0.0013840909744223151,0.0013867726109196704,0
2023-03-24T17:55:55Z,2023-03-24T17:56:00Z,2.024965426605384e-05,0.0013676489518347494,0.0013878986061008033,0
2023-03-24T17:55:55Z,2023-03-24T17:56:00Z,1.5857780466869498e-05,0.0013679398405457078,0.0013837976210125773,0
2023-03-24T17:55:55Z,2023-03-24T17:56:00Z,1.509094852676033e-05,0.0013654759705482992,0.0013805669190750595,0
2023-03-24T17:55:55Z,2023-03-24T17:56:00Z,1.6961880263438762e-06,0.0013715304009079136,0.0013732265889342574,0
2023-03-24T17:55:55Z,2023-03-24T17:56:00Z,9.313940966022708e-06,0.0013763355286089416,0.0013670215876429189,0
2023-03-24T17:55:55Z,2023-03-24T17:56:00Z,8.35370630442164e-06,0.0013766691103050618,0.0013683154040006402,0
2023-03-24T17:55:55Z,2023-03-24T17:56:00Z,1.5979012595985186e-05,0.0013870929792843699,0.0013711139666883847,0
2023-03-24T17:55:55Z,2023-03-24T17:56:00Z,1.0323081122304636e-05,0.001385168094396277,0.0013748450132739724,0
2023-03-24T17:55:55Z,2023-03-24T17:56:00Z,2.0201784817620687e-06,0.0013780123609176958,0.0013800325393994578,0
2023-03-24T17:55:55Z,2023-03-24T17:56:00Z,5.937796878024201e-06,0.0013770389311172121,0.0013829767279952363,0
2023-03-24T17:55:55Z,2023-03-24T17:56:00Z,1.8191379232292788e-05,0.0013652330989671548,0.0013834244781994476,0
2023-03-24T17:56:55Z,2023-03-24T17:57:00Z,8.140398414063039e-06,0.0013719327303963317,0.0013800731288103947,0
2023-03-24T17:56:55Z,2023-03-24T17:57:00Z,1.668645119084415e-05,0.001390114581524865,0.0013734281303340208,0
2023-03-24T17:56:55Z,2023-03-24T17:57:00Z,2.8588499752040062e-05,0.0013999900865789398,0.0013714015868268997,0
2023-03-24T17:56:55Z,2023-03-24T17:57:00Z,1.1367574447133065e-05,0.001387127711409917,0.001375760136962784,0
2023-03-24T17:56:55Z,2023-03-24T17:57:00Z,1.550735228614459e-05,0.0014028531517861899,0.0013873457995000453,0
2023-03-24T17:56:55Z,2023-03-24T17:57:00Z,7.772551459982353e-06,0.001400183344631223,0.0013924107931712407,0
2023-03-24T17:56:55Z,2023-03-24T17:57:00Z,1.6998385662730323e-06,0.0013949571446920756,0.0013966569832583487,0
2023-03-24T17:56:55Z,2023-03-24T17:57:00Z,8.48214705923109e-06,0.0013882392555498789,0.00139672140260911,0
2023-03-24T17:56:55Z,2023-03-24T17:57:00Z,4.43460127066541e-06,0.0013948966124324976,0.001399331213703163,0
2023-03-24T17:56:55Z,2023-03-24T17:57:00Z,3.343514276041293e-06,0.0013978034292337672,0.001394459914957726,0
2023-03-24T17:56:55Z,2023-03-24T17:57:00Z,5.256986114479277e-06,0.0013979546570059634,0.0013926976708914841,0
2023-03-24T17:56:55Z,2023-03-24T17:57:00Z,1.2816417439911326e-05,0.0014064628498452927,0.0013936464324053814,0
2023-03-24T17:57:55Z,2023-03-24T17:58:00Z,1.4971156691928654e-05,0.001411856056249338,0.0013968848995574094,0
2023-03-24T17:57:55Z,2023-03-24T17:58:00Z,1.4123798118344634e-05,0.0014148641101466857,0.001400740312028341,0
2023-03-24T17:57:55Z,2023-03-24T17:58:00Z,3.1545238778410683e-06,0.0014085790449113724,0.0014054245210335314,0
2023-03-24T17:57:55Z,2023-03-24T17:58:00Z,2.1545034736448077e-06,0.0014089065019401276,0.0014110610054137724,0
2023-03-24T17:57:55Z,2023-03-24T17:58:00Z,5.608952059495305e-06,0.0014173753558286274,0.0014117664037691321,0
2023-03-24T17:57:55Z,2023-03-24T17:58:00Z,4.9368274169096e-06,0.0014058463915824857,0.0014107832189993953,0
2023-03-24T17:57:55Z,2023-03-24T17:58:00Z,6.7186429435503545e-06,0.0014049016579498255,0.001411620300893376,0
2023-03-24T17:57:55Z,2023-03-24T17:58:00Z,1.0626170222839204e-05,0.0014213355866732529,0.0014107094164504137,0
2023-03-24T17:57:55Z,2023-03-24T17:58:00Z,2.9141645182658056e-05,0.0014385161136363043,0.0014093744684536462,0
2023-03-24T17:57:55Z,2023-03-24T17:58:00Z,2.4655805562003768e-05,0.0014353503509638584,0.0014106945454018546,0
2023-03-24T17:57:55Z,2023-03-24T17:58:00Z,2.4967426027239182e-05,0.0014465518787803667,0.0014215844527531276,0
2023-03-24T17:57:55Z,2023-03-24T17:58:00Z,1.0446445902509904e-05,0.0014421804629936486,0.0014317340170911387,0
2023-03-24T17:58:55Z,2023-03-24T17:59:00Z,4.432282430900459e-06,0.0014357071653626093,0.0014401394477935097,0
2023-03-24T17:58:55Z,2023-03-24T17:59:00Z,3.5163835431194224e-06,0.0014378445140361719,0.0014413608975792913,0
2023-03-24T17:58:55Z,2023-03-24T17:59:00Z,6.658537994187275e-06,0.001434821297718021,0.0014414798357122083,0
2023-03-24T17:58:55Z,2023-03-24T17:59:00Z,7.182235879632775e-07,0.0014392956043854399,0.0014385773807974766,0
2023-03-24T17:58:55Z,2023-03-24T17:59:00Z,1.096987388969758e-06,0.0014372213130945705,0.0014361243257056007,0
2023-03-24T17:58:55Z,2023-03-24T17:59:00Z,1.521463967454114e-05,0.001422105832372003,0.0014373204720465442,0
2023-03-24T17:58:55Z,2023-03-24T17:59:00Z,9.385468160382849e-06,0.0014277272702389607,0.0014371127383993436,0
2023-03-24T17:58:55Z,2023-03-24T17:59:00Z,1.6094082293275844e-06,0.0014344836581799986,0.001432874249950671,0
2023-03-24T17:58:55Z,2023-03-24T17:59:00Z,1.0964309496252003e-05,0.0014399824480647635,0.0014290181385685115,0
2023-03-24T17:58:55Z,2023-03-24T17:59:00Z,1.1521948238380625e-05,0.0014396275351687014,0.0014281055869303208,0
2023-03-24T17:58:55Z,2023-03-24T17:59:00Z,1.428868876569801e-05,0.0014483531475936056,0.0014340644588279076,0